1.000000000 0.000000000 0.000000000 0.000000000 0.000000000 1.000000000 0.000000000 0.000000000 0.000000000 0.000000000 1.000000000 0.000000000
0.999990702 -0.002562932 -0.003470457 -0.000858180 0.002554146 0.999993503 -0.002533875 0.001668055 0.003476929 0.002524988 0.999990761 0.682549477
0.999973655 -0.001254773 -0.007144638 -0.016555587 0.001227898 0.999992132 -0.003764709 -0.006849093 0.007149307 0.003755838 0.999967337 1.376567841
0.999938309 -0.001172380 -0.011045785 -0.031888977 0.001116537 0.999986529 -0.005060368 -0.011092701 0.011051569 0.005047724 0.999926209 2.090509653
0.999873459 0.000143642 -0.015905621 -0.050704099 -0.000240448 0.999981523 -0.006084534 -0.009255894 0.015904449 0.006087588 0.999854982 2.829374790
0.999796331 -0.000589695 -0.020172909 -0.071810767 0.000466649 0.999981284 -0.006103730 -0.021183886 0.020176131 0.006093074 0.999777853 3.575898886
0.999699652 0.001089624 -0.024484083 -0.100195207 -0.001266331 0.999973238 -0.007202856 -0.031971917 0.024475582 0.007231697 0.999674261 4.339077950
0.999556720 0.003591435 -0.029552173 -0.125063211 -0.003822978 0.999962389 -0.007782315 -0.040877193 0.029523110 0.007891844 0.999532938 5.115014076
0.999415457 0.003685361 -0.033987988 -0.153350323 -0.003882421 0.999976039 -0.005733750 -0.054181952 0.033966042 0.005862355 0.999405801 5.914392948
0.999261618 0.003061324 -0.038300365 -0.188161448 -0.003199172 0.999988556 -0.003538365 -0.056555215 0.038289100 0.003658282 0.999259949 6.719668865
0.999116719 0.002963768 -0.041916087 -0.223946661 -0.003002238 0.999995112 -0.000854869 -0.066753335 0.041913349 0.000979956 0.999120772 7.539618015
0.998988867 0.004335231 -0.044747919 -0.263123125 -0.004389560 0.999989748 -0.001115949 -0.078537211 0.044742621 0.001311244 0.998997629 8.365257263
0.998929560 0.003693359 -0.046109222 -0.320882708 -0.003760365 0.999992013 -0.001366555 -0.085933127 0.046103824 0.001538480 0.998935461 9.182984352
0.998855114 0.000844228 -0.047830667 -0.356659412 -0.000942919 0.999997437 -0.002040836 -0.088348776 0.047828823 0.002083600 0.998853385 10.023512840
0.998726189 0.001042977 -0.050446220 -0.392824948 -0.001111764 0.999998510 -0.001335538 -0.099837974 0.050444756 0.001389921 0.998725891 10.874718666
0.998639882 -0.000526698 -0.052134149 -0.435054749 0.000448749 0.999998808 -0.001506848 -0.109755211 0.052134879 0.001481404 0.998639047 11.740186691
0.998545706 0.001870521 -0.053879194 -0.486703813 -0.002087913 0.999989986 -0.003978800 -0.116771474 0.053871214 0.004085509 0.998539448 12.597522736
0.998461366 0.001902209 -0.055418830 -0.532652080 -0.002254528 0.999977708 -0.006295562 -0.129666910 0.055405617 0.006410819 0.998443365 13.469819069
0.998356044 0.006356793 -0.056962907 -0.596455634 -0.006838317 0.999942422 -0.008262358 -0.138203666 0.056907106 0.008638305 0.998342097 14.351392746
0.998257637 0.007305071 -0.058550801 -0.647293746 -0.007790708 0.999937057 -0.008070304 -0.150839075 0.058488160 0.008512395 0.998251796 15.251794815
0.998209894 0.006242578 -0.059481297 -0.706329346 -0.006628781 0.999958217 -0.006297746 -0.166915998 0.059439491 0.006680760 0.998209536 16.153274536
0.998112619 0.007128072 -0.060994901 -0.760872602 -0.007434533 0.999960780 -0.004798902 -0.179065168 0.060958307 0.005243313 0.998126447 17.054817200
0.998062134 0.006524791 -0.061881892 -0.817398548 -0.006825748 0.999965906 -0.004653256 -0.197811246 0.061849419 0.005066629 0.998072624 17.938558578
0.997950315 0.006670564 -0.063644782 -0.874475956 -0.007044449 0.999959230 -0.005651948 -0.207712412 0.063604489 0.006088706 0.997956634 18.851516724
0.997894883 0.005314364 -0.064634070 -0.939200759 -0.005709040 0.999966204 -0.005923155 -0.226530075 0.064600408 0.006279686 0.997891426 19.772188187
0.997874439 0.004371563 -0.065019444 -0.997003198 -0.004680272 0.999978423 -0.004596392 -0.228451356 0.064997979 0.004890930 0.997873366 20.678766251
0.997879446 0.005208090 -0.064881340 -1.063751578 -0.005309912 0.999984980 -0.001397017 -0.236169681 0.064873107 0.001738568 0.997892022 21.622200012
0.997926176 0.006811746 -0.064007111 -1.131222129 -0.006653010 0.999974191 0.002692787 -0.251877844 0.064023823 -0.002261363 0.997945845 22.563678741
0.998011351 0.005491591 -0.062794670 -1.186475039 -0.005163237 0.999972105 0.005390076 -0.260896504 0.062822521 -0.005055133 0.998011827 23.485153198
0.998106897 0.005784733 -0.061230544 -1.245577097 -0.005412588 0.999965847 0.006241878 -0.267302483 0.061264563 -0.005898646 0.998104095 24.435909271
0.998177350 0.006278641 -0.060019828 -1.301903367 -0.006079088 0.999975443 0.003506786 -0.277801305 0.060040370 -0.003135530 0.998190939 25.388458252
0.998246670 0.006725757 -0.058807731 -1.361755371 -0.006820762 0.999975681 -0.001414946 -0.281197488 0.058796786 0.001813579 0.998268306 26.313302994
0.998328805 0.006413809 -0.057431862 -1.420605540 -0.006673085 0.999968410 -0.004323853 -0.289906681 0.057402309 0.004699875 0.998340070 27.272562027
0.998378575 0.003563511 -0.056811564 -1.473866224 -0.003760609 0.999987423 -0.003362799 -0.297751516 0.056798860 0.003570993 0.998379171 28.227685928
0.998412549 0.002277959 -0.056277417 -1.540250063 -0.002200140 0.999996603 0.001444702 -0.308811516 0.056280512 -0.001318590 0.998414099 29.207609177
0.998365700 -0.002121687 -0.057110608 -1.594764471 0.002420585 0.999983788 0.005164978 -0.319261014 0.057098713 -0.005294777 0.998354435 30.193153381
0.998192847 -0.009021486 -0.059412535 -1.616606712 0.009279636 0.999948621 0.004070538 -0.323080897 0.059372764 -0.004614509 0.998225212 31.168518066
0.998070240 -0.011045194 -0.061104558 -1.671707392 0.011084556 0.999938488 0.000305253 -0.331465036 0.061097439 -0.000981982 0.998131335 32.149757385
0.998022079 -0.010434715 -0.061991952 -1.740144491 0.010212576 0.999940217 -0.003899116 -0.338472933 0.062028937 0.003258307 0.998068988 33.139560699
0.997878551 -0.010309148 -0.064280942 -1.802847981 0.010063212 0.999940753 -0.004148499 -0.351349622 0.064319894 0.003492825 0.997923195 34.125698090
0.997828305 -0.010358899 -0.065048121 -1.869521618 0.010199535 0.999944091 -0.002781530 -0.364717424 0.065073304 0.002112029 0.997878194 35.129745483
0.997797847 -0.007302084 -0.065925166 -1.936397195 0.007340111 0.999972999 0.000334640 -0.385734737 0.065920942 -0.000817801 0.997824430 36.111480713
0.997704327 -0.006988185 -0.067357913 -2.019408464 0.007077644 0.999974370 0.001089547 -0.386656433 0.067348562 -0.001563782 0.997728288 37.122920990
0.997630954 -0.005809593 -0.068546832 -2.086351156 0.006072801 0.999974966 0.003632071 -0.394343048 0.068524018 -0.004039738 0.997641265 38.133552551
0.997646511 -0.005698262 -0.068329573 -2.159067869 0.006173674 0.999958158 0.006748489 -0.404388517 0.068288267 -0.007154451 0.997640014 39.138145447
0.997658908 0.000067032 -0.068386659 -2.241535187 0.000545034 0.999959946 0.008931381 -0.406745136 0.068384498 -0.008947742 0.997618914 40.111267090
0.997635961 0.000063748 -0.068720840 -2.312789440 0.000527909 0.999962926 0.008591379 -0.415125251 0.068718821 -0.008607345 0.997598946 41.116580963
0.997608125 -0.000039074 -0.069123216 -2.372732401 0.000519516 0.999975741 0.006932566 -0.420485049 0.069121271 -0.006951895 0.997584045 42.118350983
0.997632742 0.002720067 -0.068714350 -2.463563919 -0.002416780 0.999987006 0.004496480 -0.426419318 0.068725690 -0.004319769 0.997626185 43.110637665
0.997527242 0.001558005 -0.070263855 -2.517412186 -0.001256097 0.999989808 0.004340752 -0.420293033 0.070269898 -0.004241759 0.997519016 44.091255188
0.997445285 -0.000129328 -0.071433626 -2.588644981 0.000539446 0.999983490 0.005721976 -0.431175351 0.071431696 -0.005745893 0.997429013 45.090866089
0.997361958 0.000063372 -0.072588801 -2.658878565 0.000431022 0.999976814 0.006795194 -0.436593264 0.072587542 -0.006808556 0.997338831 46.093017578
0.997307777 0.002055122 -0.073300719 -2.728771448 -0.001789793 0.999991655 0.003685232 -0.454185665 0.073307678 -0.003544117 0.997303128 47.073692322
0.997284353 0.002848980 -0.073592059 -2.814866066 -0.002931927 0.999995172 -0.001019113 -0.455647290 0.073588789 0.001232112 0.997287929 48.029571533
0.997237861 0.003599881 -0.074186675 -2.892369032 -0.003758242 0.999990880 -0.001995148 -0.469041884 0.074178815 0.002268448 0.997242451 49.006587982
0.997232735 0.002237116 -0.074307904 -2.964557171 -0.002133206 0.999996603 0.001477706 -0.483649075 0.074310951 -0.001315103 0.997234225 49.988887787
0.997251213 0.000909450 -0.074088752 -3.047311306 -0.000600989 0.999991059 0.004185598 -0.487891912 0.074091904 -0.004129566 0.997242808 50.934505463
0.997224987 -0.000648917 -0.074444205 -3.117388248 0.001011766 0.999987781 0.004836499 -0.499202907 0.074440151 -0.004898398 0.997213423 51.909458160
0.997213781 -0.003869973 -0.074495673 -3.188662052 0.004156297 0.999984562 0.003688849 -0.509020746 0.074480243 -0.003988197 0.997214496 52.872051239
0.997137487 -0.006684114 -0.075313181 -3.258192539 0.006859735 0.999974370 0.002073430 -0.514880836 0.075297378 -0.002584122 0.997157753 53.845294952
0.997097015 -0.008424656 -0.075674295 -3.335950136 0.008711230 0.999956071 0.003457647 -0.527128577 0.075641856 -0.004106826 0.997126579 54.769950867
0.996961296 -0.011917284 -0.076981761 -3.402112961 0.012536875 0.999892712 0.007570278 -0.532227457 0.076883286 -0.008512385 0.997003734 55.729930878
0.996895194 -0.012565295 -0.077731036 -3.474382639 0.013598544 0.999825835 0.012777584 -0.542096555 0.077556960 -0.013794940 0.996892512 56.691387177
0.996874928 -0.011155160 -0.078204542 -3.557942867 0.012342374 0.999815583 0.014713995 -0.539493382 0.078025967 -0.015633244 0.996828735 57.643321991
0.996781528 -0.009921209 -0.079549439 -3.635664225 0.010825364 0.999881506 0.010942750 -0.548157930 0.079431452 -0.011768683 0.996770859 58.555564880
0.996676624 -0.008359313 -0.081029318 -3.713249207 0.008640564 0.999957800 0.003120958 -0.552271724 0.080999807 -0.003810726 0.996706903 59.484127045
0.996627688 -0.006572067 -0.081792675 -3.794471741 0.006465774 0.999977827 -0.001564366 -0.561887741 0.081801146 0.001030236 0.996648073 60.407684326
0.996552110 -0.002161911 -0.082940586 -3.876523972 0.002082379 0.999997258 -0.001045382 -0.566286445 0.082942627 0.000869066 0.996553957 61.317302704
0.996526659 0.001251447 -0.083265148 -3.973597050 -0.001128263 0.999998212 0.001526453 -0.586939931 0.083266892 -0.001427206 0.996526241 62.194217682
0.996406376 0.003753692 -0.084618457 -4.049130440 -0.003506319 0.999989212 0.003071827 -0.600964665 0.084629081 -0.002764089 0.996408641 63.078205109
0.996300817 0.004960184 -0.085790463 -4.129818916 -0.004719674 0.999984384 0.003006056 -0.615373373 0.085804023 -0.002590033 0.996308565 63.945163727
0.996179223 0.006619473 -0.087081052 -4.211008072 -0.006303080 0.999972522 0.003907779 -0.628510356 0.087104544 -0.003343969 0.996193528 64.778533936
0.996052623 0.007413851 -0.088453531 -4.288973808 -0.007034671 0.999964654 0.004597740 -0.641737461 0.088484496 -0.003957350 0.996069729 65.627487183
0.995914400 0.007317080 -0.090004683 -4.366475105 -0.006903071 0.999964178 0.004910287 -0.649204731 0.090037376 -0.004268918 0.995929241 66.453674316
0.995810032 0.006995093 -0.091178246 -4.440884590 -0.006457143 0.999959946 0.006193644 -0.662119150 0.091217943 -0.005578942 0.995815337 67.252647400
0.995670021 0.009596808 -0.092461064 -4.520667076 -0.008805514 0.999920964 0.008962298 -0.668960333 0.092539780 -0.008109325 0.995675981 68.051826477
0.995538831 0.011271734 -0.093676940 -4.597112656 -0.010105795 0.999865532 0.012911483 -0.671954453 0.093809888 -0.011907202 0.995518863 68.833854675
0.995354295 0.014265578 -0.095217668 -4.680116653 -0.012923078 0.999808431 0.014701123 -0.676746249 0.095409155 -0.013402320 0.995347857 69.606079102
0.995177925 0.016725799 -0.096649095 -4.758817196 -0.015765002 0.999818504 0.010696229 -0.684643745 0.096810468 -0.009120976 0.995261073 70.354919434
0.995001376 0.017289864 -0.098353282 -4.829243660 -0.017066874 0.999849558 0.003108216 -0.689958930 0.098392218 -0.001414096 0.995146692 71.087074280
0.994950056 0.016148053 -0.099063836 -4.919496536 -0.016504824 0.999859929 -0.002782912 -0.695341408 0.099005006 0.004403890 0.995077193 71.779090881
0.994917810 0.017132919 -0.099222310 -5.001926422 -0.017611124 0.999837160 -0.003945611 -0.700724244 0.099138543 0.005672975 0.995057464 72.480331421
0.994777858 0.019735625 -0.100138672 -5.071531296 -0.019882746 0.999802232 -0.000471252 -0.709751189 0.100109585 0.002459822 0.994973421 73.155319214
0.994618177 0.020110531 -0.101637475 -5.134385586 -0.020003021 0.999797761 0.002076921 -0.734349012 0.101658680 -0.000032686 0.994819283 73.807884216
0.994644582 0.016750403 -0.101987645 -5.214237213 -0.016990045 0.999854565 -0.001481467 -0.740597904 0.101948000 0.003206308 0.994784474 74.426628113
0.994691253 0.008969066 -0.102514088 -5.252695560 -0.009689041 0.999931753 -0.006527401 -0.754891515 0.102448568 0.007486011 0.994710147 75.031692505
0.994823337 0.004844067 -0.101503842 -5.308293343 -0.006018718 0.999918342 -0.011269425 -0.766428232 0.101440981 0.011822011 0.994771302 75.630584717
0.995083570 0.007320983 -0.098768756 -5.359323502 -0.008516854 0.999895334 -0.011691581 -0.776936948 0.098672844 0.012475299 0.995041728 76.210052490
0.995482206 0.012224807 -0.094158694 -5.429038525 -0.013053660 0.999881268 -0.008191817 -0.798108339 0.094047405 0.009383923 0.995523512 76.771072388
0.995938301 0.010584174 -0.089415029 -5.479199886 -0.011144490 0.999921203 -0.005769554 -0.798920870 0.089346923 0.006742603 0.995977759 77.328201294
0.996462107 0.006984047 -0.083752476 -5.513542175 -0.007092942 0.999974370 -0.001002718 -0.820848882 0.083743311 0.001593222 0.996486127 77.861282349
0.997052073 0.002785983 -0.076677144 -5.520735741 -0.002593888 0.999993265 0.002604726 -0.834898889 0.076683886 -0.002398156 0.997052550 78.383903503
0.997828424 0.006387324 -0.065555483 -5.559571743 -0.006233862 0.999977410 0.002545237 -0.844324946 0.065570265 -0.002131046 0.997845650 78.897315979
0.998656392 0.011377486 -0.050557278 -5.585883141 -0.011304106 0.999934614 0.001737169 -0.849950254 0.050573744 -0.001163330 0.998719692 79.404945374
0.999349952 0.016559420 -0.032022495 -5.604690552 -0.016505532 0.999861896 0.001946483 -0.849031925 0.032050304 -0.001416670 0.999485254 79.893318176
0.999836445 0.015082141 -0.009980448 -5.592373848 -0.015056041 0.999883056 0.002685265 -0.857325315 0.010019787 -0.002534560 0.999946594 80.370979309
0.999791384 0.011525726 0.016861856 -5.572817326 -0.011587659 0.999926448 0.003579850 -0.865774512 -0.016819365 -0.003774493 0.999851465 80.834945679
0.998919368 0.009916048 0.045406856 -5.519012451 -0.010161560 0.999934912 0.005179322 -0.875645280 -0.045352541 -0.005635129 0.998955071 81.267524719
0.996850669 0.009339816 0.078750372 -5.462410450 -0.009887838 0.999929547 0.006571913 -0.881454706 -0.078683436 -0.007329887 0.996872723 81.718376160
0.993137419 0.009425194 0.116573259 -5.387485504 -0.010306275 0.999922633 0.006957693 -0.887640655 -0.116498664 -0.008111380 0.993157685 82.163475037
0.987324297 0.009575404 0.158426866 -5.298270226 -0.010792753 0.999918401 0.006825366 -0.889788687 -0.158348605 -0.008448712 0.987347066 82.590850830
0.978968382 0.009133348 0.203807592 -5.195468903 -0.010726125 0.999919951 0.006711826 -0.897856474 -0.203729957 -0.008756732 0.978987992 82.985778809
0.967818677 0.011630194 0.251379520 -5.056314468 -0.013313522 0.999898911 0.004996661 -0.905713320 -0.251295984 -0.008182607 0.967875719 83.346603394
0.952332079 0.012960424 0.304787874 -4.909601212 -0.014343123 0.999894500 0.002297854 -0.915396929 -0.304726005 -0.006559929 0.952417552 83.724166870
0.932785809 0.013276269 0.360186607 -4.731760025 -0.014136497 0.999900103 -0.000246034 -0.916996300 -0.360153884 -0.004862280 0.932880282 84.079887390
0.908326149 0.013540011 0.418043524 -4.542577744 -0.014154711 0.999898434 -0.001630319 -0.927841663 -0.418023169 -0.004436424 0.908425570 84.428833008
0.879467726 0.014345728 0.475742340 -4.327198029 -0.013876229 0.999893665 -0.004499296 -0.924057603 -0.475756288 -0.002644521 0.879573286 84.747161865
0.845886290 0.011981001 0.533228636 -4.084289551 -0.010492867 0.999927998 -0.005821831 -0.941847920 -0.533260107 -0.000670489 0.845951200 85.065223694
0.809568286 0.012476194 0.586893082 -3.819957733 -0.009289388 0.999921203 -0.008442450 -0.938966274 -0.586952209 0.001382862 0.809620380 85.344314575
0.769088328 0.010969779 0.639048278 -3.549308777 -0.008315329 0.999939859 -0.007157357 -0.952190578 -0.639088452 0.000190743 0.769133210 85.621810913
0.726132333 0.010800960 0.687470078 -3.265304565 -0.010325770 0.999935150 -0.004803676 -0.963399768 -0.687477469 -0.003610555 0.726196706 85.868133545
0.681492090 0.009058190 0.731769323 -2.963001251 -0.009123313 0.999950826 -0.003881384 -0.976685464 -0.731768548 -0.004031031 0.681541145 86.082885742
0.635724187 0.007805160 0.771876812 -2.638401031 -0.004651002 0.999969482 -0.006281011 -0.972543716 -0.771902204 0.000402989 0.635741055 86.280746460
0.592341781 0.003934553 0.805677116 -2.291217804 0.002218995 0.999976337 -0.006514848 -0.984654903 -0.805683613 0.005646811 0.592319071 86.422668457
0.542785168 0.007776331 0.839835525 -1.972797394 -0.001797150 0.999965608 -0.008097533 -0.995273709 -0.839869618 0.002885911 0.542780459 86.629440308
0.495605290 0.010467975 0.868484735 -1.632411957 -0.005476193 0.999945164 -0.008927468 -1.005549312 -0.868530571 -0.000331488 0.495635480 86.787330627
0.449864566 0.012537750 0.893008828 -1.289005280 -0.006118640 0.999921262 -0.010956448 -1.014551282 -0.893075824 -0.000535081 0.449905872 86.926429749
0.407687694 0.010478869 0.913061440 -0.939096451 0.000986576 0.999928534 -0.011916324 -1.016138792 -0.913120866 0.005758943 0.407648265 87.033683777
0.367799401 0.002647594 0.929901361 -0.562870026 0.016049396 0.999828935 -0.009194631 -1.024028540 -0.929766595 0.018306138 0.367694020 87.133506775
0.332572758 -0.000669771 0.943077326 -0.202079773 0.020181168 0.999775827 -0.006406778 -1.024264932 -0.942861557 0.021163125 0.332511812 87.225402832
0.299753904 0.003217311 0.954011142 0.169397354 0.017724648 0.999802947 -0.008940890 -1.032800913 -0.953851879 0.019589577 0.299637824 87.320175171
0.267817855 0.010999679 0.963406742 0.539319992 0.007212711 0.999883950 -0.013421220 -1.044864893 -0.963442564 0.010543222 0.267707437 87.425796509
0.239822879 0.015474877 0.970693290 0.930217743 0.002483490 0.999859869 -0.016553434 -1.061367273 -0.970813394 0.006380599 0.239750862 87.513137817
0.213631213 0.017092653 0.976764858 1.329847336 0.003720650 0.999825358 -0.018309955 -1.075693011 -0.976907253 0.007545777 0.213530347 87.587806702
0.190854326 0.018582741 0.981442392 1.745847702 0.011141108 0.999715388 -0.021095255 -1.085829616 -0.981555164 0.014960483 0.190592960 87.636444092
0.170541108 0.024835132 0.985037506 2.161147118 0.018255435 0.999431074 -0.028358618 -1.085998297 -0.985181451 0.022818597 0.169990689 87.681800842
0.151062921 0.031665053 0.988016844 2.598066330 0.020268356 0.999177456 -0.035121676 -1.086625934 -0.988316357 0.025331054 0.150296867 87.732460022
0.133022934 0.032257896 0.990587831 3.049036980 0.017927043 0.999228358 -0.034946632 -1.101856589 -0.990950823 0.022407006 0.132341981 87.795661926
0.117985941 0.028055053 0.992618799 3.511240005 0.015943531 0.999418437 -0.030142333 -1.123991013 -0.992887259 0.019382222 0.117470048 87.838165283
0.103725031 0.024784259 0.994297087 3.986889839 0.016560564 0.999507844 -0.026641745 -1.143332601 -0.994468212 0.019229539 0.103263550 87.875373840
0.090323783 0.022416415 0.995660126 4.488499641 0.018521359 0.999535918 -0.024183886 -1.160454988 -0.995740235 0.020625360 0.089866668 87.914299011
0.079113297 0.021730667 0.996628821 4.989964962 0.022486983 0.999468982 -0.023577638 -1.175713539 -0.996612012 0.024276478 0.078582644 87.936767578
0.068523169 0.022113813 0.997404337 5.513873100 0.025547002 0.999387562 -0.023912899 -1.191740632 -0.997322381 0.027119277 0.067916252 87.967597961
0.060681507 0.022576880 0.997901797 6.049806595 0.027589113 0.999324262 -0.024286730 -1.207816124 -0.997775793 0.029004984 0.060017612 87.993469238
0.055112969 0.022961469 0.998215973 6.601421833 0.029259957 0.999269068 -0.024601175 -1.223795056 -0.998051286 0.030563610 0.054400824 88.016799927
0.049386304 0.023896100 0.998493850 7.167501926 0.030559622 0.999209523 -0.025424732 -1.241450667 -0.998312056 0.031769224 0.048617009 88.043983459
0.043350838 0.024519410 0.998759031 7.759773731 0.030633356 0.999196112 -0.025859775 -1.259768724 -0.998590112 0.031716384 0.042564884 88.069374084
0.039037112 0.024733892 0.998931587 8.372724533 0.033382319 0.999103427 -0.026042687 -1.274889588 -0.998679996 0.034363288 0.038176432 88.086807251
0.036288764 0.024671258 0.999036789 9.001216888 0.034611203 0.999064445 -0.025929153 -1.293384314 -0.998741806 0.035518799 0.035400912 88.105484009
0.033159718 0.024179233 0.999157548 9.645301819 0.035882857 0.999033988 -0.025367113 -1.313179970 -0.998805702 0.036693793 0.032260057 88.122207642
0.030728962 0.023649877 0.999247968 10.304287910 0.037914071 0.998973072 -0.024809308 -1.331219435 -0.998808384 0.038647924 0.029800739 88.142646790
0.030040896 0.023210997 0.999279141 10.989737511 0.042320374 0.998804331 -0.024472227 -1.352957010 -0.998652279 0.043025039 0.029022684 88.156410217
0.031034462 0.023239387 0.999248147 11.686006546 0.045248788 0.998672009 -0.024631321 -1.368885756 -0.998493493 0.045979183 0.029941699 88.173820496
0.033289120 0.023025295 0.999180496 12.402539253 0.046577308 0.998612642 -0.024563998 -1.389785528 -0.998359740 0.047356848 0.032170482 88.202278137
0.037350100 0.022766702 0.999042869 13.145326614 0.050162021 0.998437464 -0.024628257 -1.413346648 -0.998042405 0.051033877 0.036149718 88.222808838
0.041857939 0.022183426 0.998877227 13.901016235 0.050345141 0.998436630 -0.024283351 -1.438954711 -0.997854292 0.051305067 0.040675670 88.247390747
0.045979161 0.020723367 0.998727441 14.671773911 0.051624194 0.998399496 -0.023093225 -1.456893563 -0.997607529 0.052620303 0.044835750 88.282608032
0.049936540 0.019003872 0.998571515 15.453035355 0.051533632 0.998438120 -0.021578427 -1.480159402 -0.997421980 0.052537575 0.048879206 88.320686340
0.054014869 0.016588621 0.998402417 16.250093460 0.048763257 0.998625278 -0.019230483 -1.504971027 -0.997348845 0.049724083 0.053131703 88.375862122
0.057711609 0.016030908 0.998204589 17.044401169 0.047403783 0.998699248 -0.018779522 -1.523988962 -0.997207224 0.048402470 0.056876615 88.431129456
0.061567534 0.016882617 0.997960091 17.851732254 0.044657975 0.998808980 -0.019652080 -1.546056986 -0.997103393 0.045776818 0.060740270 88.490631104
0.064871356 0.020921361 0.997674286 18.662334442 0.042582456 0.998811364 -0.023714030 -1.574439764 -0.996984661 0.044021785 0.063903369 88.539962769
0.066212997 0.025900224 0.997469306 19.480422974 0.036604915 0.998927057 -0.028367952 -1.607928276 -0.997133791 0.038390603 0.065193884 88.603981018
0.066150956 0.029234119 0.997381270 20.306119919 0.034066439 0.998921812 -0.031538721 -1.631103277 -0.997227907 0.036063544 0.065083735 88.663085938
0.066124767 0.028885731 0.997393131 21.138744354 0.030379398 0.999059200 -0.030948063 -1.673730850 -0.997348785 0.032346647 0.065185048 88.729881287
0.066096216 0.027382344 0.997437477 21.970476151 0.027510080 0.999193370 -0.029253533 -1.707231760 -0.997433960 0.029373135 0.065289617 88.793365479
0.065955766 0.026036242 0.997482836 22.801940918 0.028449520 0.999204040 -0.027962316 -1.740169048 -0.997416914 0.030222187 0.065162554 88.849388123
0.066052176 0.024911635 0.997505128 23.614212036 0.026105629 0.999302924 -0.026685180 -1.780080795 -0.997474611 0.027803112 0.065355800 88.910438538
0.066774882 0.025382860 0.997445107 24.438419342 0.024617232 0.999330103 -0.027078854 -1.814399004 -0.997464359 0.026362527 0.066105314 88.956558228
0.066873938 0.025955357 0.997423768 25.260658264 0.021735806 0.999386489 -0.027463743 -1.848037243 -0.997524679 0.023516424 0.066268750 89.020164490
0.065093614 0.027381899 0.997503459 26.080066681 0.018071298 0.999427259 -0.028613975 -1.883348346 -0.997715473 0.019888770 0.064561494 89.085876465
0.062883340 0.027019653 0.997654974 26.907941818 0.015711555 0.999482810 -0.028059470 -1.915222168 -0.997897327 0.017439188 0.062426284 89.136436462
0.058997169 0.025873147 0.997922838 27.713935852 0.013595450 0.999550521 -0.026719114 -1.944381714 -0.998165607 0.015143563 0.058618899 89.187934875
0.053940248 0.023219850 0.998274148 28.537220001 0.011410706 0.999650002 -0.023868412 -1.984377623 -0.998478949 0.012678481 0.053656414 89.244079590
0.047983501 0.020913631 0.998629153 29.353454590 0.009036271 0.999730825 -0.021370886 -2.017210245 -0.998807251 0.010049335 0.047781602 89.283279419
0.041004088 0.020958237 0.998939097 30.170783997 0.008852754 0.999733150 -0.021338280 -2.048349857 -0.999119818 0.009718320 0.040807601 89.312622070
0.031675011 0.022157349 0.999252617 30.965404510 0.008876023 0.999708593 -0.022448821 -2.077108860 -0.999458730 0.009580457 0.031469114 89.347160339
0.021690682 0.022601940 0.999509215 31.775127411 0.009043627 0.999699056 -0.022802489 -2.103091717 -0.999723732 0.009533790 0.021479758 89.364418030
0.011618815 0.021727687 0.999696434 32.574069977 0.010946059 0.999701202 -0.021855008 -2.130471945 -0.999872506 0.011196665 0.011377514 89.368896484
0.001064909 0.021122256 0.999776304 33.374359131 0.010076028 0.999725938 -0.021131925 -2.156699181 -0.999948621 0.010096278 0.000851789 89.366577148
-0.010157909 0.020032724 0.999747694 34.167282104 0.011597526 0.999734402 -0.019914618 -2.187779427 -0.999881089 0.011392310 -0.010387543 89.356864929
-0.021319922 0.020432180 0.999563873 34.958034515 0.011416452 0.999730945 -0.020192089 -2.214632750 -0.999707460 0.010980979 -0.021547446 89.340652466
-0.032292474 0.021109886 0.999255478 35.739490509 0.011845382 0.999714732 -0.020736789 -2.242417574 -0.999408245 0.011166920 -0.032533322 89.314002991
-0.042549893 0.022044176 0.998851120 36.520202637 0.011429362 0.999701858 -0.021576075 -2.269582987 -0.999028981 0.010498170 -0.042789161 89.272132874
-0.053328566 0.023578702 0.998298526 37.298458099 0.011920056 0.999665022 -0.022974210 -2.286556721 -0.998505890 0.010674594 -0.053591754 89.241477966
-0.062944762 0.024361484 0.997719526 38.057640076 0.012853453 0.999638915 -0.023597442 -2.310930490 -0.997934222 0.011338807 -0.063235171 89.194137573
-0.072649911 0.024719199 0.997051060 38.823280334 0.013142667 0.999629736 -0.023825493 -2.341492414 -0.997270942 0.011372991 -0.072947890 89.137779236
-0.081673905 0.025250919 0.996339083 39.581619263 0.014454552 0.999603927 -0.024148762 -2.366049767 -0.996554255 0.012429312 -0.082006536 89.070190430
-0.090624548 0.024481663 0.995584190 40.309261322 0.014962213 0.999618351 -0.023218909 -2.401970387 -0.995772719 0.012791940 -0.090956271 89.007583618
-0.097908005 0.023135100 0.994926572 41.043998718 0.016851895 0.999624848 -0.021586007 -2.430974483 -0.995052814 0.014652953 -0.098261155 88.927978516
-0.103127487 0.021593554 0.994433761 41.768806458 0.019333975 0.999618888 -0.019701125 -2.457059383 -0.994480252 0.017194627 -0.103505686 88.849128723
-0.106861323 0.020005472 0.994072616 42.480712891 0.022317827 0.999593854 -0.017717456 -2.483796358 -0.994023442 0.020292228 -0.107264400 88.769035339
-0.109733097 0.019115565 0.993777275 43.190315247 0.023930943 0.999575973 -0.016584648 -2.503959656 -0.993673027 0.021962143 -0.110144034 88.692596436
-0.111849137 0.017891787 0.993564129 43.867286682 0.023655856 0.999602497 -0.015337499 -2.532325983 -0.993443549 0.021788126 -0.112227909 88.626060486
-0.112286299 0.018479034 0.993504047 44.544311523 0.024734156 0.999569237 -0.015796382 -2.552512169 -0.993368030 0.022799768 -0.112694994 88.543830872
-0.111616209 0.019500084 0.993560076 45.208679199 0.025410883 0.999536574 -0.016762728 -2.574845791 -0.993426442 0.023376249 -0.112059988 88.474624634
-0.108383797 0.020999059 0.993887305 45.844455719 0.026146563 0.999491215 -0.018266171 -2.598081589 -0.993765235 0.024006978 -0.108877704 88.399757385
-0.103137530 0.021612218 0.994432211 46.452510834 0.026465338 0.999469578 -0.018976849 -2.620649815 -0.994314969 0.024360761 -0.103654787 88.338806152
-0.095070705 0.022357335 0.995219409 47.054954529 0.026345311 0.999454141 -0.019935770 -2.641264915 -0.995121896 0.024324059 -0.095607802 88.286178589
-0.084072351 0.022073491 0.996215105 47.624076843 0.024532689 0.999497473 -0.020075860 -2.667195797 -0.996157587 0.022752013 -0.084571615 88.249206543
-0.070806339 0.022675488 0.997232318 48.197814941 0.024483582 0.999479890 -0.020988191 -2.681901932 -0.997189581 0.022929724 -0.071324691 88.229339600
-0.053493239 0.023654696 0.998288035 48.737071991 0.023043377 0.999482453 -0.022448219 -2.707864285 -0.998302341 0.021803102 -0.054010630 88.215599060
-0.032924671 0.026331356 0.999110937 49.257873535 0.021549778 0.999439180 -0.025629859 -2.729074478 -0.999225497 0.020686762 -0.033473644 88.223060608
-0.007881224 0.029472455 0.999534547 49.787403107 0.019054743 0.999388516 -0.029317908 -2.748853207 -0.999787331 0.018814815 -0.008437991 88.230850220
0.019812830 0.030983482 0.999323487 50.296695709 0.016361400 0.999375761 -0.031309489 -2.777056217 -0.999669850 0.016970659 0.019293532 88.267303467
0.054152090 0.030615108 0.998063266 50.779991150 0.014941385 0.999393106 -0.031466570 -2.795713663 -0.998420894 0.016616432 0.053661793 88.282623291
0.092140585 0.028011223 0.995351970 51.289512634 0.013669316 0.999474466 -0.029392615 -2.822976589 -0.995652199 0.016314032 0.091709271 88.350112915
0.134844303 0.024361538 0.990567386 51.782493591 0.011850636 0.999586463 -0.026196562 -2.842112303 -0.990795910 0.015271312 0.134499848 88.432861328
0.180264547 0.020346656 0.983407676 52.287937164 0.009548781 0.999702752 -0.022434147 -2.857622623 -0.983571827 0.013434428 0.180016682 88.544250488
0.228023887 0.016591910 0.973514140 52.762123108 0.004117464 0.999829352 -0.018004833 -2.886407614 -0.973646820 0.008113939 0.227916658 88.697479248
0.280186623 0.014829011 0.959830999 53.205730438 -0.000140736 0.999881327 -0.015406690 -2.909713268 -0.959945679 0.004181665 0.280155480 88.847068787
0.334913164 0.014559717 0.942136526 53.658039093 -0.000755801 0.999884486 -0.015183480 -2.923931599 -0.942248762 0.004373079 0.334885448 89.040733337
0.392875373 0.015041536 0.919468641 54.099914551 0.000841994 0.999859929 -0.016716424 -2.939738274 -0.919591308 0.007341658 0.392807722 89.257003784
0.452528030 0.019945547 0.891527057 54.493053436 0.002714875 0.999714375 -0.023743989 -2.933630228 -0.891746044 0.013165204 0.452344596 89.491622925
0.513482928 0.023144003 0.857787728 54.902931213 0.004044309 0.999559820 -0.029390141 -2.950206280 -0.858090222 0.018560493 0.513163328 89.745376587
0.572302997 0.027525052 0.819580197 55.268692017 -0.000099346 0.999438882 -0.033496104 -2.961823940 -0.820042312 0.019088499 0.571984529 90.029235840
0.626201391 0.030960593 0.779046297 55.607238770 -0.004687427 0.999342680 -0.035947751 -2.973466396 -0.779647291 0.018858811 0.625934839 90.389068604
0.679209769 0.031818733 0.733254135 55.934303284 -0.006413587 0.999279022 -0.037421711 -2.990387440 -0.733916163 0.020714400 0.678924203 90.734542847
0.728242338 0.029439269 0.684687257 56.239517212 -0.006367700 0.999324441 -0.036194853 -3.009236813 -0.685290277 0.021998735 0.727937698 91.102165222
0.773129225 0.026992079 0.633674026 56.496925354 -0.009683351 0.999479830 -0.030759610 -3.025254726 -0.634174705 0.017645057 0.772988439 91.477203369
0.813383996 0.021811819 0.581318080 56.733276367 -0.009826667 0.999669373 -0.023759376 -3.039529324 -0.581644118 0.013613082 0.813329458 91.903938293
0.850276589 0.019395098 0.525978684 56.965793610 -0.012219902 0.999778986 -0.017111933 -3.052923203 -0.526194215 0.008122468 0.850325644 92.332061768
0.881017208 0.015330045 0.472835690 57.152629852 -0.012492351 0.999880135 -0.009141084 -3.067721605 -0.472919196 0.002146619 0.881103218 92.770378113
0.905918956 0.016682751 0.423122436 57.295154572 -0.016636094 0.999854326 -0.003803554 -3.080418348 -0.423124224 -0.003593392 0.906064570 93.208297729
0.926092684 0.018624561 0.376836061 57.441772461 -0.020090897 0.999798059 -0.000039191 -3.091408491 -0.376760721 -0.007534680 0.926279962 93.660972595
0.940843344 0.025165290 0.337906182 57.550727844 -0.027729237 0.999611676 0.002762160 -3.099593401 -0.337705463 -0.011968641 0.941175818 94.129112244
0.952562690 0.029054208 0.302952468 57.661338806 -0.031228093 0.999509573 0.002332889 -3.105761766 -0.302736133 -0.011682851 0.953002870 94.590133667
0.961571455 0.032134786 0.272667766 57.761955261 -0.034095902 0.999415517 0.002455884 -3.105956316 -0.272429526 -0.011658361 0.962105155 95.057777405
0.967906177 0.025372162 0.250027865 57.888496399 -0.026800640 0.999638140 0.002309840 -3.103537798 -0.249878779 -0.008936616 0.968235910 95.561744690
0.971758544 0.022625856 0.234890893 57.993015289 -0.023976786 0.999708354 0.002896613 -3.107627630 -0.234756842 -0.008446737 0.972017467 96.047805786
0.974541426 0.026937980 0.222583622 58.085853577 -0.028211623 0.999598742 0.002543873 -3.111480236 -0.222425774 -0.008758555 0.974910259 96.559661865
0.976599097 0.032037217 0.212668642 58.183059692 -0.033487141 0.999433994 0.003218296 -3.109526396 -0.212445170 -0.010264651 0.977119088 97.076492310
0.977472603 0.039690576 0.207297102 58.269351959 -0.041022539 0.999155998 0.002128967 -3.109915018 -0.207037613 -0.010584860 0.978275716 97.588623047
0.978051066 0.045279801 0.203385904 58.380893707 -0.045905665 0.998944402 -0.001641770 -3.115833998 -0.203245550 -0.007730830 0.979097307 98.133934021
0.978241861 0.046707492 0.202141598 58.496231079 -0.046775877 0.998895466 -0.004441345 -3.120618820 -0.202125743 -0.005110640 0.979346275 98.668075562
0.977703214 0.044684708 0.205182046 58.605075836 -0.043952700 0.999000490 -0.008126207 -3.125549078 -0.205340102 -0.001073285 0.978690147 99.222129822
0.976670086 0.043764997 0.210238159 58.711784363 -0.041687373 0.999028265 -0.014305942 -3.136574268 -0.210659936 0.005207911 0.977545619 99.795715332
0.976149142 0.043627545 0.212672144 58.865745544 -0.040521126 0.998999059 -0.018945651 -3.147499323 -0.213285848 0.009876069 0.976939917 100.348976135
0.975004673 0.048782155 0.216762930 58.994014740 -0.045821276 0.998775184 -0.018667648 -3.158060551 -0.217408091 0.008268690 0.976045787 100.930267334
0.973496318 0.051666733 0.222790137 59.119640350 -0.049557529 0.998657882 -0.015051495 -3.163954735 -0.223268807 0.003611648 0.974750161 101.537521362
0.972444594 0.048243832 0.228087589 59.260139465 -0.047061779 0.998835504 -0.010621677 -3.176682949 -0.228334367 -0.000405216 0.973582685 102.151161194
0.971855640 0.044144891 0.231403977 59.418769836 -0.044351678 0.999006689 -0.004311159 -3.198146105 -0.231364429 -0.006073329 0.972848117 102.787780762
0.971179008 0.041763257 0.234663934 59.576461792 -0.043047301 0.999072969 0.000349826 -3.209653616 -0.234431803 -0.010441393 0.972076476 103.413711548
0.970535934 0.037238818 0.238060966 59.734352112 -0.038503069 0.999258280 0.000661267 -3.209537029 -0.237859756 -0.009807860 0.971249998 104.062614441
0.970484078 0.033737890 0.238793552 59.888534546 -0.034111466 0.999414742 -0.002569228 -3.217412949 -0.238740504 -0.005652202 0.971066892 104.708625793
0.970756054 0.033379201 0.237736300 60.065902710 -0.032077350 0.999441743 -0.009343485 -3.225875854 -0.237915441 0.001444296 0.971284807 105.370254517
0.970881999 0.035782643 0.236870959 60.218574524 -0.032931563 0.999329805 -0.015983406 -3.235054970 -0.237284139 0.007717473 0.971409678 106.034362793
0.971417189 0.038892843 0.234170571 60.385181427 -0.035262369 0.999184608 -0.019672185 -3.241911411 -0.234744683 0.010852492 0.971996546 106.726150513
0.972034931 0.037536919 0.231816649 60.550605774 -0.034916073 0.999271572 -0.015399789 -3.252620220 -0.232225865 0.006875006 0.972637594 107.432456970
0.972410500 0.033255883 0.230893657 60.715408325 -0.032329872 0.999446869 -0.007793967 -3.267995596 -0.231025115 0.000114172 0.972947776 108.149108887
0.973051667 0.033456750 0.228147253 60.888252258 -0.033893269 0.999423444 -0.002005527 -3.281275272 -0.228082806 -0.005781176 0.973624527 108.877510071
0.973312855 0.037252322 0.226438418 61.055313110 -0.037677098 0.999286950 -0.002447264 -3.292793036 -0.226368129 -0.006149590 0.974022388 109.626960754
0.973578632 0.042932514 0.224279821 61.206943512 -0.042335045 0.999075651 -0.007474260 -3.296468019 -0.224393308 -0.002218118 0.974496245 110.366111755
0.974424779 0.043897528 0.220384613 61.374519348 -0.042086381 0.999030530 -0.012909087 -3.304410934 -0.220737621 0.003303742 0.975327611 111.118774414
0.975371301 0.042516954 0.216432720 61.544059753 -0.040018789 0.999072254 -0.015914096 -3.315856457 -0.216908544 0.006860779 0.976167858 111.885375977
0.976360202 0.039616149 0.212488204 61.715370178 -0.037442241 0.999197185 -0.014246624 -3.330393314 -0.212882012 0.005953802 0.977059782 112.670166016
0.977225184 0.036069624 0.209116936 61.883308411 -0.034341931 0.999339402 -0.011888097 -3.351051807 -0.209407583 0.004435869 0.977818370 113.453407288
0.977546930 0.035226844 0.207752362 62.040050507 -0.034078252 0.999377668 -0.009106221 -3.368611813 -0.207943887 0.001821923 0.978139043 114.267623901
0.977942288 0.031919774 0.206422031 62.213279724 -0.031169683 0.999490440 -0.006885722 -3.379062891 -0.206536636 0.000299729 0.978438795 115.072792053
0.978226662 0.026265925 0.205870271 62.389907837 -0.025596708 0.999654770 -0.005913793 -3.385538816 -0.205954552 0.000515428 0.978561401 115.882736206
0.978350580 0.027016899 0.205183715 62.562431335 -0.026750933 0.999633849 -0.004070582 -3.399809837 -0.205218613 -0.001506400 0.978714943 116.705474854
0.978037298 0.032770894 0.205837756 62.732444763 -0.032224502 0.999462605 -0.006007269 -3.416372299 -0.205924004 -0.000757686 0.978567660 117.543693542
0.977781177 0.038425490 0.206076339 62.893165588 -0.037270848 0.999260128 -0.009483543 -3.424907207 -0.206288308 0.001592190 0.978489876 118.360359192
0.977209151 0.047123484 0.206982538 63.052101135 -0.045847122 0.998888314 -0.010961672 -3.436261177 -0.207268998 0.001222293 0.978283226 119.198089600
0.976263642 0.053016797 0.209996656 63.222129822 -0.051937565 0.998593450 -0.010654775 -3.450245380 -0.210266158 -0.000504845 0.977644026 120.038665771
0.975516200 0.055228282 0.212880328 63.396080017 -0.054617703 0.998468876 -0.008752699 -3.467918873 -0.213037789 -0.003088635 0.977039039 120.877418518
0.974918842 0.056208465 0.215345770 63.577865601 -0.055457328 0.998415530 -0.009533582 -3.487646818 -0.215540409 -0.002648032 0.976491272 121.712615967
0.974630237 0.053978037 0.217214927 63.763603210 -0.052495554 0.998541653 -0.012593821 -3.499861479 -0.217577964 0.000871499 0.976042509 122.570655823
0.974743664 0.047909949 0.218127027 63.966644287 -0.046620563 0.998851478 -0.011057006 -3.518013954 -0.218406245 0.000608542 0.975857735 123.414062500
0.974953473 0.041429769 0.218516350 64.164260864 -0.039708104 0.999136031 -0.012266519 -3.542997360 -0.218835756 0.003282415 0.975756109 124.253234863
0.974723458 0.040369280 0.219737440 64.354705811 -0.038602527 0.999178529 -0.012329878 -3.565639019 -0.220054701 0.003535801 0.975481153 125.092079163
0.974209011 0.043165967 0.221480668 64.544044495 -0.042021066 0.999067843 -0.009880925 -3.574495077 -0.221700758 0.000319232 0.975114703 125.938674927
0.973892629 0.045036267 0.222496882 64.734230042 -0.045283813 0.998966277 -0.003991629 -3.595536470 -0.222446606 -0.006188090 0.974925220 126.789405823
0.973465919 0.048193667 0.223699197 64.915145874 -0.049453679 0.998776376 0.000030331 -3.613351345 -0.223423988 -0.011092276 0.974658191 127.636871338
0.973233581 0.047896635 0.224771693 65.087890625 -0.047744442 0.998840868 -0.006115595 -3.635432005 -0.224804074 -0.004779698 0.974392235 128.433364868
0.973583877 0.043530140 0.224141836 65.283088684 -0.039965179 0.998992443 -0.020419303 -3.654936314 -0.224804834 0.010922032 0.974342525 129.241744995
