1.000000000 0.000000000 0.000000000 0.000000000 0.000000000 1.000000000 0.000000000 0.000000000 0.000000000 0.000000000 1.000000000 0.000000000
0.999996364 -0.002292801 -0.001436374 -0.001833044 0.002297398 0.999992132 0.003207141 -0.022634191 0.001429009 -0.003210429 0.999993801 1.551570773
0.999993086 -0.002783187 -0.002450023 -0.016507465 0.002792667 0.999988616 0.003874530 -0.039184064 0.002439211 -0.003881345 0.999989510 3.097083092
0.999992311 -0.001550485 -0.003584686 -0.032976940 0.001563981 0.999991655 0.003765117 -0.057198465 0.003578817 -0.003770694 0.999986470 4.631123066
0.999987483 -0.000901651 -0.004914613 -0.049871460 0.000920238 0.999992430 0.003780993 -0.075046808 0.004911167 -0.003785469 0.999980748 6.157992363
0.999980986 -0.001046429 -0.006074517 -0.067175820 0.001071347 0.999990940 0.004100361 -0.089736208 0.006070173 -0.004106791 0.999973118 7.683032990
0.999969780 -0.000777451 -0.007737170 -0.091191456 0.000813204 0.999989092 0.004618859 -0.106278352 0.007733495 -0.004625012 0.999959409 9.190594673
0.999952555 -0.003522299 -0.009081829 -0.110258996 0.003555959 0.999986887 0.003692786 -0.116891101 0.009068705 -0.003724905 0.999951959 10.721028328
0.999936342 -0.004514589 -0.010341485 -0.129741281 0.004558947 0.999980509 0.004269791 -0.134289652 0.010322007 -0.004316666 0.999937415 12.231801033
0.999926865 -0.004310580 -0.011312235 -0.155762151 0.004357333 0.999982059 0.004111496 -0.148674861 0.011294313 -0.004160486 0.999927580 13.735622406
0.999913514 -0.003894135 -0.012562621 -0.175885156 0.003945682 0.999983907 0.004081014 -0.160993516 0.012546528 -0.004130229 0.999912679 15.256223679
0.999907613 -0.002402162 -0.013372456 -0.203260392 0.002461625 0.999987066 0.004431929 -0.171990305 0.013361637 -0.004464438 0.999900758 16.760036469
0.999900877 -0.000943101 -0.014049870 -0.234501496 0.001014617 0.999986589 0.005083877 -0.185325861 0.014044888 -0.005097628 0.999888301 18.256376266
0.999900579 0.000092650 -0.014094624 -0.269204259 -0.000007585 0.999981701 0.006035180 -0.196518779 0.014094925 -0.006034473 0.999882460 19.758014679
0.999894917 0.000162267 -0.014490879 -0.299373448 -0.000079869 0.999983847 0.005686571 -0.206809282 0.014491566 -0.005684817 0.999878764 21.218549728
0.999888062 0.001158108 -0.014918042 -0.329745620 -0.001070738 0.999982238 0.005863322 -0.218191877 0.014924567 -0.005846693 0.999871552 22.691446304
0.999887943 0.001622530 -0.014883134 -0.357904971 -0.001528277 0.999978721 0.006342072 -0.229011908 0.014893108 -0.006318616 0.999869049 24.166269302
0.999887526 0.002783910 -0.014731231 -0.380388886 -0.002674047 0.999968529 0.007472269 -0.236324847 0.014751568 -0.007432035 0.999863565 25.614961624
0.999888659 0.003331394 -0.014546981 -0.408533543 -0.003242288 0.999975860 0.006144629 -0.248891041 0.014567100 -0.006096779 0.999875307 27.080371857
0.999887943 0.003942350 -0.014443105 -0.436000317 -0.003879786 0.999982893 0.004357324 -0.268136054 0.014460035 -0.004300798 0.999886215 28.504638672
0.999900103 0.001856867 -0.014008983 -0.466371119 -0.001801154 0.999990404 0.003988526 -0.276369035 0.014016257 -0.003962896 0.999893904 29.919252396
0.999901474 0.001374632 -0.013967806 -0.484097570 -0.001283366 0.999977767 0.006540878 -0.285942316 0.013976486 -0.006522308 0.999880970 31.354875565
0.999906480 -0.000366980 -0.013668410 -0.507727146 0.000471954 0.999970436 0.007677585 -0.298577815 0.013665186 -0.007683320 0.999877095 32.759635925
0.999914050 -0.000855934 -0.013084975 -0.534199893 0.000950281 0.999973595 0.007205826 -0.312495470 0.013078460 -0.007217641 0.999888420 34.144859314
0.999916971 -0.001008197 -0.012841893 -0.556918621 0.001078400 0.999984503 0.005460986 -0.327252537 0.012836192 -0.005474383 0.999902606 35.517013550
0.999923050 -0.000373016 -0.012401874 -0.573507905 0.000429718 0.999989569 0.004569699 -0.340811580 0.012400040 -0.004574676 0.999912679 36.877929688
0.999932706 0.000718275 -0.011573515 -0.598952770 -0.000676102 0.999993086 0.003647432 -0.357482910 0.011576056 -0.003639362 0.999926388 38.213527679
0.999947846 0.000936285 -0.010167054 -0.624300778 -0.000887369 0.999988019 0.004814648 -0.375987947 0.010171437 -0.004805376 0.999936700 39.563297272
0.999960899 0.001362317 -0.008734729 -0.645856857 -0.001302832 0.999975920 0.006812272 -0.390754193 0.008743800 -0.006800627 0.999938607 40.891792297
0.999977469 0.000569675 -0.006689191 -0.665135503 -0.000517610 0.999969602 0.007782532 -0.403843015 0.006693421 -0.007778895 0.999947369 42.209873199
0.999990404 0.001021690 -0.004266928 -0.685489476 -0.000985042 0.999962628 0.008582164 -0.418744117 0.004275536 -0.008577877 0.999954045 43.490097046
0.999999642 0.000580261 -0.000655834 -0.699659944 -0.000575056 0.999968529 0.007908729 -0.430468172 0.000660402 -0.007908349 0.999968469 44.769687653
0.999996126 0.000467083 0.002753848 -0.692345798 -0.000483627 0.999981821 0.006010265 -0.442437381 -0.002750990 -0.006011574 0.999978125 46.006183624
0.999980271 0.000380696 0.006266821 -0.693735242 -0.000405727 0.999991953 0.003993469 -0.449770510 -0.006265251 -0.003995934 0.999972343 47.246406555
0.999945521 0.000543782 0.010424941 -0.684653819 -0.000594397 0.999988079 0.004852628 -0.469621301 -0.010422176 -0.004858561 0.999933898 48.473747253
0.999872506 0.000923291 0.015937332 -0.674807727 -0.000996645 0.999988973 0.004595303 -0.482893944 -0.015932912 -0.004610603 0.999862432 49.693897247
0.999742746 0.002801463 0.022508550 -0.659428716 -0.002883576 0.999989390 0.003616491 -0.494840503 -0.022498179 -0.003680467 0.999740124 50.907413483
0.999545336 0.004040521 0.029877337 -0.625339508 -0.004149558 0.999984920 0.003588448 -0.507112682 -0.029862387 -0.003710794 0.999547124 52.109672546
0.999248505 0.005318776 0.038394846 -0.593510866 -0.005491412 0.999975264 0.004392264 -0.517309964 -0.038370542 -0.004599805 0.999252975 53.295963287
0.998778105 0.007516309 0.048844371 -0.547666788 -0.007767139 0.999957621 0.004947494 -0.529010534 -0.048805118 -0.005320829 0.998794079 54.471805573
0.998031139 0.009627974 0.061975926 -0.491288662 -0.009955379 0.999938071 0.004976165 -0.545185089 -0.061924171 -0.005583363 0.998065174 55.621002197
0.996972680 0.011803598 0.076851808 -0.414392471 -0.012231073 0.999912202 0.005094009 -0.552356601 -0.076784939 -0.006018568 0.997029543 56.762836456
0.995547354 0.014394525 0.093158290 -0.322249413 -0.015069647 0.999864995 0.006547590 -0.566027582 -0.093051471 -0.007922299 0.995629787 57.894447327
0.993708968 0.014522217 0.111047834 -0.214045525 -0.015422593 0.999854743 0.007253299 -0.574243307 -0.110926375 -0.008920315 0.993788540 59.006397247
0.991389215 0.014310098 0.130163282 -0.079091549 -0.015292960 0.999861598 0.006554548 -0.590479434 -0.130051449 -0.008488690 0.991470933 60.105724335
0.988554537 0.013216257 0.150284648 0.082432747 -0.014211038 0.999883652 0.005547230 -0.598806500 -0.150193870 -0.007619440 0.988627136 61.185710907
0.985168815 0.010204288 0.171284378 0.263124466 -0.011246990 0.999923587 0.005118238 -0.607187152 -0.171219051 -0.006968763 0.985208273 62.263042450
0.981124997 0.005222099 0.193304613 0.463115692 -0.006757369 0.999950588 0.007283743 -0.615950584 -0.193256989 -0.008452494 0.981111765 63.310668945
0.976341903 -0.000482767 0.216231972 0.694169998 -0.001396641 0.999962687 0.008538740 -0.625250041 -0.216228008 -0.008638729 0.976304650 64.340385437
0.970751047 -0.005480980 0.240026057 0.944444656 0.003631868 0.999960184 0.008145463 -0.639009356 -0.240061149 -0.007035473 0.970732331 65.350242615
0.964174926 -0.011246341 0.265028745 1.221588135 0.009951022 0.999931037 0.006229673 -0.643804789 -0.265080541 -0.003369187 0.964220405 66.336090088
0.956518173 -0.014799060 0.291296959 1.519340515 0.013360118 0.999886692 0.006928280 -0.654694200 -0.291366518 -0.002735264 0.956607580 67.304420471
0.947841823 -0.017563419 0.318256795 1.842214584 0.015401232 0.999837995 0.009308980 -0.663781881 -0.318368703 -0.003921894 0.947958827 68.256576538
0.937915385 -0.021603124 0.346190959 2.186513901 0.018518889 0.999753892 0.012214818 -0.669559300 -0.346369743 -0.005045393 0.938084543 69.197959900
0.926936150 -0.024297323 0.374431431 2.555114746 0.021414898 0.999700308 0.011857443 -0.677477360 -0.374607354 -0.002972679 0.927178800 70.105308533
0.914775431 -0.024170529 0.403238833 2.951486588 0.022963926 0.999705613 0.007828069 -0.682378709 -0.403309375 0.002099021 0.915061295 70.986450195
0.901551247 -0.025263997 0.431933969 3.366924286 0.026711276 0.999639392 0.002716393 -0.693503976 -0.431846857 0.009088541 0.901901126 71.850212097
0.887257457 -0.027172022 0.460473597 3.813240051 0.030421190 0.999537051 0.000364883 -0.703969896 -0.460270375 0.013684409 0.887673378 72.697792053
0.871329188 -0.027812276 0.489910126 4.286720276 0.030034926 0.999543309 0.003325650 -0.705279231 -0.489778876 0.011816677 0.871766627 73.547180176
0.853416681 -0.026850188 0.520537198 4.779829025 0.025838353 0.999623716 0.009200500 -0.721818745 -0.520588398 0.005597966 0.853789508 74.372772217
0.833555222 -0.026937567 0.551778972 5.296171188 0.023810139 0.999634147 0.012832386 -0.728667974 -0.551922798 0.002441434 0.833891630 75.162727356
0.812167764 -0.020818392 0.583052337 5.834705353 0.020072863 0.999768674 0.007736939 -0.726717591 -0.583078504 0.005419837 0.812397718 75.928283691
0.790009856 -0.014085345 0.612932384 6.400985718 0.017092569 0.999853432 0.000946245 -0.740632534 -0.612855792 0.009729046 0.790134788 76.670661926
0.767328203 -0.011750208 0.641146958 7.003616333 0.016381999 0.999864995 -0.001281684 -0.746599495 -0.641045392 0.011486742 0.767417014 77.397323608
0.744286597 -0.014373370 0.667705655 7.647125244 0.017641097 0.999842584 0.001858719 -0.755569398 -0.667627335 0.010395641 0.744422972 78.106384277
0.718578339 -0.014476664 0.695295334 8.260093689 0.017434428 0.999844134 0.002799396 -0.775408208 -0.695227563 0.010110494 0.718718588 78.828735352
0.693613529 -0.011994829 0.720247507 8.950374603 0.018235760 0.999833286 -0.000910434 -0.777547359 -0.720116556 0.013765749 0.693716586 79.402191162
0.667757154 -0.009644834 0.744316816 9.648616791 0.018383253 0.999824703 -0.003536670 -0.784111500 -0.744152188 0.016044602 0.667817235 79.998962402
0.640834630 -0.007985793 0.767637432 10.349689484 0.016140753 0.999864995 -0.003072857 -0.821399570 -0.767509282 0.014359438 0.640877008 80.616012573
0.612406731 -0.006390635 0.790517092 11.080665588 0.015944984 0.999863684 -0.004269419 -0.833133161 -0.790382087 0.015219400 0.612425148 81.197616577
0.583367050 0.000190575 0.812208712 11.831237793 0.015296306 0.999819994 -0.011221131 -0.835232794 -0.812064648 0.018969828 0.583259106 81.752265930
0.553892612 0.009089822 0.832538486 12.622009277 0.014699684 0.999677777 -0.020694463 -0.853454530 -0.832458317 0.023700558 0.553580523 82.263336182
0.522646189 0.017923221 0.852361202 13.402408600 0.013221642 0.999488354 -0.029124141 -0.873448789 -0.852447152 0.026491234 0.522141814 82.753494263
0.490684837 0.022411469 0.871048748 14.239429474 0.010447258 0.999445915 -0.031600256 -0.919601500 -0.871274531 0.024605837 0.490178823 83.239303589
0.458902478 0.022468362 0.888202429 15.103458405 0.009879470 0.999489367 -0.030387893 -0.919090271 -0.888431668 0.022720054 0.458446234 83.688423157
0.425774097 0.020812234 0.904590130 15.960079193 0.005510840 0.999657273 -0.025593331 -0.956746936 -0.904812753 0.015882028 0.425513417 84.093345642
0.391362101 0.022301039 0.919966578 16.824594498 0.001520531 0.999689341 -0.024880460 -0.984736681 -0.920235515 0.011136108 0.391206563 84.465225220
0.355792969 0.025308197 0.934222043 17.698707581 -0.005718978 0.999673486 -0.024903245 -1.015498400 -0.934547305 0.003517605 0.355821609 84.826034546
0.320592672 0.027068604 0.946830332 18.617792130 -0.010476787 0.999631703 -0.025030730 -1.047264576 -0.947159231 -0.001895069 0.320758224 85.126213074
0.284509748 0.026520859 0.958306134 19.557048798 -0.012844173 0.999633014 -0.023851285 -1.074789643 -0.958586931 -0.005522729 0.284746051 85.417175293
0.247929111 0.026312863 0.968420684 20.485294342 -0.013750692 0.999625981 -0.023640366 -1.103874922 -0.968680501 -0.007455319 0.248198196 85.666687012
0.211665258 0.025617434 0.977006435 21.432720184 -0.012849466 0.999642968 -0.023427172 -1.135146141 -0.977257669 -0.007595292 0.211918876 85.876579285
0.176457450 0.024481252 0.984003782 22.398826599 -0.011001133 0.999677181 -0.022898404 -1.163184643 -0.984246790 -0.006784562 0.176669821 86.043380737
0.142317653 0.023282476 0.989547193 23.370975494 -0.002309188 0.999728262 -0.023189912 -1.196103215 -0.989818275 0.001015283 0.142332748 86.166641235
0.108514324 0.026675254 0.993736923 24.333829880 -0.000373109 0.999640942 -0.026792999 -1.231730580 -0.994094729 0.002536652 0.108485304 86.265853882
0.076236777 0.031747397 0.996584177 25.319004059 0.000929638 0.999490201 -0.031911101 -1.263081074 -0.997089326 0.003359262 0.076168418 86.331581116
0.046744287 0.035641726 0.998270810 26.292566299 0.007637709 0.999321282 -0.036036868 -1.299363136 -0.998877704 0.009309021 0.046440348 86.376296997
0.021424217 0.033708319 0.999202192 27.282480240 0.009736451 0.999377012 -0.033922989 -1.339865804 -0.999723077 0.010455456 0.021082677 86.388252258
-0.000734417 0.030829661 0.999524355 28.277933121 0.011349669 0.999460459 -0.030819358 -1.377866268 -0.999935329 0.011321636 -0.001083927 86.383499146
-0.019429030 0.028126394 0.999415517 29.268934250 0.011716062 0.999541998 -0.027902193 -1.416625977 -0.999742508 0.011167101 -0.019749664 86.358146667
-0.036105391 0.031298224 0.998857677 30.251173019 0.013497010 0.999433577 -0.030828401 -1.455743551 -0.999256849 0.012368524 -0.036507368 86.323295593
-0.050724544 0.035709433 0.998073995 31.250686646 0.016534925 0.999253631 -0.034911279 -1.491371393 -0.998575807 0.014732220 -0.051277142 86.267883301
-0.062517419 0.040800393 0.997209549 32.247665405 0.020584567 0.999004364 -0.039583329 -1.536633730 -0.997831583 0.018052481 -0.063295022 86.199333191
-0.071488142 0.044268854 0.996458590 33.244045258 0.025874604 0.998760641 -0.042514831 -1.581687927 -0.997105777 0.022743663 -0.072544992 86.121505737
-0.077499211 0.049175188 0.995778918 34.234855652 0.030108733 0.998442709 -0.046963431 -1.638991356 -0.996537685 0.026342016 -0.078859143 86.037574768
-0.080373548 0.054020558 0.995299876 35.247653961 0.031950958 0.998156965 -0.051595472 -1.693133950 -0.996252596 0.027653877 -0.081951410 85.941207886
-0.083646797 0.058029775 0.994804382 36.256141663 0.033995040 0.997888207 -0.055351216 -1.755537987 -0.995915353 0.029188471 -0.085442871 85.858886719
-0.086548306 0.060802680 0.994390488 37.258190155 0.034435809 0.997721970 -0.058009211 -1.820231199 -0.995652258 0.029222043 -0.088444948 85.772323608
-0.089519784 0.064322501 0.993905842 38.268699646 0.035364356 0.997488439 -0.061369132 -1.885552883 -0.995357096 0.029655086 -0.091569684 85.687377930
-0.091667756 0.068237700 0.993448853 39.284584045 0.036655471 0.997204423 -0.065113358 -1.953545809 -0.995114684 0.030446539 -0.093912788 85.592170715
-0.094062001 0.069521308 0.993135929 40.312419891 0.039223019 0.997043133 -0.066079892 -2.026217699 -0.994793415 0.032738186 -0.096510716 85.494537354
-0.095682494 0.068267420 0.993068099 41.343826294 0.039485835 0.997120559 -0.064741515 -2.100229263 -0.994628429 0.033017490 -0.098102570 85.386329651
-0.097777821 0.068169318 0.992870808 42.378692627 0.038756341 0.997155309 -0.064646766 -2.171225071 -0.994453251 0.032159030 -0.100141659 85.278213501
-0.099322863 0.069466829 0.992627501 43.417598724 0.038763538 0.997073054 -0.065899260 -2.243581295 -0.994299948 0.031932451 -0.101724930 85.153701782
-0.102417246 0.071297482 0.992183149 44.420581818 0.037512742 0.996995449 -0.067771070 -2.321817875 -0.994033873 0.030278586 -0.104784101 85.074440002
-0.104672134 0.073572345 0.991781652 45.451427460 0.036056578 0.996884823 -0.070145540 -2.395271778 -0.993852854 0.028417975 -0.106998831 84.963050842
-0.107516676 0.076994307 0.991217375 46.497543335 0.033695124 0.996706128 -0.073765747 -2.478167057 -0.993632138 0.025468143 -0.109756872 84.853363037
-0.109440669 0.081222966 0.990669250 47.530456543 0.029682476 0.996478438 -0.078420177 -2.556762695 -0.993550062 0.020823160 -0.111466162 84.739639282
-0.112082578 0.083287664 0.990202308 48.584823608 0.028033646 0.996349812 -0.080631562 -2.648652315 -0.993303299 0.018721588 -0.114008300 84.629615784
-0.114787742 0.081629552 0.990030527 49.643074036 0.026499262 0.996515214 -0.079091787 -2.739930868 -0.993036509 0.017156312 -0.116550840 84.505134583
-0.118002400 0.077573240 0.989978731 50.699680328 0.023477348 0.996883452 -0.075315826 -2.824885130 -0.992735744 0.014354627 -0.119455837 84.387275696
-0.120066188 0.075883664 0.989861488 51.752063751 0.023890274 0.997006476 -0.073533624 -2.912353277 -0.992478311 0.014819159 -0.121519662 84.258605957
-0.122077703 0.076346561 0.989579976 52.827472687 0.023011927 0.996986747 -0.074079208 -2.998161554 -0.992253721 0.013728718 -0.123466738 84.126693726
-0.123244539 0.078834876 0.989240050 53.885597229 0.024580045 0.996776223 -0.076373160 -3.087619305 -0.992071867 0.014902988 -0.124784999 84.000236511
-0.124106124 0.082194112 0.988858759 54.955158234 0.024417227 0.996514499 -0.079765961 -3.165565252 -0.991968453 0.014245743 -0.125680491 83.871383667
-0.124358200 0.082552120 0.988797367 56.026172638 0.023265116 0.996501684 -0.080269344 -3.260604143 -0.991964519 0.013022334 -0.125843734 83.738914490
-0.124630481 0.081511848 0.988849342 57.107765198 0.019952936 0.996624053 -0.079637952 -3.349539757 -0.992002606 0.009805134 -0.125836149 83.614616394
-0.124734551 0.080972202 0.988880575 58.186836243 0.016023619 0.996698797 -0.079591222 -3.440461874 -0.992060781 0.005917673 -0.125620246 83.483665466
-0.124811918 0.082090192 0.988778770 59.278381348 0.012410990 0.996622622 -0.081174806 -3.532874823 -0.992102802 0.002140139 -0.125409201 83.353187561
-0.125400126 0.082307465 0.988686144 60.365077972 0.008253113 0.996604741 -0.081919916 -3.625901937 -0.992071927 -0.002113028 -0.125653654 83.229087830
-0.125900254 0.081565559 0.988683999 61.463531494 0.004659740 0.996651769 -0.081629515 -3.723701477 -0.992031932 -0.005670167 -0.125858784 83.100158691
-0.126145855 0.076329783 0.989070773 62.565734863 0.005249762 0.997072935 -0.076277763 -3.816661596 -0.991997838 -0.004429737 -0.126177311 82.965789795
-0.125981748 0.067683257 0.989720941 63.690433502 0.008413507 0.997706771 -0.067158431 -3.903871059 -0.991996884 -0.000133713 -0.126262307 82.812149048
-0.126303539 0.062761933 0.990004241 64.804885864 0.013913913 0.998010457 -0.061494365 -3.982305050 -0.991894066 0.006007876 -0.126925528 82.676353455
-0.125130981 0.065296158 0.989989221 65.925537109 0.021941507 0.997769952 -0.063036017 -4.056362152 -0.991897583 0.013834095 -0.126284644 82.516403198
-0.123852499 0.071040988 0.989754379 67.049316406 0.027327446 0.997299850 -0.068162970 -4.129832268 -0.991924286 0.018605305 -0.125459477 82.363327026
-0.122910991 0.076690547 0.989450097 68.167671204 0.031076213 0.996818185 -0.073401302 -4.214812279 -0.991931021 0.021726537 -0.124903165 82.218811035
-0.122880332 0.080694273 0.989135325 69.295204163 0.032038666 0.996491790 -0.077314235 -4.310559273 -0.991904199 0.022190176 -0.125034571 82.087463379
-0.122709319 0.078310594 0.989348352 70.435714722 0.028694449 0.996745169 -0.075337112 -4.392453194 -0.992027760 0.019144233 -0.124557018 81.949218750
-0.121737190 0.073717341 0.989821017 71.585334778 0.028215710 0.997092187 -0.070788644 -4.481482506 -0.992161334 0.019310888 -0.123463169 81.791175842
-0.121861853 0.071410201 0.989974797 72.727607727 0.025711918 0.997300923 -0.068773627 -4.572592735 -0.992213964 0.017073268 -0.123369031 81.663810730
-0.121505663 0.072239868 0.989958465 73.876808167 0.024030076 0.997269869 -0.069823973 -4.656935215 -0.992299736 0.015304769 -0.122909836 81.517425537
-0.121448457 0.077834748 0.989541233 75.031890869 0.024721222 0.996848881 -0.075375445 -4.739997864 -0.992289841 0.015308442 -0.122989900 81.379150391
-0.121016338 0.080094442 0.989413917 76.175575256 0.024484737 0.996677041 -0.077687629 -4.837098598 -0.992348492 0.014824064 -0.122575298 81.248771667
-0.120515913 0.079107836 0.989554524 77.340087891 0.024514906 0.996752977 -0.076697692 -4.927569389 -0.992408633 0.015015540 -0.122063935 81.106582642
-0.119789645 0.072491840 0.990149081 78.515853882 0.025743971 0.997222126 -0.069895118 -5.020151138 -0.992465377 0.017117664 -0.121323109 80.959854126
-0.120208666 0.070824578 0.990219057 79.688377380 0.025062140 0.997350514 -0.068292208 -5.108194351 -0.992432237 0.016607694 -0.121665172 80.823150635
-0.119668722 0.073648706 0.990078390 80.863845825 0.022822276 0.997185290 -0.071418881 -5.197978973 -0.992551446 0.014049235 -0.121012747 80.680770874
-0.118972652 0.076843448 0.989919484 82.039855957 0.022242259 0.996956646 -0.074716561 -5.284729481 -0.992648363 0.013128817 -0.120319761 80.536697388
-0.119023733 0.076561429 0.989935338 83.228439331 0.021508191 0.996987402 -0.074520871 -5.373369217 -0.992658436 0.012421963 -0.120311901 80.396850586
-0.118642986 0.073038526 0.990247071 84.419288635 0.020907333 0.997253597 -0.071050391 -5.467134476 -0.992716849 0.012273795 -0.119844183 80.256233215
-0.117881104 0.072094247 0.990407348 85.618736267 0.021559620 0.997311831 -0.070030779 -5.556860924 -0.992793679 0.013097498 -0.119118541 80.116119385
-0.116698079 0.072377607 0.990526795 86.810890198 0.023237439 0.997267008 -0.070132434 -5.649806499 -0.992895544 0.014832983 -0.118061028 79.975463867
-0.115446761 0.072494537 0.990664721 88.006591797 0.025709350 0.997217178 -0.069977999 -5.741357803 -0.992980897 0.017390613 -0.116989285 79.833511353
-0.114328712 0.071937442 0.990834892 89.212615967 0.025001330 0.997267246 -0.069519624 -5.831113815 -0.993128359 0.016824102 -0.115814805 79.697776794
-0.113101654 0.072691679 0.990920663 90.426849365 0.026517682 0.997185707 -0.070124581 -5.922580719 -0.993229508 0.018345717 -0.114710972 79.560638428
-0.111941151 0.070690028 0.991197288 91.647811890 0.026758695 0.997319281 -0.068104632 -6.016041756 -0.993354499 0.018899435 -0.113532640 79.423667908
-0.110943109 0.069872230 0.991367519 92.875694275 0.025082061 0.997404575 -0.067490779 -6.105832100 -0.993510187 0.017377904 -0.112407692 79.293228149
-0.109508768 0.068678573 0.991610348 94.103881836 0.026517270 0.997456908 -0.066155046 -6.198685169 -0.993632078 0.019050241 -0.111051448 79.157661438
-0.108281314 0.069481902 0.991689324 95.329032898 0.024315855 0.997441173 -0.067229919 -6.290178776 -0.993822873 0.016834028 -0.109693751 79.039810181
-0.107167810 0.072215296 0.991614997 96.562210083 0.024881426 0.997241139 -0.069936015 -6.379753113 -0.993929565 0.017177900 -0.108668976 78.914230347
-0.106066220 0.071627475 0.991775930 97.809722900 0.022993978 0.997312188 -0.069568202 -6.465972424 -0.994093180 0.015426037 -0.107428126 78.784866333
-0.105816819 0.070129700 0.991909504 99.058029175 0.019256018 0.997467458 -0.068468407 -6.562500000 -0.994199157 0.011855119 -0.106899224 78.663467407
-0.106096983 0.070996054 0.991817951 100.309371948 0.016653968 0.997434795 -0.069616593 -6.654872894 -0.994216323 0.009131594 -0.107007183 78.544372559
-0.106484659 0.070495352 0.991812110 101.572517395 0.013801627 0.997492373 -0.069417275 -6.743278503 -0.994218469 0.006296746 -0.107190587 78.418518066
-0.108001426 0.067872457 0.991831124 102.833145142 0.011042944 0.997687101 -0.067070715 -6.835031033 -0.994089425 0.003709004 -0.108501174 78.295097351
-0.109305821 0.066328436 0.991792619 104.103355408 0.008721849 0.997796774 -0.065768726 -6.928620338 -0.993969917 0.001461360 -0.109643511 78.162490845
-0.110605575 0.065435134 0.991707861 105.354873657 0.006953778 0.997856796 -0.065065295 -7.020479202 -0.993840039 -0.000300466 -0.110823557 78.023132324
-0.112362899 0.066043675 0.991470039 106.618789673 0.007279178 0.997816741 -0.065641493 -7.109557629 -0.993640721 -0.000158581 -0.112598307 77.888015747
-0.114740089 0.064570010 0.991294682 107.883094788 0.006248325 0.997912407 -0.064277835 -7.200274467 -0.993375897 -0.001181314 -0.114904009 77.748229980
-0.118048042 0.059567515 0.991219640 109.154777527 0.003646906 0.998218358 -0.059553780 -7.291880608 -0.993001103 -0.003415322 -0.118054979 77.605575562
-0.122174859 0.059629612 0.990715623 110.416397095 0.002901297 0.998210907 -0.059722938 -7.376393318 -0.992504358 -0.004422282 -0.122129269 77.452804565
-0.127935678 0.065322384 0.989629090 111.666961670 -0.002478974 0.997804463 -0.066182509 -7.466743946 -0.991779387 -0.010920370 -0.127492875 77.309371948
-0.134974584 0.068015523 0.988511920 112.902877808 -0.001492313 0.997626126 -0.068846412 -7.561305046 -0.990847945 -0.010767688 -0.134552702 77.144783020
-0.144022226 0.064047650 0.987499595 114.149230957 0.000290160 0.997905970 -0.064680293 -7.653436661 -0.989574552 -0.009028866 -0.143739283 76.966445923
-0.155376524 0.062045023 0.985904872 115.389511108 0.002043851 0.998043716 -0.062486831 -7.743552208 -0.987853229 -0.007693945 -0.155199319 76.781234741
-0.168088943 0.063318916 0.983736157 116.607574463 0.002544113 0.997959495 -0.063799702 -7.825694084 -0.985768557 -0.008221286 -0.167907014 76.578826904
-0.181980997 0.063350670 0.981259227 117.835639954 0.004794602 0.997967780 -0.063540176 -7.916979313 -0.983290374 -0.006858361 -0.181914881 76.355056763
-0.196858972 0.060940094 0.978536010 119.064460754 0.005226644 0.998117328 -0.061108075 -8.008209229 -0.980417907 -0.006915214 -0.196806908 76.121841431
-0.212237656 0.063539110 0.975150228 120.273437500 0.009724376 0.997971773 -0.062909663 -8.100668907 -0.977169693 -0.003869073 -0.212425083 75.865425110
-0.227373332 0.067012027 0.971499383 121.461288452 0.010230016 0.997738779 -0.066427678 -8.187294006 -0.973753929 -0.005165433 -0.227544725 75.598968506
-0.242935985 0.071065612 0.967435598 122.646575928 0.009981970 0.997443199 -0.070763282 -8.274275780 -0.969990969 -0.007534040 -0.243024200 75.311172485
-0.259224772 0.068935893 0.963353634 123.832664490 0.006239070 0.997548223 -0.069703922 -8.367633820 -0.965796888 -0.012058561 -0.259019285 75.007324219
-0.274999738 0.063022889 0.959376514 125.021232605 0.000911326 0.997865915 -0.065290093 -8.466682434 -0.961444020 -0.017080454 -0.274470270 74.679229736
-0.291202754 0.058932249 0.954844475 126.196823120 -0.003164289 0.998036027 -0.062563039 -8.556135178 -0.956656039 -0.021239934 -0.290444404 74.347656250
-0.306060135 0.060596023 0.950081885 127.357742310 -0.004678134 0.997864485 -0.065150626 -8.640436172 -0.952000678 -0.024384616 -0.305123091 73.983963013
-0.320571661 0.062790170 0.945140839 128.515258789 -0.004902858 0.997677147 -0.067943349 -8.725045204 -0.947211564 -0.026414605 -0.319519162 73.605369568
-0.334605068 0.064802654 0.940127552 129.653381348 -0.003638837 0.997536480 -0.070054933 -8.819522858 -0.942351580 -0.026861703 -0.333544880 73.212173462
-0.348715454 0.065110065 0.934964299 130.795028687 -0.001629169 0.997540295 -0.070075430 -8.906755447 -0.937227249 -0.025959598 -0.347751588 72.796142578
-0.362970620 0.063045502 0.929665148 131.928100586 -0.001969479 0.997654319 -0.068425156 -8.999226570 -0.931798339 -0.026667280 -0.361995041 72.368560791
-0.377523899 0.061726619 0.923940361 133.051116943 -0.002263670 0.997711301 -0.067580052 -9.092828751 -0.925997078 -0.027604582 -0.376520187 71.919403076
-0.392782211 0.062858038 0.917480767 134.159881592 -0.003819356 0.997541130 -0.069978215 -9.188001633 -0.919623494 -0.030990385 -0.391576409 71.471206665
-0.407710940 0.064769998 0.910811007 135.253646851 -0.002927692 0.997383118 -0.072236910 -9.281417847 -0.913106382 -0.032118347 -0.406454414 70.999801636
-0.422286421 0.066765830 0.904000223 136.353851318 -0.001451689 0.997232676 -0.074329749 -9.373068810 -0.906461179 -0.032700766 -0.421020985 70.494888306
-0.436941504 0.069173023 0.896826208 137.430236816 0.001330848 0.997087181 -0.076257840 -9.474859238 -0.899488866 -0.032126684 -0.435760826 69.980560303
-0.451816648 0.072739162 0.889140368 138.504455566 0.001356004 0.996725261 -0.080851443 -9.574258804 -0.892109811 -0.035324361 -0.450435668 69.444183350
-0.467226684 0.075221486 0.880931795 139.583419800 0.001735198 0.996450245 -0.084165126 -9.669055939 -0.884136021 -0.037795596 -0.465698659 68.897354126
-0.482219398 0.072243251 0.873066783 140.661087036 0.000594369 0.996620715 -0.082138650 -9.780057907 -0.876050293 -0.039089929 -0.480632871 68.308197021
-0.498264432 0.067901291 0.864362180 141.729187012 -0.002033573 0.996834397 -0.079480112 -9.882925987 -0.867022753 -0.041359857 -0.496549040 67.708908081
-0.514617920 0.068001822 0.854718745 142.789489746 -0.002458541 0.996728897 -0.080780469 -9.986719131 -0.857416093 -0.043672428 -0.512767375 67.093307495
-0.530384421 0.067466296 0.845068395 143.852981567 -0.003521650 0.996644378 -0.081777677 -10.085769653 -0.847749829 -0.046349660 -0.528367162 66.445312500
-0.546146035 0.066499725 0.835046172 144.887939453 -0.003976085 0.996626973 -0.081967860 -10.189519882 -0.837680578 -0.048086639 -0.544039667 65.780456543
-0.561852813 0.065793775 0.824616790 145.917373657 -0.005446211 0.996516466 -0.083219908 -10.298232079 -0.827219307 -0.051248387 -0.559537232 65.102989197
-0.577249706 0.065010861 0.813975632 146.930160522 -0.005625204 0.996485472 -0.083576851 -10.408254623 -0.816548288 -0.052823491 -0.574855268 64.400054932
-0.592643321 0.062428497 0.803041935 147.956817627 -0.006152706 0.996611893 -0.082017303 -10.511930466 -0.805441499 -0.053547896 -0.590251446 63.671489716
-0.607445061 0.058914986 0.792173922 148.956695557 -0.006198735 0.996863961 -0.078891292 -10.616874695 -0.794337511 -0.052832592 -0.605174899 62.918094635
-0.622534931 0.057000406 0.780513287 149.947906494 -0.005484122 0.997001886 -0.077184521 -10.726536751 -0.782572806 -0.052330486 -0.620355725 62.147506714
-0.637070656 0.055352360 0.768815398 150.919479370 -0.006326966 0.997009158 -0.077024378 -10.830554962 -0.770779431 -0.053934235 -0.634815037 61.356418610
-0.651823103 0.056294322 0.756278932 151.876419067 -0.007456289 0.996717095 -0.080618016 -10.934887886 -0.758334398 -0.058187723 -0.649263620 60.554561615
-0.667034507 0.055712670 0.742940903 152.821929932 -0.009364215 0.996494412 -0.083133943 -11.045896530 -0.744967997 -0.062410261 -0.664174497 59.730175018
-0.682841361 0.052791230 0.728656828 153.768325806 -0.010826122 0.996545076 -0.082345150 -11.153116226 -0.730486453 -0.064117201 -0.679910660 58.872535706
-0.699109018 0.045086674 0.713592172 154.703369141 -0.014420465 0.996917784 -0.077115752 -11.264732361 -0.714869678 -0.064202636 -0.696304083 57.992752075
-0.715910375 0.042581964 0.696892619 155.620773315 -0.015441550 0.996928632 -0.076777898 -11.370442390 -0.698021412 -0.065727189 -0.713053882 57.085571289
-0.733266473 0.039544147 0.678790569 156.514953613 -0.017584305 0.996870637 -0.077070005 -11.475414276 -0.679713964 -0.068448909 -0.730276525 56.153995514
-0.750435889 0.035982966 0.659963071 157.385040283 -0.020309158 0.996790051 -0.077440970 -11.580160141 -0.660631180 -0.071517773 -0.747296214 55.201385498
-0.767016351 0.033969022 0.640727758 158.230941772 -0.020114416 0.996833801 -0.076927461 -11.686642647 -0.641312242 -0.071892485 -0.763904512 54.226737976
-0.782905042 0.036280710 0.621082485 159.044143677 -0.017649800 0.996601284 -0.080465168 -11.797519684 -0.621890843 -0.073958576 -0.779603720 53.230564117
-0.797683477 0.036300141 0.601982951 159.826187134 -0.013957958 0.996808112 -0.078604102 -11.898956299 -0.602914810 -0.071103632 -0.794630885 52.208744049
-0.811940849 0.037139669 0.582557082 160.581802368 -0.010154519 0.996924460 -0.077709645 -12.018032074 -0.583651423 -0.069011226 -0.809066415 51.155498505
-0.825975001 0.038607158 0.562383115 161.309844971 -0.008101967 0.996735811 -0.080324538 -12.128944397 -0.563648522 -0.070902467 -0.822966099 50.099014282
-0.839550614 0.040127583 0.541797519 162.013763428 -0.007135131 0.996368110 -0.084851168 -12.242162704 -0.543234646 -0.075102650 -0.836215138 49.025184631
-0.852208197 0.040837400 0.521606624 162.702178955 -0.003990646 0.996412873 -0.084530719 -12.359500885 -0.523187578 -0.074119322 -0.848988295 47.927104950
-0.863695323 0.038974266 0.502505362 163.363540649 -0.002823592 0.996615946 -0.082150564 -12.473996162 -0.504006684 -0.072371915 -0.860662341 46.816337585
-0.873998463 0.040616326 0.484228224 163.996215820 -0.000153447 0.996477544 -0.083859935 -12.590777397 -0.485928744 -0.073367760 -0.870913506 45.686801910
-0.883299053 0.042969067 0.466836542 164.599502563 0.002049321 0.996135175 -0.087809831 -12.698253632 -0.468805492 -0.076605640 -0.879973233 44.564334869
-0.892286003 0.040537510 0.449647009 165.191787720 0.000386848 0.996029019 -0.089028411 -12.821310043 -0.451470464 -0.079264857 -0.888758421 43.436386108
-0.900322258 0.038058192 0.433556616 165.764343262 -0.000391635 0.996098101 -0.088252105 -12.945989609 -0.435223699 -0.079625130 -0.896794379 42.303180695
-0.907283485 0.036094036 0.418967962 166.310195923 -0.001304409 0.996063292 -0.088635445 -13.064372063 -0.420517892 -0.080963969 -0.903664529 41.133377075
-0.913922548 0.034254834 0.404440641 166.850738525 -0.001546924 0.996131241 -0.087864757 -13.190149307 -0.405885726 -0.080927201 -0.910333753 39.973220825
-0.920052409 0.031454064 0.390530467 167.371307373 -0.002906153 0.996196866 -0.087082177 -13.311546326 -0.391784310 -0.081255138 -0.916461945 38.806747437
-0.925620317 0.026460329 0.377527356 167.871215820 -0.005426261 0.996522367 -0.083148852 -13.435811996 -0.378414601 -0.079012841 -0.922257781 37.622802734
-0.930751622 0.022695441 0.364947051 168.363189697 -0.006976312 0.996788025 -0.079780757 -13.550627708 -0.365585506 -0.076802053 -0.927603722 36.437873840
-0.934829175 0.023143955 0.354342699 168.825408936 -0.004454458 0.997030914 -0.076873049 -13.656395912 -0.355069786 -0.073441580 -0.931950510 35.223155975
-0.938043118 0.027211422 0.345448434 169.282333374 0.000053714 0.996923327 -0.078383073 -13.770464897 -0.346518546 -0.073508136 -0.935158432 34.020114899
-0.940159678 0.032929033 0.339139342 169.718292236 0.005883319 0.996739626 -0.080469608 -13.871357918 -0.340683401 -0.073659033 -0.937288105 32.806575775
-0.941895306 0.036089629 0.333962262 170.144073486 0.008802559 0.996522069 -0.082862742 -13.984676361 -0.335791230 -0.075108297 -0.938937306 31.595819473
-0.943677247 0.033403404 0.329176962 170.579071045 0.006714660 0.996619463 -0.081883051 -14.096394539 -0.330799222 -0.075060852 -0.940711260 30.374315262
-0.945492089 0.026317859 0.324579954 171.012252808 0.000955507 0.996948838 -0.078052051 -14.211521149 -0.325643718 -0.073487468 -0.942632496 29.161010742
-0.947322667 0.019778859 0.319669455 171.443344116 -0.004941107 0.997069955 -0.076334260 -14.319598198 -0.320242673 -0.073892698 -0.944449246 27.937641144
-0.948884904 0.013069672 0.315351605 171.868652344 -0.012100781 0.996901214 -0.077727288 -14.426703453 -0.315390199 -0.077570252 -0.945786357 26.711580276
-0.950267673 0.010598820 0.311253697 172.286453247 -0.015188231 0.996654332 -0.080308266 -14.537528992 -0.311063528 -0.081041761 -0.946927428 25.498069763
-0.950877488 0.010963470 0.309373349 172.688980103 -0.015328616 0.996479273 -0.082426339 -14.653269768 -0.309187740 -0.083119594 -0.947361648 24.273481369
-0.951146424 0.010957156 0.308545649 173.096664429 -0.016043443 0.996265650 -0.084836408 -14.763795853 -0.308323085 -0.085641973 -0.947418809 23.049070358
-0.951140463 0.013862895 0.308447093 173.502807617 -0.013805303 0.996083021 -0.087338723 -14.875817299 -0.308449745 -0.087329581 -0.947223485 21.818584442
-0.950626314 0.014807417 0.309984535 173.907531738 -0.013283292 0.996004164 -0.088313103 -15.002100945 -0.310053527 -0.088070370 -0.946631074 20.587329865
-0.950323820 0.015885567 0.310857296 174.314941406 -0.012800494 0.995857418 -0.090023234 -15.124995232 -0.310999542 -0.089530371 -0.946183681 19.383682251
-0.949714541 0.017364198 0.312635183 174.725509644 -0.011061513 0.995977342 -0.088920340 -15.257699966 -0.312921584 -0.087907143 -0.945702076 18.156711578
-0.949139953 0.017041974 0.314393014 175.141479492 -0.011716312 0.995930791 -0.089356437 -15.379781723 -0.314636499 -0.088495307 -0.945078015 16.953773499
-0.947560728 0.016002454 0.319174826 175.546630859 -0.013083885 0.995965540 -0.088777862 -15.509628296 -0.319307804 -0.088298470 -0.943528354 15.721508026
-0.945845544 0.014388574 0.324297994 175.966949463 -0.014474333 0.996154130 -0.086413495 -15.631780624 -0.324294180 -0.086427808 -0.941999733 14.500339508
-0.944080889 0.012280211 0.329484940 176.403549194 -0.016243586 0.996360421 -0.083678424 -15.749926567 -0.329313308 -0.084351204 -0.940445423 13.304759979
-0.941686809 0.009805387 0.336347669 176.844360352 -0.018466009 0.996563137 -0.080752388 -15.865901947 -0.335983604 -0.082254469 -0.938269198 12.103080750
-0.939134598 0.012112821 0.343335897 177.290771484 -0.016650038 0.996599257 -0.080703050 -15.978249550 -0.343145728 -0.081507593 -0.935739040 10.905273438
-0.935975969 0.013097628 0.351819992 177.738647461 -0.016226165 0.996640921 -0.080270991 -16.093341827 -0.351689547 -0.080840386 -0.932619572 9.716514587
-0.932257354 0.016269045 0.361429811 178.194152832 -0.014648131 0.996472061 -0.082636990 -16.207990646 -0.361499190 -0.082333229 -0.928730130 8.529220581
-0.928151906 0.017427012 0.371793419 178.666152954 -0.013975598 0.996567011 -0.081600890 -16.319166183 -0.371939152 -0.080934055 -0.924722075 7.352676392
-0.923314631 0.019535406 0.383546978 179.157287598 -0.013269765 0.996486247 -0.082698971 -16.436492920 -0.383814842 -0.081446752 -0.919811070 6.175685883
-0.917992949 0.021525275 0.396012217 179.677398682 -0.012780318 0.996401846 -0.083785459 -16.548633575 -0.396390736 -0.081975617 -0.914414763 5.012504578
-0.912081122 0.023878425 0.409313828 180.203704834 -0.011546485 0.996410847 -0.083857514 -16.662858963 -0.409847200 -0.081211008 -0.908531845 3.842346191
-0.905784726 0.023035947 0.423111558 180.742248535 -0.012380973 0.996656120 -0.080766864 -16.783563614 -0.423557281 -0.078395948 -0.902470589 2.675781250
-0.899293125 0.026356192 0.436551541 181.305679321 -0.009920631 0.996696234 -0.080610566 -16.902320862 -0.437233895 -0.076823406 -0.896060646 1.512329102
-0.892256916 0.028677199 0.450616479 181.874099731 -0.008363183 0.996760309 -0.079993494 -17.010482788 -0.451450646 -0.075143360 -0.889126360 0.361053467
-0.884981751 0.030484485 0.464626759 182.462844849 -0.006278164 0.996982634 -0.077370822 -17.124673843 -0.465583414 -0.071388766 -0.882120013 -0.768112183
-0.877565265 0.032123893 0.478379846 183.074310303 -0.004368718 0.997175694 -0.074975982 -17.231119156 -0.479437321 -0.067886233 -0.874946475 -1.882019043
-0.869309127 0.035374794 0.493001103 183.691299438 -0.000873483 0.997323990 -0.073102199 -17.338029861 -0.494267881 -0.063979022 -0.866952121 -2.992614746
-0.860463440 0.038548782 0.508051813 184.326995850 0.002364345 0.997425199 -0.071675941 -17.443038940 -0.509506702 -0.060473319 -0.858339071 -4.072891235
-0.850090325 0.041667152 0.524985969 184.975616455 0.005437726 0.997506499 -0.070365116 -17.546396255 -0.526608825 -0.056961969 -0.848197222 -5.145195007
-0.839300692 0.045042325 0.541798234 185.644409180 0.008879148 0.997564852 -0.069177710 -17.647588730 -0.543594956 -0.053250201 -0.837656915 -6.184265137
-0.828231752 0.046710730 0.558435678 186.341461182 0.009722392 0.997567713 -0.069022678 -17.742336273 -0.560301602 -0.051737431 -0.826671302 -7.219169617
-0.816784620 0.048898295 0.574866831 187.061126709 0.010985943 0.997539401 -0.069241814 -17.836151123 -0.576838136 -0.050240196 -0.815312028 -8.232849121
-0.804323256 0.051180653 0.591983676 187.790283203 0.012761438 0.997541547 -0.068904787 -17.934226990 -0.594054937 -0.047867157 -0.802999020 -9.227394104
-0.790352464 0.052659750 0.610385180 188.540756226 0.013915735 0.997585118 -0.068045966 -18.011638641 -0.612494528 -0.045286331 -0.789176583 -10.222229004
-0.775916874 0.054373883 0.628487408 189.311523438 0.016031981 0.997656286 -0.066519953 -18.104717255 -0.630631387 -0.041538056 -0.774970114 -11.151573181
