1.000000000 0.000000000 0.000000000 0.000000000 0.000000000 1.000000000 0.000000000 0.000000000 0.000000000 0.000000000 1.000000000 0.000000000
0.999998033 0.000767475 0.001832726 -0.007464984 -0.000759545 0.999990344 -0.004323938 -0.005849959 -0.001836027 0.004322537 0.999988973 0.962493956
0.999996781 -0.000962303 0.002340088 -0.006540151 0.000974662 0.999985516 -0.005285775 -0.002394189 -0.002334968 0.005288039 0.999983311 1.899764538
0.999993324 -0.002430732 0.002723952 -0.010988235 0.002434230 0.999996245 -0.001281477 -0.001040613 -0.002720827 0.001288099 0.999995470 2.853792191
0.999985754 -0.004915825 0.002055816 -0.008623656 0.004906090 0.999976873 0.004714100 -0.001223838 -0.002078942 -0.004703946 0.999986768 3.811582088
0.999961436 -0.008765666 0.000545451 -0.003764182 0.008763098 0.999951303 0.004544168 0.005801355 -0.000585258 -0.004539213 0.999989510 4.741138935
0.999936163 -0.011296823 -0.000372217 -0.002067557 0.011297452 0.999934673 0.001735017 0.009556052 0.000352593 -0.001739112 0.999998391 5.684527397
0.999925613 -0.012156313 -0.000920325 -0.008724210 0.012154540 0.999924421 -0.001908530 0.013512014 0.000943456 0.001897201 0.999997735 6.613895416
0.999933958 -0.011346778 -0.001815026 -0.013935929 0.011342574 0.999933124 -0.002309843 0.007886460 0.001841114 0.002289104 0.999995708 7.526563644
0.999937177 -0.010841782 -0.002851616 -0.019670460 0.010840449 0.999941111 -0.000482964 0.007933218 0.002856684 0.000452020 0.999995828 8.458692551
0.999934852 -0.010877781 -0.003453898 -0.027999865 0.010886404 0.999937654 0.002487812 0.007909432 0.003426621 -0.002525251 0.999990940 9.378191948
0.999929845 -0.011074065 -0.004207944 -0.035602298 0.011092142 0.999929249 0.004297112 0.006989066 0.004160060 -0.004343485 0.999981940 10.301947594
0.999910414 -0.012447242 -0.004912407 -0.041806303 0.012471279 0.999910176 0.004893723 0.014245935 0.004851053 -0.004954549 0.999975979 11.217323303
0.999905288 -0.012510594 -0.005733678 -0.050155513 0.012538862 0.999909222 0.004921181 0.016482200 0.005671591 -0.004992608 0.999971449 12.137846947
0.999891996 -0.013062751 -0.006731974 -0.054879777 0.013085449 0.999908745 0.003338364 0.023866158 0.006687751 -0.003426095 0.999971747 13.042549133
0.999873817 -0.013536733 -0.008303662 -0.061112992 0.013547434 0.999907494 0.001233884 0.029602764 0.008286191 -0.001346221 0.999964714 13.956541061
0.999839306 -0.014916126 -0.009933933 -0.069823764 0.014917898 0.999888718 0.000104488 0.030579174 0.009931269 -0.000252665 0.999950588 14.857913971
0.999826252 -0.014889849 -0.011226909 -0.087755509 0.014881819 0.999888957 -0.000798536 0.032006774 0.011237554 0.000631320 0.999936581 15.736913681
0.999838889 -0.013256606 -0.012110280 -0.113293052 0.013233921 0.999910533 -0.001951310 0.034431227 0.012135064 0.001790729 0.999924660 16.644184113
0.999834538 -0.011497693 -0.014098900 -0.128063619 0.011470543 0.999932230 -0.002005122 0.034204505 0.014120998 0.001843068 0.999898553 17.540172577
0.999792993 -0.012247389 -0.016248437 -0.133584246 0.012234307 0.999924719 -0.000904260 0.030573696 0.016258292 0.000705285 0.999867499 18.419054031
0.999765873 -0.012201427 -0.017870717 -0.150333047 0.012205068 0.999925494 0.000094622 0.035101209 0.017868236 -0.000312713 0.999840260 19.306966782
0.999751449 -0.011370221 -0.019179681 -0.174082965 0.011389864 0.999934733 0.000915180 0.032351892 0.019168023 -0.001133406 0.999815643 20.198141098
0.999717653 -0.012307091 -0.020325860 -0.195321918 0.012327782 0.999923527 0.000892897 0.029333604 0.020313315 -0.001143218 0.999792993 21.064697266
0.999680996 -0.012381810 -0.022017771 -0.217712641 0.012386459 0.999923289 0.000074676 0.035042927 0.022015158 -0.000347375 0.999757588 21.938343048
0.999671638 -0.011693277 -0.022807319 -0.246138692 0.011718328 0.999930799 0.000965101 0.029730262 0.022794457 -0.001232047 0.999739349 22.806497574
0.999648273 -0.011325330 -0.023982190 -0.269734323 0.011383345 0.999932528 0.002284061 0.038210791 0.023954706 -0.002556255 0.999709725 23.671350479
0.999612212 -0.012768989 -0.024747226 -0.291868597 0.012909434 0.999901414 0.005523580 0.037355326 0.024674257 -0.005840909 0.999678493 24.505079269
0.999600887 -0.012355659 -0.025408583 -0.315739751 0.012541193 0.999895751 0.007155577 0.038092405 0.025317525 -0.007471373 0.999651551 25.348493576
0.999598622 -0.010985282 -0.026116177 -0.341835082 0.011140163 0.999921203 0.005792306 0.039990500 0.026050491 -0.006080918 0.999642134 26.178512573
0.999580681 -0.010433444 -0.027011327 -0.366074473 0.010526719 0.999939084 0.003313259 0.043380972 0.026975112 -0.003596210 0.999629557 26.981731415
0.999564052 -0.010103329 -0.027740330 -0.391586185 0.010149647 0.999947309 0.001529326 0.048640814 0.027723417 -0.001810214 0.999613941 27.786167145
0.999539375 -0.009456361 -0.028837999 -0.415514827 0.009494201 0.999954224 0.001175540 0.049417019 0.028825559 -0.001448792 0.999583423 28.586864471
0.999505103 -0.009779215 -0.029900681 -0.442207217 0.009800006 0.999951780 0.000548877 0.051578816 0.029893868 -0.000841633 0.999552727 29.370681763
0.999457359 -0.008804683 -0.031738658 -0.477951318 0.008804039 0.999961197 -0.000160049 0.049153257 0.031738833 -0.000119466 0.999496222 30.139854431
0.999373615 -0.009312361 -0.034142356 -0.497172117 0.009314123 0.999956548 -0.000107492 0.044387732 0.034141876 -0.000210581 0.999416947 30.916358948
0.999303818 -0.009402509 -0.036103547 -0.530160308 0.009450994 0.999954581 0.001172492 0.045409057 0.036090884 -0.001512891 0.999347270 31.673084259
0.999221623 -0.009154449 -0.038372423 -0.555766642 0.009277832 0.999952376 0.003038551 0.052227594 0.038342774 -0.003392199 0.999258935 32.433937073
0.999169588 -0.008387357 -0.039870150 -0.600610137 0.008579353 0.999952376 0.004646902 0.051676750 0.039829284 -0.004985104 0.999194086 33.172786713
0.999105930 -0.007093275 -0.041676085 -0.635726631 0.007298970 0.999961913 0.004785478 0.053428724 0.041640554 -0.005085392 0.999119759 33.904811859
0.999036312 -0.004442154 -0.043663312 -0.672341168 0.004628805 0.999980509 0.004174563 0.052062631 0.043643925 -0.004372648 0.999037623 34.621543884
0.998937488 -0.003267199 -0.045969445 -0.700963199 0.003422369 0.999988735 0.003297213 0.060829166 0.045958154 -0.003451034 0.998937428 35.341049194
0.998872936 -0.002776479 -0.047381785 -0.741439402 0.002984084 0.999986351 0.004311394 0.065234102 0.047369160 -0.004447927 0.998867512 36.047283173
0.998810112 -0.001772522 -0.048735872 -0.773172140 0.002076036 0.999978721 0.006177821 0.069767848 0.048723895 -0.006271647 0.998792589 36.744972229
0.998819828 0.001492029 -0.048545294 -0.819302738 -0.001152752 0.999974728 0.007016113 0.065813318 0.048554532 -0.006951871 0.998796344 37.404624939
0.998866618 0.004483554 -0.047385618 -0.859295070 -0.004244182 0.999977767 0.005150989 0.062408343 0.047407657 -0.004944037 0.998863399 38.066478729
0.998939633 0.006264686 -0.045610640 -0.896899521 -0.006176818 0.999978781 0.002067141 0.064743429 0.045622621 -0.001783221 0.998957157 38.723648071
0.999028385 0.006476584 -0.043592557 -0.923903883 -0.006492831 0.999978840 -0.000231150 0.072646536 0.043590136 0.000513965 0.999049485 39.362953186
0.999153793 0.007664312 -0.040410142 -0.954204977 -0.007638754 0.999970436 0.000786835 0.074355394 0.040414989 -0.000477486 0.999182820 40.006599426
0.999246359 0.011911751 -0.036943890 -0.987024605 -0.011784689 0.999923825 0.003655171 0.071976513 0.036984615 -0.003217044 0.999310613 40.642734528
0.999304295 0.016565923 -0.033412922 -1.015618205 -0.016347116 0.999843180 0.006811099 0.077754393 0.033520509 -0.006260155 0.999418437 41.273818970
0.999339461 0.021497449 -0.029299604 -1.038936615 -0.021280812 0.999743998 0.007685783 0.080376029 0.029457325 -0.007057186 0.999541163 41.876823425
0.999400496 0.025179612 -0.023763951 -1.060408115 -0.025003219 0.999657810 0.007690975 0.089067638 0.023949470 -0.007092189 0.999688029 42.477790833
0.999413848 0.029213430 -0.017850738 -1.077716827 -0.029040709 0.999529600 0.009859542 0.089332700 0.018130377 -0.009335364 0.999792099 43.044567108
0.999345064 0.034385957 -0.011280926 -1.095426917 -0.034257684 0.999348223 0.011374153 0.084609538 0.011664688 -0.010980244 0.999871612 43.585132599
0.999289632 0.037488714 -0.003834776 -1.103554249 -0.037443601 0.999235630 0.011227566 0.085065365 0.004252751 -0.011076005 0.999929547 44.119628906
0.999156952 0.040895071 0.003610093 -1.110761762 -0.040933464 0.999098003 0.011292211 0.086387575 -0.003145039 -0.011430465 0.999929667 44.619281769
0.998920321 0.045215741 0.010666118 -1.105944037 -0.045330279 0.998914123 0.010752686 0.088870645 -0.010168347 -0.011224573 0.999885261 45.099456787
0.998598993 0.049654566 0.018284963 -1.100410104 -0.049808074 0.998726487 0.008037417 0.093337387 -0.017862579 -0.008936895 0.999800622 45.564987183
0.998314440 0.051725838 0.026319973 -1.093049407 -0.051876821 0.998640478 0.005085516 0.092982516 -0.026021142 -0.006442339 0.999640584 46.007198334
0.998059511 0.052098010 0.034103420 -1.079501867 -0.052288793 0.998620749 0.004725729 0.095203117 -0.033810187 -0.006499785 0.999407113 46.418613434
0.997805834 0.051217832 0.041955445 -1.056494594 -0.051512972 0.998654425 0.005983295 0.096960515 -0.041592531 -0.008131418 0.999101579 46.821956635
0.997335851 0.053003684 0.050116841 -1.037088871 -0.053405672 0.998550296 0.006715343 0.098468319 -0.049688250 -0.009373978 0.998720706 47.206081390
0.996692181 0.055970941 0.058925465 -1.016987562 -0.056469895 0.998380899 0.006835324 0.100520447 -0.058447480 -0.010140224 0.998239100 47.555980682
0.995842516 0.061066248 0.067591831 -0.993016481 -0.061631132 0.998079121 0.006301864 0.099875361 -0.067077167 -0.010441424 0.997693121 47.878921509
0.994979799 0.064430989 0.076576009 -0.975373983 -0.065090537 0.997860432 0.006145952 0.100793868 -0.076016180 -0.011099472 0.997044802 48.183002472
0.994309127 0.063431330 0.085591517 -0.933387756 -0.064257570 0.997909248 0.006930268 0.094283342 -0.084972963 -0.012390732 0.996306181 48.453117371
0.993330657 0.062810309 0.096690595 -0.913611889 -0.063603722 0.997961998 0.005142299 0.096851036 -0.096170552 -0.011257887 0.995301187 48.729763031
0.992204010 0.061210588 0.108556934 -0.879426003 -0.061619420 0.998099685 0.000412332 0.102076337 -0.108325407 -0.007098333 0.994090140 49.005725861
0.990611494 0.062273759 0.121699475 -0.835361958 -0.062315311 0.998050511 -0.003468307 0.095633537 -0.121678211 -0.004147996 0.992560923 49.252082825
0.988459408 0.064115636 0.137248322 -0.796060562 -0.063963026 0.997937024 -0.005526532 0.090644985 -0.137319505 -0.003316064 0.990521312 49.519439697
0.985964179 0.065623470 0.153519005 -0.749646187 -0.065327443 0.997839510 -0.006977394 0.090103626 -0.153645217 -0.003149545 0.988121033 49.776988983
0.983063400 0.066329919 0.170840979 -0.705408096 -0.065885514 0.997792840 -0.008275944 0.090532035 -0.171012864 -0.003120169 0.985263824 50.055522919
0.979945242 0.065312155 0.188259616 -0.635046005 -0.064684734 0.997860730 -0.009481171 0.087891608 -0.188476086 -0.002886495 0.982073545 50.239261627
0.976092279 0.064396031 0.207598373 -0.567325592 -0.063756369 0.997917533 -0.009777727 0.085565746 -0.207795739 -0.003691754 0.978165329 50.474895477
0.971560895 0.064765036 0.227760836 -0.494462013 -0.063975237 0.997892439 -0.010856575 0.077316225 -0.227983952 -0.004023230 0.973656595 50.716331482
0.966215074 0.066817246 0.248925328 -0.428256035 -0.065580055 0.997759104 -0.013269327 0.077011943 -0.249254122 -0.003503513 0.968431771 50.974872589
0.960072339 0.067864001 0.271395832 -0.344412804 -0.066142350 0.997689903 -0.015496868 0.074860513 -0.271820515 -0.003072644 0.962342978 51.189331055
0.952758193 0.069012754 0.295785666 -0.248222351 -0.067195959 0.997606456 -0.016316049 0.062879026 -0.296203643 -0.004330352 0.955115020 51.435131073
0.944191515 0.071970813 0.321438551 -0.151646614 -0.070154421 0.997387111 -0.017246097 0.056625366 -0.321839839 -0.006266712 0.946773410 51.677066803
0.934150696 0.074373133 0.349043190 -0.051998138 -0.072425023 0.997199535 -0.018648015 0.054815233 -0.349452615 -0.007859405 0.936921060 51.925502777
0.922967553 0.075288638 0.377442241 0.068092346 -0.073125020 0.997120559 -0.020082114 0.045540810 -0.377867341 -0.009065334 0.925815344 52.162101746
0.910423577 0.073398665 0.407113671 0.209970474 -0.070272185 0.997270823 -0.022649355 0.046228409 -0.407664955 -0.007988266 0.913096607 52.391952515
0.895300984 0.070677467 0.439819187 0.347711563 -0.066299826 0.997478127 -0.025330691 0.039120913 -0.440500349 -0.006481347 0.897729039 52.626655579
0.878208399 0.070253268 0.473090470 0.512960434 -0.063976385 0.997519135 -0.029369386 0.023667216 -0.473980069 -0.004474176 0.880524158 52.838478088
0.858690798 0.071683787 0.507456005 0.665008545 -0.062983923 0.997424245 -0.034319125 0.011875868 -0.508609056 -0.002492055 0.860993981 53.054748535
0.837020099 0.073540024 0.542207778 0.852933884 -0.062329020 0.997291565 -0.039044462 0.006239653 -0.543610573 -0.001114267 0.839336872 53.281024933
0.812449753 0.076139219 0.578038216 1.045335770 -0.063188300 0.997095227 -0.042524412 -0.009644628 -0.579596937 -0.001976304 0.814900875 53.508590698
0.785092831 0.080033273 0.614185572 1.255468369 -0.066036887 0.996780396 -0.045475662 -0.023476720 -0.615847707 -0.004856286 0.787850261 53.728588104
0.755105853 0.084455565 0.650140166 1.483627319 -0.069664277 0.996389687 -0.048522968 -0.039311767 -0.651890993 -0.008651570 0.758263171 53.970077515
0.721987665 0.085554346 0.686596096 1.739387512 -0.069300324 0.996277511 -0.051270153 -0.054195642 -0.688426673 -0.010564922 0.725228906 54.200248718
0.685342550 0.083182111 0.723454356 2.024486542 -0.065643743 0.996466935 -0.052387223 -0.072139025 -0.725256085 -0.011587068 0.688381672 54.432739258
0.646274447 0.081950240 0.758691967 2.331293106 -0.062928975 0.996554017 -0.054038342 -0.091636896 -0.760505795 -0.012820108 0.649204373 54.649108887
0.604019523 0.081071913 0.792835295 2.679426193 -0.060604874 0.996604562 -0.055736806 -0.117168784 -0.794661880 -0.014383575 0.606881917 54.870681763
0.558043480 0.080621690 0.825885952 3.046274185 -0.056613553 0.996649086 -0.059038069 -0.134856343 -0.827878296 -0.013810532 0.560737908 55.084148407
0.509684980 0.079517819 0.856678545 3.440263748 -0.053500809 0.996722043 -0.060686242 -0.164216399 -0.858696043 -0.014902130 0.512268543 55.284507751
0.460678607 0.077629618 0.884165645 3.851833344 -0.051394690 0.996829391 -0.060743209 -0.185535669 -0.886077881 -0.017458323 0.463207722 55.470886230
0.411299139 0.075382806 0.908377945 4.315841675 -0.051393520 0.996906817 -0.059459317 -0.216296315 -0.910050392 -0.022229169 0.413901120 55.649784088
0.361211985 0.075104475 0.929454327 4.774089813 -0.054418832 0.996750176 -0.059393637 -0.236437321 -0.930894494 -0.029126124 0.364125252 55.806049347
0.312033921 0.075559996 0.947061539 5.240243912 -0.052256949 0.996688366 -0.062301993 -0.258924127 -0.948632777 -0.030050205 0.314949095 55.931278229
0.264982909 0.072196119 0.961546540 5.725994110 -0.040799759 0.997139513 -0.063624963 -0.290619612 -0.963389575 -0.022371342 0.267170578 56.022994995
0.220694125 0.066810116 0.973052144 6.251194000 -0.027264073 0.997683883 -0.062317692 -0.311239779 -0.974961996 -0.012776222 0.222004488 56.105892181
0.178631932 0.065495118 0.981733680 6.765150070 -0.018719941 0.997827649 -0.063162632 -0.347046137 -0.983738005 -0.007095136 0.179469943 56.157142639
0.140345022 0.066581033 0.987861454 7.294535637 -0.015000815 0.997764826 -0.065117359 -0.373016119 -0.989989042 -0.005679828 0.141030133 56.202121735
0.107329816 0.067588039 0.991923451 7.860682964 -0.006200053 0.997712731 -0.067311645 -0.407696784 -0.994204164 0.001074568 0.107503392 56.252265930
0.078506961 0.065861121 0.994735599 8.416305542 0.000784043 0.997810960 -0.066126600 -0.448331058 -0.996913254 0.005971315 0.078283459 56.267692566
0.053800624 0.064255916 0.996482134 8.983223915 0.007682228 0.997871220 -0.064760260 -0.480638176 -0.998522222 0.011139344 0.053192470 56.272872925
0.033692900 0.063510269 0.997412264 9.595736504 0.012738567 0.997870624 -0.063969754 -0.503840625 -0.999351025 0.014860931 0.032812122 56.276718140
0.018040489 0.065468095 0.997691631 10.181333542 0.015556505 0.997714758 -0.065750904 -0.531201899 -0.999716163 0.016706774 0.016980806 56.275714874
0.004270836 0.065105729 0.997869253 10.807115555 0.016183563 0.997743070 -0.065166779 -0.568090320 -0.999859869 0.016427396 0.003207555 56.277877808
-0.007583326 0.065732978 0.997808516 11.441349983 0.016799279 0.997704685 -0.065598473 -0.609956801 -0.999830067 0.016265009 -0.008670187 56.274608612
-0.016497321 0.068612531 0.997506976 12.071200371 0.021857392 0.997429073 -0.068245687 -0.646088719 -0.999624908 0.020677036 -0.017954605 56.248817444
-0.022790581 0.070598237 0.997244418 12.712898254 0.026139682 0.997204542 -0.069998033 -0.680414081 -0.999398410 0.024472360 -0.024572290 56.217971802
-0.027103119 0.069741175 0.997196853 13.350895882 0.027211037 0.997245073 -0.069004975 -0.715749741 -0.999262154 0.025264515 -0.028926183 56.189239502
-0.030681996 0.067655548 0.997236848 14.064758301 0.024591839 0.997455657 -0.066913761 -0.748346627 -0.999226630 0.022470845 -0.032267701 56.173725128
-0.033118788 0.060582060 0.997613668 14.748861313 0.022468992 0.997954130 -0.059856798 -0.790844500 -0.999198794 0.020432992 -0.034412246 56.155628204
-0.034274366 0.054937422 0.997901320 15.427613258 0.023913641 0.998247147 -0.054135118 -0.825238764 -0.999126315 0.022008004 -0.035528049 56.130054474
-0.034702443 0.052294783 0.998028576 16.167148590 0.026540959 0.998326182 -0.051387519 -0.862553000 -0.999045134 0.024705365 -0.036032300 56.095058441
-0.034670964 0.054614656 0.997905374 16.886842728 0.029762624 0.998119175 -0.053592291 -0.901333869 -0.998955488 0.027842188 -0.036231227 56.070632935
-0.033764586 0.061662380 0.997525752 17.589355469 0.030671859 0.997688711 -0.060634255 -0.936765969 -0.998959005 0.028548680 -0.035577849 56.041881561
-0.031480588 0.070261955 0.997031629 18.324279785 0.031600818 0.997097373 -0.069268785 -0.964428067 -0.999004602 0.029326400 -0.033609547 56.022747040
-0.029065199 0.071142524 0.997042596 19.051679611 0.032300897 0.997009933 -0.070198566 -0.995621920 -0.999055445 0.030165032 -0.031276260 55.998699188
-0.027287567 0.066480987 0.997414470 19.829092026 0.031533886 0.997346640 -0.065613747 -1.045507193 -0.999130130 0.029661916 -0.029311568 55.982212067
-0.024579797 0.060056601 0.997892261 20.578676224 0.031161660 0.997754872 -0.059280761 -1.089953184 -0.999212027 0.029638877 -0.026396072 55.964221954
-0.022063633 0.058330175 0.998053432 21.353935242 0.029387066 0.997902989 -0.057671733 -1.137335062 -0.999324560 0.028057417 -0.023731520 55.955326080
-0.019134851 0.063946508 0.997769833 22.087791443 0.037072282 0.997311771 -0.063206166 -1.178673267 -0.999129355 0.035780162 -0.021454053 55.942352295
-0.015688796 0.069483794 0.997459650 22.855871201 0.038671192 0.996878266 -0.068835042 -1.220075607 -0.999128819 0.037493024 -0.018326839 55.925476074
-0.013204348 0.070071392 0.997454524 23.600749969 0.032604024 0.997041225 -0.069610745 -1.260954261 -0.999381125 0.031601869 -0.015449891 55.926036835
-0.009992763 0.066462569 0.997739017 24.382427216 0.028003888 0.997415960 -0.066160597 -1.311284900 -0.999557853 0.027279440 -0.011828153 55.931190491
-0.005125457 0.062901795 0.998006582 25.134876251 0.031918433 0.997521460 -0.062707298 -1.360058427 -0.999477267 0.031533398 -0.007120481 55.919620514
-0.001754602 0.063808605 0.997960627 25.876199722 0.036748044 0.997292221 -0.063701272 -1.408607602 -0.999323070 0.036561325 -0.004094691 55.913253784
0.001173669 0.068464674 0.997652829 26.616468430 0.035982206 0.997004688 -0.068462521 -1.455176592 -0.999351799 0.035978097 -0.001293355 55.916427612
0.004789609 0.069314800 0.997583270 27.427413940 0.032737669 0.997049153 -0.069434866 -1.498420477 -0.999452531 0.032991119 0.002506270 55.926074982
0.008486054 0.068648860 0.997604728 28.177326202 0.032077059 0.997108638 -0.068887576 -1.547323465 -0.999449372 0.032584812 0.006259464 55.934459686
0.012044201 0.065256424 0.997795880 28.920248032 0.035987262 0.997193456 -0.065651424 -1.599837661 -0.999279678 0.036698662 0.009661999 55.942577362
0.015545689 0.066193491 0.997685730 29.697647095 0.040795937 0.996933341 -0.066779241 -1.642840385 -0.999046564 0.041739658 0.012797592 55.955444336
0.019128976 0.067033209 0.997567356 30.481666565 0.043797635 0.996735990 -0.067817189 -1.692439556 -0.998857260 0.044988364 0.016130639 55.966960907
0.021776542 0.066934898 0.997519732 31.222425461 0.044524204 0.996701419 -0.067851990 -1.737832546 -0.998770952 0.045891348 0.018724490 55.979972839
0.025209656 0.065397799 0.997540772 31.982889175 0.045495439 0.996748984 -0.066495642 -1.784779310 -0.998646379 0.047059894 0.022152396 56.001716614
0.029435765 0.064454749 0.997486413 32.739620209 0.048063438 0.996673226 -0.065820560 -1.829461813 -0.998410463 0.049880102 0.026239924 56.012493134
0.032311630 0.064665295 0.997383773 33.532810211 0.045840487 0.996758819 -0.066109844 -1.885057926 -0.998426020 0.047856670 0.029242614 56.040672302
0.035518657 0.066329382 0.997165442 34.292575836 0.043127388 0.996763647 -0.067838848 -1.930226803 -0.998437941 0.045414682 0.032543097 56.068744659
0.038718291 0.066371419 0.997043550 35.058868408 0.045071077 0.996660173 -0.068096146 -1.978167295 -0.998233199 0.047574386 0.035597544 56.091030121
0.041028846 0.066144638 0.996966183 35.825607300 0.042750396 0.996776342 -0.067891389 -2.022766590 -0.998243034 0.045406204 0.038068868 56.134784698
0.042817347 0.066782773 0.996848404 36.599197388 0.040885933 0.996810436 -0.068536386 -2.067137480 -0.998246074 0.043691620 0.039950304 56.184799194
0.045860387 0.066790268 0.996712506 37.391448975 0.037980251 0.996924281 -0.068551980 -2.122383595 -0.998225570 0.040999219 0.043182623 56.219436646
0.049369380 0.068417832 0.996434510 38.161075592 0.036401536 0.996864974 -0.070250936 -2.175473452 -0.998117030 0.039739996 0.046724096 56.256938934
0.052555077 0.072425820 0.995988190 38.938983917 0.035399821 0.996604562 -0.074338563 -2.218567371 -0.997990370 0.039164681 0.049812768 56.303680420
0.056042627 0.074393332 0.995653033 39.715049744 0.035511773 0.996440828 -0.076451048 -2.275444031 -0.997796655 0.039641924 0.053201318 56.347564697
0.058821380 0.076675393 0.995319486 40.531890869 0.029373771 0.996481240 -0.078500815 -2.329100132 -0.997836292 0.033853814 0.056362156 56.411907196
0.060970295 0.075858966 0.995252669 41.316955566 0.025652921 0.996659279 -0.077537715 -2.384406567 -0.997809887 0.030258639 0.058820616 56.478897095
0.064342126 0.076224610 0.995012462 42.102661133 0.027489219 0.996564865 -0.078121111 -2.445572853 -0.997549295 0.032378592 0.062025752 56.532474518
0.068784378 0.077944100 0.994582057 42.897350311 0.026568636 0.996446550 -0.079927683 -2.496239662 -0.997277677 0.031922463 0.066469081 56.582927704
0.072351091 0.079077013 0.994239509 43.690219879 0.022983605 0.996455073 -0.080925770 -2.547666311 -0.997114360 0.028706273 0.070277132 56.650005341
0.076733239 0.077016741 0.994072676 44.501998901 0.021567337 0.996650636 -0.078881286 -2.605455637 -0.996818304 0.027492316 0.074815199 56.713466644
0.081406109 0.076990426 0.993702948 45.300807953 0.022135476 0.996626377 -0.079030313 -2.666603804 -0.996435165 0.028429639 0.079427265 56.779834747
0.086155079 0.080578983 0.993017793 46.110992432 0.018371966 0.996425867 -0.082449488 -2.728105545 -0.996112287 0.025347130 0.084366761 56.867504120
0.091732644 0.089087270 0.991790652 46.909488678 0.016253285 0.995723307 -0.090943836 -2.791649342 -0.995651066 0.024462370 0.089892387 56.957168579
0.099709339 0.093965307 0.990569830 47.721015930 0.014693898 0.995283306 -0.095891498 -2.857608080 -0.994908214 0.024116607 0.097858310 57.028327942
0.107091241 0.097081631 0.989498258 48.529685974 0.010460820 0.995056391 -0.098759107 -2.924823761 -0.994194210 0.020927198 0.105546266 57.122364044
0.113552339 0.094896682 0.988989711 49.344612122 0.006886782 0.995329022 -0.096295677 -3.001763821 -0.993508220 0.017745553 0.112368397 57.238525391
0.121456124 0.093341686 0.988198161 50.168087006 0.006943528 0.995464385 -0.094881415 -3.075026274 -0.992572486 0.018385513 0.120257117 57.339759827
0.128745273 0.089812212 0.987602353 50.988887787 0.006385570 0.995794713 -0.091389649 -3.145540476 -0.991657078 0.018072389 0.127630368 57.454185486
0.136216506 0.084432967 0.987074494 51.802783966 0.004125873 0.996304631 -0.085791849 -3.213313580 -0.990670443 0.015758811 0.135364756 57.569160461
0.143478498 0.077114604 0.986644447 52.630146027 0.001729175 0.996938467 -0.078170635 -3.278936863 -0.989651918 0.012921884 0.142905921 57.696609497
0.150409386 0.074373186 0.985822260 53.442836761 0.001641631 0.997146070 -0.075477950 -3.345492601 -0.988622427 0.012970950 0.149858028 57.835903168
0.157766506 0.076184154 0.984533250 54.257678986 0.001432904 0.997000754 -0.077378534 -3.410291195 -0.987475395 0.013618480 0.157184198 57.971649170
0.163185671 0.082373984 0.983150542 55.039562225 0.001866418 0.996480823 -0.083800673 -3.475704670 -0.986593604 0.015510038 0.162457660 58.108364105
0.168105587 0.086800091 0.981940031 55.825538635 0.000386916 0.996109962 -0.088118888 -3.527474165 -0.985768974 0.015193207 0.167418092 58.252777100
0.173601881 0.089596212 0.980731845 56.613273621 -0.000926772 0.995867312 -0.090814896 -3.598787308 -0.984815478 0.014856725 0.172967494 58.390480042
0.178524420 0.089144014 0.979888976 57.379013062 -0.003640143 0.995940447 -0.089941077 -3.665295124 -0.983928680 0.012489745 0.178124204 58.540645599
0.183288172 0.086070701 0.979284108 58.150344849 -0.000062665 0.996160805 -0.087542295 -3.733991146 -0.983059168 0.015984103 0.182589903 58.689453125
0.188795656 0.079517104 0.978791654 58.918899536 0.001339424 0.996694446 -0.081229895 -3.791913986 -0.982015491 0.016646864 0.188065097 58.829357147
0.191922903 0.073366888 0.978663802 59.673904419 -0.000819109 0.997213423 -0.074596845 -3.853445053 -0.981409669 0.013515210 0.191448212 58.982013702
0.194799632 0.069980845 0.978343308 60.418819427 -0.004370138 0.997503519 -0.070481211 -3.911595345 -0.980833352 0.009454219 0.194619164 59.143684387
0.198729336 0.069935046 0.977555990 61.145874023 -0.005456280 0.997514248 -0.070253655 -3.969360352 -0.980039239 0.008627644 0.198616922 59.292602539
0.200600788 0.071736522 0.977043033 61.868927002 -0.007688683 0.997399986 -0.071652576 -4.023283005 -0.979642928 0.006861386 0.200630769 59.445652008
0.202307090 0.076408736 0.976336777 62.580169678 -0.011600121 0.997068584 -0.075627565 -4.073562622 -0.979253352 0.003974367 0.202600420 59.606601715
0.204269022 0.080415286 0.975606263 63.272960663 -0.012724183 0.996754050 -0.079494268 -4.127869606 -0.978832066 0.003824426 0.204629228 59.759315491
0.206551462 0.085620530 0.974682331 63.965850830 -0.013216360 0.996317089 -0.084720261 -4.184984207 -0.978346407 0.004617341 0.206922337 59.905944824
0.208093718 0.087606691 0.974177599 64.639373779 -0.012340557 0.996136606 -0.086945377 -4.240142345 -0.978030920 0.006070892 0.208370894 60.049457550
0.209196493 0.087625645 0.973939717 65.321060181 -0.014700437 0.996146321 -0.086466014 -4.297837257 -0.977763116 0.003771045 0.209678441 60.218635559
0.209635913 0.084802538 0.974095106 65.984962463 -0.014467436 0.996391773 -0.083630100 -4.352070332 -0.977672458 0.003439210 0.210106373 60.367462158
0.210844532 0.082156852 0.974060953 66.646331787 -0.013972790 0.996613264 -0.081034467 -4.408344269 -0.977419734 0.003475328 0.211278394 60.505561829
0.210598394 0.080699436 0.974236131 67.289550781 -0.012971715 0.996729732 -0.079758607 -4.462648869 -0.977486610 0.004159521 0.210956499 60.646575928
0.208948866 0.080092952 0.974641323 67.925888062 -0.013331251 0.996781051 -0.079054318 -4.513438225 -0.977835715 0.003525123 0.209344015 60.786231995
0.206908286 0.081231989 0.974982202 68.562500000 -0.014859456 0.996693134 -0.079887398 -4.567625999 -0.978247404 0.002041663 0.207431152 60.941246033
0.204759270 0.084073879 0.975195050 69.176826477 -0.015372129 0.996457577 -0.082679339 -4.619955063 -0.978691638 0.001938540 0.205326349 61.072593689
0.202785969 0.087636873 0.975293696 69.779594421 -0.012947739 0.996140063 -0.086817935 -4.669266701 -0.979137361 0.004977611 0.203137949 61.190364838
0.201186478 0.088301674 0.975564897 70.375579834 -0.011783524 0.996074796 -0.087728016 -4.724729538 -0.979481995 0.006154100 0.201437294 61.310623169
0.199129492 0.087498128 0.976059198 70.965797424 -0.012372003 0.996151090 -0.086775199 -4.767680645 -0.979895175 0.005203693 0.199445561 61.426486969
0.196479365 0.084358223 0.976872444 71.560607910 -0.012676148 0.996427476 -0.083497338 -4.818936825 -0.980425954 0.004022523 0.196846753 61.557136536
0.194466084 0.080109306 0.977632582 72.127510071 -0.012421378 0.996780753 -0.079207540 -4.879117012 -0.980830610 0.003259634 0.194835141 61.662185669
0.192788124 0.078960523 0.978058338 72.689819336 -0.008206808 0.996851861 -0.078860097 -4.927299500 -0.981206179 0.007176552 0.192829221 61.767227173
0.190850511 0.080752008 0.978291988 73.244781494 -0.005110985 0.996678829 -0.081272647 -4.968302250 -0.981605947 0.010510890 0.190629348 61.876209259
0.188217297 0.082606405 0.978647232 73.783515930 -0.001253081 0.996475816 -0.083870299 -5.013617516 -0.982126594 0.014559517 0.187657505 61.974906921
0.186761424 0.084524743 0.978762269 74.329254150 -0.001570954 0.996316373 -0.085740902 -5.054565430 -0.982404053 0.014475508 0.186206236 62.077125549
0.185227588 0.086962648 0.978840172 74.871398926 -0.002174115 0.996110559 -0.088085569 -5.101363659 -0.982693255 0.014187765 0.184696227 62.184982300
0.184068203 0.085358605 0.979200065 75.422378540 -0.000330423 0.996227324 -0.086780787 -5.149466991 -0.982913435 0.015650034 0.183401987 62.287570953
0.184645057 0.083892547 0.979218185 75.962356567 0.005453820 0.996247292 -0.086379871 -5.193089485 -0.982790232 0.021290092 0.183494613 62.380958557
0.187252343 0.081767514 0.978902698 76.519554138 0.010311935 0.996310949 -0.085194170 -5.237362862 -0.982257724 0.026047185 0.185718402 62.473472595
0.189387769 0.081226110 0.978536963 77.075874329 0.012822728 0.996282935 -0.085180894 -5.281232834 -0.981818676 0.028679734 0.187642261 62.579040527
0.192785904 0.080811352 0.977907538 77.627914429 0.010735327 0.996369600 -0.084453374 -5.327565670 -0.981182098 0.026779577 0.191218480 62.691688538
0.197995737 0.081398003 0.976817310 78.184829712 0.009426972 0.996341825 -0.084935769 -5.374545097 -0.980157495 0.026025349 0.196504101 62.812534332
0.204880372 0.080556631 0.975466490 78.741317749 0.010970584 0.996355772 -0.084585913 -5.409288406 -0.978725553 0.028031431 0.203250021 62.926307678
0.212349534 0.080907814 0.973838627 79.312782288 0.009109691 0.996359229 -0.084765263 -5.448958397 -0.977151334 0.026871234 0.210839421 63.059753418
0.220817402 0.078354493 0.972162664 79.889389038 0.009611302 0.996544480 -0.082502738 -5.499828339 -0.975267828 0.027561788 0.219301239 63.198799133
0.229662105 0.078214623 0.970122516 80.466110229 0.005572259 0.996643662 -0.081671990 -5.549266338 -0.973254442 0.024162738 0.228455469 63.347808838
0.239366189 0.077965342 0.967794001 81.051376343 0.004574199 0.996669114 -0.081422858 -5.592882156 -0.970918596 0.023916759 0.238212258 63.500011444
0.248642832 0.082069255 0.965112090 81.631889343 -0.001293464 0.996431112 -0.084399253 -5.638119221 -0.968594313 0.019736934 0.247861609 63.666847229
0.258295089 0.084093392 0.962399065 82.243492126 -0.004141450 0.996291518 -0.085943364 -5.678679943 -0.966057122 0.018213021 0.257685453 63.842571259
0.268998444 0.086382277 0.959259093 82.834564209 -0.008062800 0.996137023 -0.087442160 -5.727192879 -0.963106811 0.015787486 0.268655717 64.026702881
0.279400736 0.088759378 0.956063271 83.452636719 -0.009907858 0.995931685 -0.089565217 -5.775927544 -0.960123479 0.015552048 0.279143512 64.205734253
0.289151132 0.089272968 0.953111708 84.064979553 -0.012710778 0.995912373 -0.089425735 -5.827888489 -0.957199097 0.013742762 0.289103925 64.402328491
0.299390554 0.090008095 0.949875712 84.698341370 -0.013797469 0.995844781 -0.090015240 -5.875657082 -0.954030871 0.013843829 0.299388409 64.613166809
0.309700131 0.091009229 0.946468890 85.342887878 -0.018016905 0.995791793 -0.089856550 -5.922660828 -0.950663567 0.010776147 0.310036480 64.834304810
0.320119649 0.086009920 0.943464756 85.990524292 -0.017223224 0.996234000 -0.084976710 -5.971829414 -0.947220564 0.010953207 0.320395410 65.065032959
0.330799073 0.078984298 0.940390050 86.649322510 -0.013758973 0.996789038 -0.078881338 -6.022778511 -0.943600893 0.013155073 0.330823630 65.300544739
0.341877341 0.074591987 0.936779559 87.323013306 -0.012217051 0.997113407 -0.074937537 -6.076133251 -0.939665198 0.014174759 0.341801763 65.546615601
0.352015972 0.071348540 0.933270693 87.998741150 -0.012833178 0.997364640 -0.071408033 -6.121244907 -0.935905993 0.013159939 0.352003902 65.810729980
0.361590147 0.068954609 0.929783702 88.692718506 -0.006747687 0.997428656 -0.071347140 -6.164585114 -0.932312667 0.019524530 0.361125678 66.079490662
0.370273173 0.063563786 0.926745594 89.398941040 -0.000125909 0.997659504 -0.068377338 -6.205135822 -0.928922892 0.025201604 0.369414538 66.355056763
0.377307802 0.053942874 0.924515545 90.117904663 0.009624844 0.998019814 -0.062159676 -6.247980595 -0.926037908 0.032351658 0.376041472 66.637481689
0.384457201 0.049553256 0.921811879 90.832061768 0.014837110 0.998097599 -0.059842166 -6.293650627 -0.923023582 0.036683775 0.382990628 66.930656433
0.391710103 0.049499344 0.918756187 91.547767639 0.016876930 0.997997284 -0.060964029 -6.342355251 -0.919933856 0.039386019 0.390090287 67.235351562
0.399123967 0.055862583 0.915193677 92.256164551 0.019230913 0.997412682 -0.069267936 -6.381680965 -0.916695297 0.045246501 0.397016972 67.546714783
0.406383783 0.060094714 0.911724150 92.969406128 0.023112815 0.996839345 -0.076007046 -6.425760269 -0.913410187 0.051960539 0.403710365 67.857162476
0.411835819 0.062554948 0.909108400 93.673126221 0.021042855 0.996722162 -0.078116193 -6.473750591 -0.911015034 0.051301289 0.409169585 68.176734924
0.415919006 0.064377017 0.907120168 94.374465942 0.013499644 0.996944189 -0.076941341 -6.531630039 -0.909301400 0.044247169 0.413779020 68.521995544
0.419947326 0.067597009 0.905027509 95.052070618 0.007231833 0.996941328 -0.077817790 -6.591103554 -0.907519639 0.039224379 0.418173969 68.843589783
0.423947632 0.071119830 0.902889967 95.744140625 0.005943110 0.996672153 -0.081297517 -6.647667885 -0.905667186 0.039831866 0.422114104 69.175643921
0.428283751 0.074813098 0.900542080 96.412643433 0.003157984 0.996436954 -0.084281519 -6.711041451 -0.903638780 0.038940303 0.426521510 69.492050171
0.431961000 0.077969477 0.898515701 97.091400146 -0.000003187 0.996256232 -0.086449459 -6.764961243 -0.901892304 0.037339933 0.430344105 69.822082520
0.435548693 0.076204844 0.896933734 97.729125977 -0.000689224 0.996438146 -0.084324218 -6.825005531 -0.900164843 0.036109112 0.434049875 70.145828247
0.440011144 0.073154911 0.895007610 98.386993408 0.000371751 0.996661305 -0.081646509 -6.882503510 -0.897992194 0.036258105 0.438514948 70.464241028
0.443578005 0.070245534 0.893478692 99.028434753 0.000307542 0.996911764 -0.078530148 -6.940012932 -0.896235764 0.035109032 0.442186445 70.784690857
0.446897984 0.069589213 0.891874313 99.655563354 -0.001254194 0.997017682 -0.077164643 -6.997079372 -0.894584060 0.033366144 0.445652395 71.101058960
0.450072706 0.071608260 0.890116096 100.285156250 -0.003922813 0.996928573 -0.078217633 -7.056303501 -0.892983377 0.031711865 0.448971242 71.441413879
0.452852815 0.071707152 0.888697088 100.882766724 -0.001802027 0.996832132 -0.079514071 -7.098356247 -0.891583443 0.034406722 0.451547444 71.735282898
0.455378771 0.070033297 0.887539029 101.476608276 0.000267334 0.996890426 -0.078799099 -7.145106316 -0.890297771 0.036120702 0.453944057 72.037727356
0.456612617 0.068564728 0.887019634 102.083793640 0.001777131 0.996953428 -0.077977203 -7.208736420 -0.889663875 0.037181724 0.455099702 72.359184265
0.459020972 0.069145977 0.885730565 102.663063049 0.001117560 0.996920943 -0.078405403 -7.242798805 -0.888424814 0.036979578 0.457530379 72.652832031
0.461215377 0.068038605 0.884675741 103.240516663 0.002735585 0.996941864 -0.078098938 -7.296703339 -0.887283921 0.038440533 0.459618807 72.947067261
0.463815182 0.070045315 0.883158624 103.803894043 0.001425451 0.996809185 -0.079807825 -7.350142479 -0.885930955 0.038274981 0.462235421 73.246994019
0.466962099 0.069828480 0.881515980 104.361160278 0.005164966 0.996644735 -0.081684321 -7.395964622 -0.884262323 0.042696476 0.465034723 73.526260376
0.469456702 0.068760931 0.880273998 104.891616821 0.006835010 0.996650159 -0.081496596 -7.451263428 -0.882929027 0.044275805 0.467414111 73.831443787
0.472528100 0.066812456 0.878779471 105.428771973 0.009915357 0.996656060 -0.081106052 -7.500771999 -0.881259799 0.047038302 0.470285594 74.122215271
0.475631893 0.065938607 0.877169549 105.960090637 0.011513091 0.996634364 -0.081161819 -7.543231964 -0.879568994 0.048702084 0.473271966 74.414443970
0.478694439 0.065532893 0.875532389 106.472068787 0.012666905 0.996591210 -0.081519634 -7.590467453 -0.877890110 0.050113287 0.476232588 74.703742981
0.482754081 0.064696461 0.873362958 106.990699768 0.013130660 0.996620715 -0.081085086 -7.639363766 -0.875657439 0.050611991 0.480273187 74.971679688
0.486066461 0.063996881 0.871575475 107.491699219 0.014662411 0.996577561 -0.081352398 -7.686447144 -0.873798847 0.052322067 0.483464539 75.252929688
0.489667058 0.065216333 0.869467139 107.991744995 0.014017010 0.996481180 -0.082637422 -7.732784271 -0.871796727 0.052652154 0.487029821 75.547851562
0.493725449 0.065426230 0.867153168 108.491821289 0.016202917 0.996300638 -0.084395677 -7.779502392 -0.869466782 0.055718709 0.490838826 75.837234497
0.499187827 0.069021799 0.863740325 108.988517761 0.014450269 0.996020615 -0.087943695 -7.821825027 -0.866373301 0.056381710 0.496204019 76.106933594
0.504935145 0.074978128 0.859894574 109.474334717 0.010965493 0.995582521 -0.093248375 -7.868166924 -0.863087654 0.056513555 0.501882434 76.393775940
0.510409832 0.081835739 0.856028438 109.951820374 0.005483933 0.995131493 -0.098403715 -7.921655178 -0.859913826 0.054920632 0.507476151 76.695075989
0.515996039 0.088279098 0.852029860 110.429862976 -0.000214053 0.994688511 -0.102930374 -7.982091427 -0.856590986 0.052929282 0.513274252 77.013984680
0.523051143 0.092774473 0.847236931 110.919052124 -0.002959705 0.994249701 -0.107045516 -8.016281128 -0.852296174 0.053482711 0.520318031 77.311264038
0.528587222 0.093241595 0.843742728 111.404220581 -0.006964708 0.994392097 -0.105526559 -8.064790726 -0.848850489 0.049903564 0.526272357 77.625587463
0.533737063 0.092564121 0.840569258 111.900398254 -0.013497428 0.994797111 -0.100977331 -8.116746902 -0.845542789 0.042549811 0.532209396 77.968139648
0.539232194 0.089987934 0.837335587 112.391517639 -0.020406712 0.995378971 -0.093831122 -8.181253433 -0.841909945 0.033509489 0.538576663 78.311073303
0.545050263 0.088234030 0.833747506 112.904518127 -0.026515331 0.995763540 -0.088045858 -8.236770630 -0.837984085 0.025882322 0.545080543 78.665931702
0.551192760 0.086245455 0.829908550 113.424682617 -0.029974634 0.996048331 -0.083602965 -8.298828125 -0.833839357 0.021205144 0.551599741 79.022552490
0.557629466 0.089400835 0.825261593 113.937248230 -0.034628659 0.995823324 -0.084479228 -8.346620560 -0.829367399 0.018530397 0.558396220 79.381187439
0.563625634 0.093499981 0.820721567 114.450958252 -0.038385008 0.995464444 -0.087046742 -8.389213562 -0.825138032 0.017558372 0.564658284 79.752601624
0.569553137 0.096793145 0.816235423 114.981323242 -0.041029707 0.995152116 -0.089380212 -8.437500954 -0.820929885 0.017416880 0.570763469 80.139755249
0.575974762 0.099113874 0.811436713 115.511474609 -0.044209484 0.994946659 -0.090148091 -8.502739906 -0.816271126 0.016049832 0.577445924 80.529113770
