1.000000000 0.000000000 0.000000000 0.000000000 0.000000000 1.000000000 0.000000000 0.000000000 0.000000000 0.000000000 1.000000000 0.000000000
0.999999940 -0.000192617 0.000230464 -0.009746189 0.000192154 0.999997973 0.002007132 -0.018319547 -0.000230850 -0.002007087 0.999997973 1.312167525
0.999998450 -0.001772473 -0.000437708 -0.011944986 0.001773279 0.999996722 0.001845840 -0.039134096 0.000434435 -0.001846613 0.999998212 2.629151821
0.999994934 -0.003156380 -0.000466339 -0.014218850 0.003156776 0.999994576 0.000852726 -0.058004182 0.000463645 -0.000854194 0.999999523 3.936444283
0.999994814 -0.003230377 0.000116411 -0.024709318 0.003230267 0.999994278 0.000941187 -0.077535018 -0.000119451 -0.000940806 0.999999523 5.259636879
0.999991775 -0.004046991 -0.000162368 -0.026738897 0.004047296 0.999989927 0.001926372 -0.100450501 0.000154570 -0.001927013 0.999998152 6.583943367
0.999983609 -0.005707473 0.000356995 -0.033420954 0.005706279 0.999978304 0.003261267 -0.116341569 -0.000375601 -0.003259177 0.999994636 7.911824703
0.999989152 -0.004682919 0.000061064 -0.034423027 0.004682676 0.999982893 0.003502888 -0.137594938 -0.000077466 -0.003502563 0.999993861 9.250740051
0.999992609 -0.003840520 -0.000032518 -0.046376545 0.003840568 0.999991298 0.001613901 -0.150932461 0.000026319 -0.001614014 0.999998629 10.585750580
0.999999344 -0.001123731 -0.000254386 -0.051850937 0.001123642 0.999999285 -0.000347923 -0.178985164 0.000254777 0.000347637 0.999999881 11.926498413
0.999997079 0.002407663 0.000280103 -0.069695748 -0.002407286 0.999996245 -0.001336516 -0.197094947 -0.000283320 0.001335838 0.999999106 13.277439117
0.999989212 0.004605152 0.000470992 -0.082162872 -0.004604496 0.999988437 -0.001384926 -0.222240478 -0.000477364 0.001382741 0.999998927 14.608826637
0.999985278 0.005409463 0.000447020 -0.087657757 -0.005409433 0.999985397 -0.000069142 -0.249419719 -0.000447387 0.000066723 0.999999940 15.971227646
0.999995887 0.002768600 0.000891414 -0.086957924 -0.002770898 0.999992788 0.002586681 -0.269044042 -0.000884245 -0.002589140 0.999996185 17.325925827
0.999998391 -0.001469439 0.001045982 -0.087511092 0.001464600 0.999988258 0.004612081 -0.290112793 -0.001052747 -0.004610541 0.999988794 18.689962387
0.999992609 -0.003711045 0.001017390 -0.088753313 0.003709239 0.999991536 0.001770969 -0.300873071 -0.001023953 -0.001767182 0.999997854 20.033384323
0.999985993 -0.005147597 0.001232479 -0.090020016 0.005147628 0.999986708 -0.000021932 -0.320517182 -0.001232350 0.000028276 0.999999225 21.402153015
0.999996006 -0.002124174 0.001862419 -0.096732631 0.002127253 0.999996364 -0.001652672 -0.345718354 -0.001858901 0.001656627 0.999996901 22.748050690
0.999996603 0.000360624 0.002577256 -0.100668117 -0.000361942 0.999999821 0.000510764 -0.367116332 -0.002577071 -0.000511695 0.999996543 24.131355286
0.999994040 0.000871458 0.003334635 -0.105574600 -0.000884131 0.999992371 0.003801096 -0.382457018 -0.003331297 -0.003804022 0.999987245 25.510498047
0.999992311 -0.001442228 0.003650429 -0.098707430 0.001420331 0.999981046 0.005993944 -0.400852084 -0.003659005 -0.005988713 0.999975383 26.890335083
0.999981165 -0.005059220 0.003485864 -0.096626900 0.005045254 0.999979258 0.004003777 -0.410707057 -0.003506048 -0.003986114 0.999985933 28.260749817
0.999979496 -0.005329472 0.003556731 -0.103995226 0.005324223 0.999984741 0.001483725 -0.426045656 -0.003564584 -0.001464758 0.999992549 29.650062561
0.999976873 -0.005108772 0.004486330 -0.110109925 0.005113833 0.999986231 -0.001117305 -0.444487035 -0.004480561 0.001140221 0.999989331 31.026273727
0.999984145 -0.001992604 0.005265913 -0.112154633 0.002001788 0.999996424 -0.001739252 -0.468388855 -0.005262429 0.001749765 0.999984562 32.421287537
0.999983191 -0.001335318 0.005633410 -0.110112160 0.001356810 0.999991834 -0.003813035 -0.491896451 -0.005628272 0.003820614 0.999976814 33.815757751
0.999983609 -0.000256300 0.005719532 -0.110296533 0.000274569 0.999994934 -0.003193536 -0.520897686 -0.005718685 0.003195053 0.999978483 35.214626312
0.999983609 -0.000158866 0.005727984 -0.109457567 0.000170511 0.999997914 -0.002032737 -0.545024097 -0.005727649 0.002033681 0.999981523 36.634178162
0.999985039 0.000868119 0.005403068 -0.096339285 -0.000866720 0.999999583 -0.000261127 -0.571478903 -0.005403292 0.000256440 0.999985456 37.999732971
0.999973536 0.004191275 0.005947892 -0.114624396 -0.004187047 0.999991000 -0.000723062 -0.584197521 -0.005950869 0.000698139 0.999981999 39.424388885
0.999962747 0.005999309 0.006210166 -0.113276303 -0.005995274 0.999981821 -0.000668284 -0.609045863 -0.006214062 0.000631028 0.999980450 40.835945129
0.999937773 0.009131346 0.006406970 -0.110154659 -0.009128688 0.999958217 -0.000444022 -0.631585121 -0.006410757 0.000385507 0.999979317 42.233181000
0.999927700 0.010237723 0.006305288 -0.111139596 -0.010230350 0.999946833 -0.001200791 -0.643545389 -0.006317247 0.001136199 0.999979377 43.653797150
0.999943495 0.009043495 0.005574525 -0.107545942 -0.009040940 0.999958932 -0.000483436 -0.681044161 -0.005578668 0.000433010 0.999984264 45.094535828
0.999953568 0.008315474 0.004867809 -0.102701172 -0.008311360 0.999965012 -0.000865350 -0.704155385 -0.004874835 0.000824852 0.999987781 46.500141144
0.999963701 0.007589220 0.003868910 -0.099916786 -0.007586351 0.999970853 -0.000755931 -0.727522910 -0.003874535 0.000726552 0.999992251 47.930595398
0.999961913 0.008225311 0.002891927 -0.098575011 -0.008226548 0.999966085 0.000416745 -0.749511898 -0.002888401 -0.000440520 0.999995649 49.371238708
0.999959171 0.008851455 0.001832263 -0.101422876 -0.008851099 0.999960780 -0.000202445 -0.764334738 -0.001833984 0.000186219 0.999998212 50.802703857
0.999957502 0.009231409 0.000268767 -0.101755142 -0.009231487 0.999957263 0.000292382 -0.791732132 -0.000266057 -0.000294850 0.999999940 52.263339996
0.999953032 0.009675935 -0.000582042 -0.115108460 -0.009675358 0.999952853 0.000983870 -0.808995605 0.000591534 -0.000978192 0.999999344 53.698493958
0.999965787 0.008124297 -0.001497637 -0.114451714 -0.008121095 0.999964774 0.002131395 -0.835336506 0.001514900 -0.002119160 0.999996603 55.134532928
0.999974906 0.006688886 -0.002336416 -0.116722018 -0.006683821 0.999975324 0.002168506 -0.855356991 0.002350864 -0.002152835 0.999994934 56.585144043
0.999985814 0.004580039 -0.002727548 -0.126923501 -0.004576556 0.999988854 0.001281518 -0.874045670 0.002733386 -0.001269017 0.999995470 58.017131805
0.999990880 0.003176195 -0.002850372 -0.132573068 -0.003169233 0.999992013 0.002443631 -0.906571686 0.002858111 -0.002434575 0.999992967 59.455802917
0.999996305 0.001866666 -0.001936651 -0.143718392 -0.001860952 0.999993861 0.002948264 -0.923836350 0.001942143 -0.002944649 0.999993801 60.885341644
0.999998450 0.000711808 -0.001564358 -0.151477590 -0.000706157 0.999993205 0.003609524 -0.945303142 0.001566917 -0.003608414 0.999992251 62.321781158
0.999998808 0.000847952 -0.001220477 -0.154358923 -0.000844730 0.999996185 0.002637774 -0.964991331 0.001222709 -0.002636740 0.999995768 63.746734619
0.999998152 -0.001698591 -0.000828716 -0.159153670 0.001700216 0.999996543 0.001964469 -0.980595291 0.000825376 -0.001965874 0.999997735 65.180953979
0.999997973 -0.002013535 -0.000135133 -0.161309063 0.002013786 0.999996245 0.001874046 -1.001437902 0.000131359 -0.001874314 0.999998152 66.610641479
0.999999583 -0.000774772 0.000272547 -0.161375999 0.000774250 0.999997795 0.001911680 -1.025648355 -0.000274027 -0.001911468 0.999998152 68.034347534
0.999994040 0.002924105 0.001830089 -0.183415979 -0.002928704 0.999992549 0.002515685 -1.041475177 -0.001822719 -0.002521030 0.999995172 69.422645569
0.999980628 0.005748384 0.002350406 -0.196004882 -0.005757594 0.999975622 0.003930932 -1.060666084 -0.002327753 -0.003944389 0.999989510 70.861930847
0.999947369 0.009596191 0.003604793 -0.194730580 -0.009613472 0.999942243 0.004807211 -1.088017702 -0.003558453 -0.004841612 0.999981940 72.248771667
0.999888897 0.014322422 0.004109870 -0.201251417 -0.014339593 0.999888361 0.004179677 -1.104430795 -0.004049549 -0.004238147 0.999982834 73.666503906
0.999836385 0.017372096 0.005044458 -0.204944909 -0.017391231 0.999841571 0.003774900 -1.127623320 -0.004978082 -0.003862012 0.999980152 75.067413330
0.999790967 0.019562151 0.005932324 -0.203588217 -0.019582018 0.999802768 0.003309681 -1.146484852 -0.005866409 -0.003425156 0.999976933 76.467926025
0.999795556 0.019279197 0.006096432 -0.205425739 -0.019302875 0.999806285 0.003849258 -1.165189147 -0.006021040 -0.003966150 0.999974012 77.883148193
0.999808848 0.018429663 0.006515517 -0.195499539 -0.018453980 0.999822915 0.003691723 -1.190633297 -0.006446327 -0.003811255 0.999971986 79.261322021
0.999839783 0.016735088 0.006341992 -0.193764448 -0.016753616 0.999855518 0.002879950 -1.208925128 -0.006292878 -0.002985740 0.999975741 80.664321899
0.999853134 0.016046979 0.006007789 -0.189108521 -0.016064033 0.999866962 0.002801268 -1.226162314 -0.005962037 -0.002897366 0.999977946 82.067222595
0.999849856 0.016358193 0.005701688 -0.189731956 -0.016373442 0.999862492 0.002638530 -1.245448351 -0.005657742 -0.002731491 0.999980271 83.467514038
0.999854922 0.016253583 0.005099031 -0.182520211 -0.016264472 0.999865532 0.002101581 -1.265009284 -0.005064187 -0.002184209 0.999984801 84.854911804
0.999852240 0.016578671 0.004547530 -0.194866478 -0.016586974 0.999860823 0.001793331 -1.276803255 -0.004517166 -0.001868495 0.999988079 86.258117676
0.999873161 0.015507467 0.003613453 -0.192964405 -0.015518602 0.999874771 0.003074013 -1.300774813 -0.003565331 -0.003129700 0.999988735 87.644073486
0.999900639 0.013882331 0.002414036 -0.191871941 -0.013890546 0.999897599 0.003420470 -1.315147877 -0.002366306 -0.003453662 0.999991238 89.044464111
0.999938071 0.011077654 0.001005419 -0.183964133 -0.011082020 0.999928713 0.004447827 -1.339087367 -0.000956075 -0.004458694 0.999989629 90.427429199
0.999960542 0.008882486 0.000268796 -0.185247257 -0.008883589 0.999950886 0.004426931 -1.361642361 -0.000229461 -0.004429143 0.999990165 91.801551819
0.999971271 0.007508212 -0.001042358 -0.167014301 -0.007503780 0.999963045 0.004193928 -1.389336348 0.001073808 -0.004185988 0.999990582 93.183715820
0.999978065 0.006554878 -0.000944895 -0.178662702 -0.006551552 0.999972463 0.003481869 -1.399786592 0.000967693 -0.003475603 0.999993503 94.542396545
0.999976277 0.006705409 -0.001575513 -0.171209753 -0.006700316 0.999972403 0.003216701 -1.427485704 0.001597039 -0.003206068 0.999993503 95.907966614
0.999977767 0.006578925 -0.001045127 -0.189089373 -0.006576093 0.999974787 0.002688911 -1.445567131 0.001062790 -0.002681979 0.999995828 97.276084900
0.999967694 0.008026546 -0.000395598 -0.199181303 -0.008025875 0.999966323 0.001666323 -1.471389055 0.000408959 -0.001663094 0.999998450 98.625274658
0.999962568 0.008643654 -0.000382875 -0.208163321 -0.008642794 0.999960244 0.002195692 -1.493422031 0.000401839 -0.002192301 0.999997437 99.979942322
0.999956846 0.009276669 -0.000508946 -0.205685988 -0.009274757 0.999950349 0.003644383 -1.515187740 0.000542728 -0.003639505 0.999993145 101.349243164
0.999943793 0.010595774 -0.000113731 -0.216950655 -0.010595125 0.999932945 0.004677378 -1.531817079 0.000163284 -0.004675911 0.999988973 102.705024719
0.999954641 0.009522220 0.000087929 -0.224892348 -0.009522478 0.999947965 0.003677285 -1.552241206 -0.000052909 -0.003677955 0.999993205 104.048645020
0.999961197 0.008804213 0.000212324 -0.224436447 -0.008804436 0.999960661 0.001063854 -1.578021407 -0.000202950 -0.001065682 0.999999344 105.298210144
0.999962151 0.008663291 0.000790340 -0.256954074 -0.008663306 0.999962449 0.000013109 -1.603557587 -0.000790197 -0.000019955 0.999999702 106.637138367
0.999984324 0.005596036 0.000272838 -0.233744860 -0.005596436 0.999983251 0.001478630 -1.625603318 -0.000264559 -0.001480133 0.999998808 107.977462769
0.999995589 0.002831891 0.000925445 -0.245578200 -0.002835298 0.999989152 0.003700903 -1.642429113 -0.000914955 -0.003703510 0.999992728 109.343421936
0.999996364 0.002363598 0.001279262 -0.232784376 -0.002367861 0.999991536 0.003340339 -1.647242308 -0.001271356 -0.003343356 0.999993622 110.676734924
0.999996126 0.000524656 0.002747221 -0.250317931 -0.000532300 0.999996006 0.002782685 -1.677364349 -0.002745751 -0.002784136 0.999992371 112.029006958
0.999988019 0.003500635 0.003422892 -0.254380822 -0.003501185 0.999993861 0.000154621 -1.706107378 -0.003422330 -0.000166603 0.999994159 113.356491089
0.999975622 0.005954110 0.003652929 -0.230233699 -0.005945957 0.999979734 -0.002238900 -1.726456881 -0.003666186 0.002217125 0.999990821 114.716896057
0.999951065 0.008563129 0.004960797 -0.228646636 -0.008556347 0.999962389 -0.001386375 -1.758956313 -0.004972482 0.001343861 0.999986708 116.053657532
0.999916255 0.010493883 0.007572135 -0.253967166 -0.010491630 0.999944925 -0.000337423 -1.770473003 -0.007575258 0.000257951 0.999971271 117.379928589
0.999911249 0.010013922 0.008790193 -0.246662498 -0.010033987 0.999947131 0.002241374 -1.796774507 -0.008767284 -0.002329377 0.999958813 118.717468262
0.999904871 0.009362318 0.010120149 -0.245823026 -0.009388758 0.999952614 0.002568413 -1.813669443 -0.010095623 -0.002663185 0.999945402 120.050300598
0.999892533 0.009701135 0.010989514 -0.236041307 -0.009722827 0.999950886 0.001922252 -1.829289675 -0.010970328 -0.002028895 0.999937713 121.399955750
0.999847710 0.011729679 0.012923964 -0.241142273 -0.011747575 0.999930084 0.001309743 -1.851031780 -0.012907700 -0.001461369 0.999915600 122.718978882
0.999798536 0.014064907 0.014317418 -0.236163974 -0.014079242 0.999900401 0.000900932 -1.870604396 -0.014303322 -0.001102329 0.999897122 124.070976257
0.999774992 0.014792078 0.015202860 -0.219280124 -0.014791082 0.999890566 -0.000177952 -1.889874458 -0.015203831 -0.000046954 0.999884427 125.434730530
0.999739528 0.016073793 0.016200274 -0.205725431 -0.016054805 0.999870241 -0.001301542 -1.915694952 -0.016219093 0.001041110 0.999867857 126.771034241
0.999730587 0.015449792 0.017323539 -0.193149567 -0.015421554 0.999879479 -0.001762536 -1.928293824 -0.017348688 0.001494905 0.999848306 128.163894653
0.999717772 0.015346672 0.018135428 -0.173094273 -0.015334902 0.999882042 -0.000787926 -1.951705098 -0.018145382 0.000509599 0.999835193 129.521102905
0.999728501 0.014044137 0.018593736 -0.143114805 -0.014052253 0.999901235 0.000305915 -1.966758609 -0.018587599 -0.000567115 0.999827087 130.882232666
0.999723792 0.013350798 0.019338688 -0.139995337 -0.013366741 0.999910414 0.000695349 -1.995662093 -0.019327668 -0.000953652 0.999812663 132.229782104
0.999746203 0.011237143 0.019521916 -0.119635582 -0.011251852 0.999936521 0.000643771 -2.016082048 -0.019513441 -0.000863265 0.999809206 133.594009399
0.999781907 0.009584499 0.018554395 -0.072573900 -0.009611434 0.999952853 0.001363095 -2.041613579 -0.018540457 -0.001541132 0.999826849 134.941558838
0.999803543 0.007749669 0.018250369 -0.060930967 -0.007772702 0.999969065 0.001191499 -2.068972111 -0.018240569 -0.001333119 0.999832749 136.300064087
0.999825537 0.006496551 0.017507710 -0.048010111 -0.006517479 0.999978125 0.001138642 -2.088290453 -0.017499929 -0.001252549 0.999846041 137.647979736
0.999861121 0.005499954 0.015728442 -0.007146597 -0.005530646 0.999982893 0.001908585 -2.112553835 -0.015717676 -0.001995309 0.999874413 138.998474121
0.999877453 0.004510927 0.014992979 0.002257109 -0.004543269 0.999987423 0.002123735 -2.135180950 -0.014983211 -0.002191591 0.999885321 140.345718384
0.999903858 0.003880798 0.013310759 0.026053071 -0.003912215 0.999989748 0.002335003 -2.159512281 -0.013301560 -0.002386853 0.999908686 141.708328247
0.999918103 0.003334708 0.012355918 0.033694267 -0.003356187 0.999992907 0.001717997 -2.178678036 -0.012350101 -0.001759325 0.999922216 143.050628662
0.999930024 0.002870933 0.011476319 0.045972586 -0.002885760 0.999995053 0.001275641 -2.198567629 -0.011472599 -0.001308669 0.999933362 144.394073486
0.999940753 0.001834493 0.010727633 0.060127497 -0.001820598 0.999997437 -0.001304840 -2.218765497 -0.010730000 0.001285231 0.999941587 145.732879639
0.999946177 -0.003711844 0.009690144 0.071413159 0.003724167 0.999992192 -0.001253873 -2.243689537 -0.009685416 0.001289893 0.999952257 147.089355469
0.999900281 -0.011050167 0.008795918 0.092100859 0.011043851 0.999938726 0.000766312 -2.269387245 -0.008803846 -0.000669095 0.999961019 148.443603516
0.999811172 -0.017947966 0.007446433 0.110036135 0.017932484 0.999836922 0.002140763 -2.287876368 -0.007483640 -0.002006826 0.999969959 149.808792114
0.999755621 -0.021219665 0.006200395 0.132129848 0.021227114 0.999774039 -0.001137982 -2.308676958 -0.006174846 0.001269320 0.999980092 151.150146484
0.999763668 -0.020598212 0.006942990 0.131043315 0.020628784 0.999777675 -0.004361117 -2.333502293 -0.006851615 0.004503312 0.999966383 152.482406616
0.999823630 -0.017159376 0.007624008 0.137486100 0.017206110 0.999833286 -0.006107306 -2.367521286 -0.007517940 0.006237410 0.999952257 153.829711914
0.999825954 -0.016647054 0.008424727 0.152818203 0.016703783 0.999837875 -0.006708300 -2.388873100 -0.008311688 0.006847856 0.999942005 155.187210083
0.999750316 -0.020217668 0.009520898 0.157269478 0.020247769 0.999790251 -0.003075295 -2.418430805 -0.009456725 0.003267304 0.999949992 156.540206909
0.999626935 -0.025377978 0.010098290 0.175494790 0.025384584 0.999677598 -0.000526134 -2.441477537 -0.010081681 0.000782278 0.999948859 157.903411865
0.999524653 -0.029189551 0.009925649 0.198447824 0.029178999 0.999573350 0.001206528 -2.466513634 -0.009956635 -0.000916334 0.999949992 159.266510010
0.999479651 -0.030606665 0.010183241 0.214631319 0.030599169 0.999531329 0.000891450 -2.490007401 -0.010205755 -0.000579387 0.999947727 160.624191284
0.999521077 -0.028867893 0.011147575 0.223961234 0.028852239 0.999582469 0.001562489 -2.508994102 -0.011188027 -0.001240108 0.999936581 161.980316162
0.999625683 -0.023854706 0.013398999 0.211943150 0.023857273 0.999715388 -0.000031434 -2.524378538 -0.013394437 0.000351086 0.999910176 163.317565918
0.999681830 -0.021136878 0.013766711 0.231079817 0.021159943 0.999774933 -0.001531905 -2.552123308 -0.013731232 0.001822720 0.999904037 164.711502075
0.999726057 -0.018205687 0.014705308 0.238997936 0.018239163 0.999831498 -0.002145877 -2.574247837 -0.014663761 0.002413502 0.999889553 166.063995361
0.999742389 -0.016624492 0.015455160 0.248633146 0.016643127 0.999860942 -0.001077952 -2.596977472 -0.015435089 0.001334896 0.999879956 167.425506592
0.999783456 -0.014820220 0.014607323 0.275414944 0.014838861 0.999889195 -0.001168621 -2.625175476 -0.014588388 0.001385124 0.999892652 168.798126221
0.999808431 -0.013122938 0.014520201 0.284263611 0.013172629 0.999907613 -0.003331661 -2.652188540 -0.014475140 0.003522292 0.999889016 170.160568237
0.999859273 -0.009085800 0.014091330 0.297878027 0.009176781 0.999937296 -0.006405381 -2.679886818 -0.014032249 0.006533794 0.999880195 171.532333374
0.999895036 -0.004345096 0.013822743 0.306833267 0.004447152 0.999963045 -0.007361163 -2.707361698 -0.013790245 0.007421862 0.999877334 172.916488647
0.999895632 0.000595772 0.014436975 0.304629564 -0.000505081 0.999980152 -0.006284696 -2.736213684 -0.014440434 0.006276747 0.999876022 174.295043945
0.999878645 0.003365933 0.015210835 0.312605381 -0.003299479 0.999984860 -0.004391809 -2.766533852 -0.015225387 0.004341088 0.999874592 175.661865234
0.999867737 0.004459008 0.015636092 0.316549301 -0.004423650 0.999987543 -0.002295173 -2.789964676 -0.015646130 0.002225701 0.999875128 177.049621582
0.999891460 0.000821169 0.014707549 0.338194847 -0.000802183 0.999998748 -0.001296730 -2.812863350 -0.014708598 0.001284792 0.999890983 178.447830200
0.999917567 -0.001081902 0.012793018 0.362101436 0.001096299 0.999998748 -0.001118396 -2.835600615 -0.012791792 0.001132329 0.999917567 179.846588135
0.999940753 -0.001663543 0.010764561 0.372042656 0.001721188 0.999984205 -0.005347956 -2.864371538 -0.010755495 0.005366167 0.999927819 181.236038208
0.999951124 0.000308322 0.009876893 0.369764328 -0.000212560 0.999952972 -0.009695088 -2.888150215 -0.009879418 0.009692516 0.999904156 182.615203857
0.999947548 0.004629711 0.009138645 0.373831034 -0.004540406 0.999942005 -0.009768796 -2.927686214 -0.009183340 0.009726793 0.999910533 184.017456055
0.999925017 0.008372355 0.008951929 0.377781510 -0.008292344 0.999925673 -0.008937936 -2.959117889 -0.009026096 0.008863032 0.999920011 185.424194336
0.999906957 0.009927249 0.009346082 0.381462336 -0.009878258 0.999937236 -0.005273419 -2.996650219 -0.009397846 0.005180604 0.999942422 186.826431274
0.999895155 0.010525032 0.009946517 0.388736010 -0.010495477 0.999940276 -0.003018978 -3.025126457 -0.009977698 0.002914268 0.999945998 188.235229492
0.999898791 0.009941185 0.010177339 0.398828983 -0.009919825 0.999948502 -0.002146892 -3.050446510 -0.010198159 0.002045718 0.999945819 189.646377563
0.999915957 0.007827445 0.010334421 0.405784965 -0.007811346 0.999968290 -0.001597274 -3.073530436 -0.010346594 0.001516415 0.999945283 191.064865112
0.999929190 0.005504336 0.010542542 0.420734525 -0.005497784 0.999984682 -0.000650137 -3.104284048 -0.010545958 0.000592130 0.999944210 192.491088867
0.999942899 0.002135252 0.010471270 0.441086173 -0.002129418 0.999997497 -0.000568239 -3.126065254 -0.010472460 0.000545908 0.999944925 193.917739868
0.999938190 -0.000909411 0.011079745 0.449644208 0.000903789 0.999999464 0.000512401 -3.150628805 -0.011080205 -0.000502355 0.999938488 195.355865479
0.999918878 -0.005510961 0.011484390 0.467484117 0.005486026 0.999982536 0.002201595 -3.174186945 -0.011496320 -0.002138413 0.999931633 196.797393799
0.999897063 -0.008294067 0.011712269 0.487685561 0.008267821 0.999963284 0.002287695 -3.198529959 -0.011730812 -0.002190625 0.999928772 198.239456177
0.999902606 -0.005760231 0.012712403 0.483238220 0.005795091 0.999979556 -0.002707110 -3.212271452 -0.012696549 0.002780515 0.999915540 199.654251099
0.999912322 0.001246328 0.013177106 0.490432262 -0.001147219 0.999971032 -0.007526189 -3.238470078 -0.013186106 0.007510413 0.999884784 201.075042725
0.999839842 0.010022953 0.014827072 0.490231752 -0.009916343 0.999924600 -0.007246556 -3.270167351 -0.014898586 0.007098366 0.999863744 202.534759521
0.999710679 0.017938301 0.016025592 0.490740776 -0.017879516 0.999832928 -0.003803723 -3.298102617 -0.016091144 0.003516093 0.999864280 203.987670898
0.999682188 0.018542236 0.017079342 0.505294323 -0.018519230 0.999827385 -0.001504397 -3.323831797 -0.017104289 0.001187623 0.999853015 205.430923462
0.999725461 0.016458582 0.016685555 0.517017365 -0.016440222 0.999864101 -0.001237325 -3.343960047 -0.016703648 0.000962671 0.999860048 206.888748169
0.999791443 0.013296394 0.015505995 0.538594723 -0.013278489 0.999911129 -0.001257180 -3.368571997 -0.015521330 0.001051022 0.999879062 208.345657349
0.999818563 0.012121725 0.014691832 0.557545424 -0.012093983 0.999924839 -0.001975844 -3.390662670 -0.014714678 0.001797803 0.999890029 209.813537598
0.999823689 0.012467558 0.014039319 0.575747967 -0.012436309 0.999920011 -0.002310970 -3.418902159 -0.014067010 0.002135965 0.999898791 211.289276123
0.999811292 0.013423607 0.014042537 0.587677240 -0.013397493 0.999908268 -0.001952085 -3.445874691 -0.014067451 0.001763582 0.999899507 212.751907349
0.999799848 0.014324885 0.013975725 0.601419926 -0.014310081 0.999896944 -0.001158808 -3.471389294 -0.013990887 0.000958583 0.999901593 214.227783203
0.999817371 0.013462991 0.013573476 0.618618727 -0.013442813 0.999908388 -0.001576982 -3.498117924 -0.013593468 0.001394228 0.999906659 215.687713623
0.999811471 0.013888108 0.013563593 0.627772331 -0.013850417 0.999899983 -0.002869039 -3.522809744 -0.013602083 0.002680636 0.999903917 217.155761719
0.999834001 0.012465687 0.013290145 0.643898964 -0.012434470 0.999919653 -0.002429018 -3.559628010 -0.013319357 0.002263359 0.999908745 218.640884399
0.999828219 0.013360098 0.012848600 0.658689260 -0.013322060 0.999906778 -0.003041371 -3.577704430 -0.012888035 0.002869679 0.999912739 220.133560181
0.999831796 0.013186108 0.012749228 0.673123598 -0.013151209 0.999909580 -0.002817308 -3.612292051 -0.012785223 0.002649167 0.999914765 221.620193481
0.999835968 0.013338543 0.012240384 0.691291809 -0.013296921 0.999905467 -0.003475651 -3.633130789 -0.012285588 0.003312322 0.999919057 223.120010376
0.999831200 0.014108377 0.011769711 0.701388717 -0.014064922 0.999893904 -0.003766807 -3.660005093 -0.011821607 0.003600631 0.999923646 224.621292114
0.999830842 0.014071736 0.011837117 0.707831025 -0.014029230 0.999894798 -0.003666298 -3.692502737 -0.011887466 0.003499613 0.999923229 226.099411011
0.999820232 0.014901819 0.011723613 0.714595079 -0.014861039 0.999883235 -0.003557932 -3.723925114 -0.011775265 0.003383067 0.999924958 227.580352783
0.999831796 0.014143463 0.011678856 0.723728895 -0.014097822 0.999892712 -0.003981183 -3.746740818 -0.011733908 0.003815866 0.999923885 229.082855225
0.999848187 0.012817875 0.011804475 0.733083963 -0.012770142 0.999909997 -0.004110094 -3.774957418 -0.011856096 0.003958725 0.999921858 230.596878052
0.999865949 0.011472021 0.011683864 0.748857498 -0.011427023 0.999926984 -0.003910672 -3.806267738 -0.011727877 0.003776636 0.999924123 232.116424561
0.999872684 0.010704568 0.011832607 0.758313417 -0.010665763 0.999937475 -0.003337799 -3.830929279 -0.011867600 0.003211170 0.999924421 233.627044678
0.999876201 0.010353927 0.011849426 0.771191120 -0.010320098 0.999942422 -0.002912507 -3.865827560 -0.011878900 0.002789859 0.999925494 235.128433228
0.999863148 0.011133857 0.012238487 0.776815414 -0.011088950 0.999931574 -0.003730935 -3.888542175 -0.012279186 0.003594712 0.999918163 236.641189575
0.999849498 0.011596508 0.012904122 0.785350084 -0.011543871 0.999924719 -0.004146210 -3.920724154 -0.012951232 0.003996622 0.999908149 238.139099121
0.999808669 0.013622163 0.014048021 0.777659655 -0.013567970 0.999900162 -0.003945976 -3.946627855 -0.014100371 0.003754616 0.999893546 239.662445068
0.999782145 0.014156834 0.015346841 0.785668135 -0.014127595 0.999898195 -0.002012052 -3.975416422 -0.015373764 0.001794799 0.999880135 241.172042847
0.999779999 0.014019887 0.015599757 0.807489395 -0.013993615 0.999900401 -0.001792111 -3.999577284 -0.015623328 0.001573420 0.999876738 242.702423096
0.999749899 0.014866516 0.016706554 0.814789534 -0.014810116 0.999884129 -0.003494521 -4.029813766 -0.016756576 0.003246221 0.999854326 244.236740112
0.999736607 0.015016431 0.017356621 0.825227976 -0.014926795 0.999874651 -0.005282421 -4.052328110 -0.017433768 0.005021951 0.999835432 245.763183594
0.999714196 0.015563465 0.018146636 0.836606979 -0.015488562 0.999870956 -0.004260889 -4.088491440 -0.018210605 0.003978607 0.999826252 247.282104492
0.999718249 0.015237074 0.018195843 0.855278254 -0.015182017 0.999879777 -0.003160171 -4.122271538 -0.018241810 0.002883032 0.999829471 248.816894531
0.999706328 0.015726289 0.018429495 0.867267609 -0.015680909 0.999873579 -0.002604052 -4.156902313 -0.018468115 0.002314296 0.999826908 250.344497681
0.999695957 0.016195724 0.018591665 0.884155273 -0.016149707 0.999866068 -0.002622743 -4.187557697 -0.018631656 0.002321696 0.999823868 251.872619629
0.999655187 0.017794358 0.019317370 0.895839453 -0.017746115 0.999838829 -0.002666172 -4.211541653 -0.019361705 0.002322444 0.999809861 253.402236938
0.999595165 0.019509783 0.020708239 0.898294926 -0.019456198 0.999806821 -0.002785704 -4.242082119 -0.020758586 0.002381672 0.999781668 254.928863525
0.999585688 0.019803388 0.020886533 0.918299198 -0.019760251 0.999802172 -0.002269680 -4.274097443 -0.020927347 0.001856016 0.999779284 256.470001221
0.999605656 0.018498922 0.021126367 0.941217899 -0.018456781 0.999827266 -0.002187985 -4.302669525 -0.021163195 0.001797197 0.999774337 258.013153076
0.999632955 0.017000655 0.021094384 0.974668980 -0.016967984 0.999854565 -0.001726578 -4.324002266 -0.021120673 0.001368015 0.999776006 259.571685791
0.999675453 0.014605154 0.020873448 1.007736206 -0.014587482 0.999893010 -0.000998584 -4.352729797 -0.020885797 0.000693769 0.999781609 261.115661621
0.999690592 0.013183779 0.021092115 1.031462193 -0.013153557 0.999912262 -0.001571063 -4.388020039 -0.021110980 0.001293141 0.999776304 262.665954590
0.999711156 0.012028553 0.020807987 1.055589199 -0.011983975 0.999925554 -0.002265870 -4.416890621 -0.020833697 0.002015853 0.999780834 264.211883545
0.999728620 0.010127326 0.020975459 1.086671829 -0.010117640 0.999948800 -0.000567698 -4.442425728 -0.020980131 0.000355322 0.999779820 265.760498047
0.999744475 0.007905382 0.021173900 1.116034985 -0.007933906 0.999967754 0.001263637 -4.467907429 -0.021163221 -0.001431306 0.999774992 267.309692383
0.999748468 0.007264823 0.021217939 1.146220207 -0.007270559 0.999973476 0.000193183 -4.486865997 -0.021215979 -0.000347401 0.999774873 268.858276367
0.999753118 0.006406040 0.021276169 1.183207035 -0.006383565 0.999979019 -0.001124039 -4.506481171 -0.021282926 0.000987944 0.999773026 270.412933350
0.999734521 0.007168856 0.021893512 1.208552361 -0.007146031 0.999973834 -0.001120585 -4.539352417 -0.021900970 0.000963837 0.999759674 271.961639404
0.999689579 0.009096891 0.023191364 1.227510452 -0.009077520 0.999958277 -0.000940370 -4.571534157 -0.023198953 0.000729558 0.999730527 273.498870850
0.999614537 0.011636076 0.025207732 1.241264820 -0.011592587 0.999931037 -0.001870665 -4.594623089 -0.025227759 0.001577721 0.999680400 275.023254395
0.999568403 0.012730706 0.026475152 1.268089294 -0.012678852 0.999917388 -0.002125506 -4.624405384 -0.026500028 0.001788914 0.999647200 276.564025879
0.999558091 0.012415569 0.027008882 1.313971996 -0.012373910 0.999921978 -0.001708923 -4.660190105 -0.027027987 0.001373963 0.999633729 278.119018555
0.999530435 0.013014263 0.027741490 1.342586517 -0.012947023 0.999912798 -0.002602037 -4.686435699 -0.027772939 0.002241645 0.999611735 279.690063477
0.999503613 0.012193713 0.029049594 1.375337601 -0.012105810 0.999921620 -0.003199945 -4.714111805 -0.029086340 0.002846687 0.999572873 281.243286133
0.999486268 0.011440456 0.029938279 1.422026157 -0.011369104 0.999932110 -0.002552511 -4.752757549 -0.029965444 0.002210829 0.999548495 282.784790039
0.999466777 0.010794351 0.030815786 1.459943295 -0.010738227 0.999940395 -0.001986271 -4.775781155 -0.030835388 0.001654304 0.999523103 284.332397461
0.999453902 0.010008116 0.031491578 1.499590874 -0.009970231 0.999949396 -0.001359759 -4.809923649 -0.031503595 0.001045038 0.999503016 285.886505127
0.999468803 0.008901198 0.031350747 1.547329903 -0.008798396 0.999955475 -0.003415609 -4.843981743 -0.031379756 0.003137957 0.999502599 287.433319092
0.999477565 0.008008500 0.031312697 1.587191582 -0.007832627 0.999952793 -0.005735348 -4.871776581 -0.031357154 0.005487091 0.999493182 288.994995117
0.999524415 0.007646657 0.029874196 1.632841110 -0.007479902 0.999955833 -0.005689646 -4.905443668 -0.029916383 0.005463484 0.999537468 290.562286377
0.999542236 0.006499550 0.029547093 1.665878296 -0.006331470 0.999963403 -0.005778569 -4.934322357 -0.029583570 0.005588849 0.999546707 292.121826172
0.999561310 0.006726348 0.028843472 1.701371670 -0.006545017 0.999958277 -0.006376560 -4.968938351 -0.028885162 0.006184980 0.999563515 293.674102783
0.999603093 0.006047867 0.027515182 1.754388809 -0.005881371 0.999963939 -0.006127992 -5.009196281 -0.027551251 0.005963733 0.999602616 295.248535156
0.999616325 0.006327465 0.026963787 1.787092686 -0.006172684 0.999963999 -0.005819697 -5.042499542 -0.026999639 0.005651025 0.999619484 296.818481445
0.999631524 0.006629291 0.026319090 1.820516586 -0.006483647 0.999963224 -0.005615319 -5.077490807 -0.026355354 0.005442605 0.999637842 298.376068115
0.999675989 0.005648959 0.024820240 1.873340130 -0.005546658 0.999975860 -0.004188611 -5.108413696 -0.024843302 0.004049585 0.999683142 299.950927734
0.999672055 0.007162489 0.024586661 1.894702435 -0.007091440 0.999970436 -0.002975657 -5.136754036 -0.024607247 0.002800326 0.999693274 301.555023193
0.999651253 0.007751273 0.025244651 1.930975437 -0.007674984 0.999965608 -0.003117499 -5.161556721 -0.025267946 0.002922660 0.999676585 303.154083252
0.999631763 0.008008271 0.025927994 1.971057415 -0.007924106 0.999962926 -0.003347271 -5.192762375 -0.025953840 0.003140582 0.999658227 304.750061035
0.999627709 0.007056021 0.026356820 2.010279179 -0.006968676 0.999969840 -0.003404345 -5.222395897 -0.026380047 0.003219405 0.999646723 306.357238770
0.999624908 0.005277037 0.026874330 2.043142796 -0.005148178 0.999974847 -0.004861892 -5.243937492 -0.026899314 0.004721714 0.999626994 307.962646484
0.999620974 0.003962318 0.027243908 2.087711811 -0.003775804 0.999969125 -0.006894100 -5.277965546 -0.027270382 0.006788620 0.999605060 309.564849854
0.999624193 0.003391875 0.027202856 2.121450901 -0.003177122 0.999963403 -0.007933861 -5.312235832 -0.027228769 0.007844454 0.999598444 311.184722900
0.999683380 0.004108054 0.024825640 2.159267902 -0.003886113 0.999952137 -0.008981623 -5.347927094 -0.024861351 0.008882304 0.999651372 312.795410156
0.999729455 0.004962466 0.022723626 2.183073997 -0.004769790 0.999952197 -0.008525500 -5.378654957 -0.022764854 0.008414806 0.999705434 314.412139893
0.999728501 0.005881982 0.022546396 2.211335659 -0.005768102 0.999970317 -0.005112573 -5.419365883 -0.022575798 0.004981135 0.999732733 316.045715332
0.999719858 0.004446144 0.023243578 2.244370937 -0.004398297 0.999988079 -0.002109169 -5.447597980 -0.023252681 0.002006346 0.999727607 317.685180664
0.999717772 0.004229590 0.023378212 2.282732487 -0.004194936 0.999990046 -0.001531102 -5.474646568 -0.023384456 0.001432600 0.999725521 319.327636719
0.999714971 0.003262446 0.023651158 2.316089630 -0.003195168 0.999990880 -0.002881815 -5.500908852 -0.023660343 0.002805424 0.999716043 320.942169189
0.999710441 0.001979733 0.023978190 2.361131191 -0.001910248 0.999993920 -0.002920395 -5.529894352 -0.023983829 0.002873746 0.999708235 322.592468262
0.999713123 0.001739038 0.023888187 2.404462337 -0.001683521 0.999995828 -0.002343985 -5.564092636 -0.023892164 0.002303097 0.999711871 324.230072021
0.999687493 0.002705924 0.024850516 2.418060303 -0.002637030 0.999992609 -0.002804747 -5.601026535 -0.024857922 0.002738339 0.999687254 325.837615967
0.999665201 0.003912344 0.025577569 2.445816040 -0.003832820 0.999987662 -0.003157423 -5.637691498 -0.025589604 0.003058331 0.999668002 327.467315674
0.999636352 0.004820582 0.026528673 2.476039886 -0.004721018 0.999981582 -0.003814451 -5.670829773 -0.026546568 0.003687822 0.999640703 329.095703125
0.999623537 0.002970996 0.027276477 2.515068531 -0.002928150 0.999994338 -0.001610604 -5.709783554 -0.027281109 0.001530128 0.999626637 330.727966309
0.999612153 0.002274005 0.027752599 2.548260689 -0.002254186 0.999997199 -0.000745377 -5.739892483 -0.027754216 0.000682528 0.999614477 332.349975586
0.999617100 0.000941338 0.027655119 2.592549801 -0.000887863 0.999997735 -0.001945847 -5.771695614 -0.027656885 0.001920548 0.999615550 333.975891113
0.999609232 0.001879484 0.027893510 2.631886005 -0.001847435 0.999997675 -0.001174728 -5.813650608 -0.027895652 0.001122737 0.999610186 335.601928711
0.999608994 0.004515863 0.027600046 2.660845280 -0.004410075 0.999982715 -0.003892591 -5.836930752 -0.027617153 0.003769350 0.999611378 337.213500977
0.999611795 0.006267156 0.027146922 2.692864418 -0.006083746 0.999958158 -0.006833594 -5.871582985 -0.027188618 0.006665786 0.999608099 338.821899414
0.999632001 0.007251614 0.026135189 2.734042168 -0.007086100 0.999954283 -0.006420033 -5.907640457 -0.026180554 0.006232475 0.999637723 340.444915771
0.999643743 0.008368085 0.025345376 2.766053200 -0.008296152 0.999961257 -0.002941860 -5.943741322 -0.025369016 0.002730543 0.999674439 342.037139893
0.999684513 0.008294738 0.023707755 2.807738781 -0.008308332 0.999965429 0.000474913 -5.982525826 -0.023702996 -0.000671735 0.999718845 343.659210205
0.999717295 0.008981485 0.022015683 2.852545261 -0.008955934 0.999959111 -0.001258778 -6.006097317 -0.022026086 0.001061252 0.999756753 345.292205811
0.999746919 0.008856462 0.020676229 2.871608734 -0.008800022 0.999957323 -0.002819024 -6.037451744 -0.020700315 0.002636360 0.999782264 346.880920410
0.999798059 0.007601900 0.018601984 2.905449629 -0.007584021 0.999970853 -0.001031536 -6.074976921 -0.018609280 0.000890250 0.999826431 348.481842041
0.999823511 0.006378319 0.017666575 2.929490089 -0.006368738 0.999979556 -0.000598483 -6.106102467 -0.017670028 0.000485863 0.999843776 350.097991943
0.999838531 0.005835289 0.016996725 2.958394766 -0.005811559 0.999982059 -0.001445122 -6.136757374 -0.017004853 0.001346112 0.999854445 351.699768066
0.999844790 0.004900874 0.016920829 2.978172302 -0.004858589 0.999984980 -0.002539112 -6.156793594 -0.016933016 0.002456507 0.999853671 353.305969238
0.999848843 0.004967424 0.016657498 2.998137236 -0.004928373 0.999985039 -0.002384525 -6.201309681 -0.016669091 0.002302070 0.999858439 354.904479980
0.999849141 0.004097983 0.016874550 3.015191078 -0.004055839 0.999988496 -0.002531009 -6.233207226 -0.016884726 0.002462187 0.999854326 356.505310059
0.999852836 0.003726309 0.016747214 3.040632963 -0.003674979 0.999988377 -0.003094741 -6.266268730 -0.016758559 0.003032739 0.999854922 358.108001709
0.999852240 0.003911004 0.016735464 3.057038784 -0.003846470 0.999985039 -0.003886588 -6.297757149 -0.016750416 0.003821641 0.999852419 359.698272705
0.999852419 0.003307722 0.016856937 3.080478191 -0.003243664 0.999987423 -0.003826006 -6.327194214 -0.016869379 0.003770764 0.999850571 361.299346924
0.999849737 0.003436456 0.016987247 3.102169514 -0.003357647 0.999983430 -0.004665687 -6.362410545 -0.017002994 0.004607949 0.999844849 362.898345947
0.999850750 0.002314176 0.017120024 3.116925478 -0.002208997 0.999978602 -0.006159986 -6.393677235 -0.017133912 0.006121250 0.999834478 364.498016357
0.999856234 0.000493355 0.016950080 3.147841454 -0.000423600 0.999991357 -0.004118629 -6.431889534 -0.016951969 0.004110857 0.999847770 366.082305908
0.999861002 -0.001187198 0.016626455 3.177161694 0.001245584 0.999993026 -0.003501727 -6.460636139 -0.016622182 0.003521950 0.999855578 367.679718018
0.999862671 -0.001271284 0.016521156 3.204292059 0.001349545 0.999987960 -0.004726727 -6.487521172 -0.016514942 0.004748374 0.999852240 369.306304932
0.999860108 -0.000208474 0.016725844 3.225903749 0.000292881 0.999987364 -0.005044237 -6.531491280 -0.016724575 0.005048431 0.999847412 370.870483398
0.999852121 0.001099927 0.017161649 3.244312525 -0.001030968 0.999991357 -0.004026530 -6.570301533 -0.017165929 0.004008242 0.999844611 372.467864990
0.999843776 0.002201787 0.017537987 3.267386198 -0.002146870 0.999992728 -0.003149550 -6.603042126 -0.017544799 0.003111407 0.999841213 374.061950684
0.999833584 0.002370959 0.018086726 3.284311533 -0.002312352 0.999992132 -0.003260542 -6.638553619 -0.018094309 0.003218176 0.999831200 375.660614014
0.999823987 0.002823585 0.018547313 3.300611734 -0.002740449 0.999986112 -0.004506287 -6.662651062 -0.018559774 0.004454665 0.999817967 377.267395020
0.999823332 0.002329200 0.018647909 3.329184055 -0.002251024 0.999988616 -0.004212095 -6.701498985 -0.018657506 0.004169376 0.999817252 378.877868652
0.999813437 0.002788780 0.019113069 3.349767208 -0.002704120 0.999986529 -0.004453870 -6.733927250 -0.019125231 0.004401356 0.999807417 380.486450195
0.999804199 0.004490606 0.019272378 3.373199224 -0.004403191 0.999979854 -0.004575836 -6.763341427 -0.019292539 0.004490080 0.999803722 382.106170654
0.999786794 0.006311781 0.019657502 3.393854141 -0.006232177 0.999972105 -0.004108174 -6.795724392 -0.019682886 0.003984789 0.999798357 383.721008301
0.999774218 0.007537302 0.019867521 3.418145657 -0.007439240 0.999959767 -0.005005103 -6.827416420 -0.019904446 0.004856173 0.999790072 385.342864990
0.999755383 0.009007685 0.020198079 3.438992023 -0.008897102 0.999944925 -0.005558067 -6.862998009 -0.020247031 0.005377003 0.999780536 386.949096680
