1.000000000 0.000000000 0.000000000 0.000000000 0.000000000 1.000000000 0.000000000 0.000000000 0.000000000 0.000000000 1.000000000 0.000000000
0.999996603 -0.001986356 -0.001705286 0.005390611 0.001984986 0.999997735 -0.000804503 -0.011237332 0.001706880 0.000801116 0.999998212 0.564625800
0.999993086 -0.002474183 -0.002776478 -0.000070959 0.002469226 0.999995351 -0.001787150 -0.026386114 0.002780887 0.001780282 0.999994576 1.125966311
0.999986649 -0.002399925 -0.004579638 -0.008649520 0.002383365 0.999990642 -0.003618117 -0.033592872 0.004588278 0.003607153 0.999982953 1.693515301
0.999967337 -0.004468224 -0.006736034 -0.010256821 0.004431446 0.999975264 -0.005465100 -0.045767643 0.006760285 0.005435071 0.999962389 2.237771034
0.999942720 -0.006811822 -0.008255548 -0.014600300 0.006749205 0.999948442 -0.007589109 -0.055092283 0.008306817 0.007532956 0.999937057 2.800700426
0.999924302 -0.007811616 -0.009507875 -0.021285135 0.007731322 0.999934375 -0.008452600 -0.062677033 0.009573279 0.008378451 0.999919116 3.367812157
0.999901354 -0.008165069 -0.011423873 -0.021833600 0.008078851 0.999938667 -0.007573133 -0.081244379 0.011485009 0.007480095 0.999906063 3.957883120
0.999888003 -0.008705549 -0.012171821 -0.045061752 0.008609939 0.999931872 -0.007885428 -0.097335055 0.012239637 0.007779749 0.999894857 4.534986496
0.999879181 -0.008099901 -0.013268493 -0.056253485 0.007957640 0.999910712 -0.010739806 -0.111688212 0.013354301 0.010632922 0.999854267 5.131217003
0.999877572 -0.006339215 -0.014304591 -0.076162964 0.006134698 0.999879062 -0.014296017 -0.131525040 0.014393485 0.014206512 0.999795496 5.733233452
0.999858737 -0.005154927 -0.015997568 -0.082848184 0.004864140 0.999823332 -0.018162871 -0.142305657 0.016088370 0.018082494 0.999706984 6.329705238
0.999846876 -0.003470494 -0.017150844 -0.099385262 0.003160092 0.999831378 -0.018092372 -0.154727861 0.017210742 0.018035406 0.999689221 6.963659763
0.999830782 -0.000541603 -0.018381735 -0.114503354 0.000332561 0.999935329 -0.011373335 -0.165905416 0.018386705 0.011365299 0.999766350 7.604518890
0.999819756 -0.000186158 -0.018980505 -0.134336323 0.000171621 0.999999642 -0.000767554 -0.178907067 0.018980639 0.000764158 0.999819577 8.260752678
0.999804497 0.001040586 -0.019741908 -0.151659578 -0.000922430 0.999981582 0.005993162 -0.194810420 0.019747781 -0.005973781 0.999787152 8.941846848
0.999777138 0.003053255 -0.020885535 -0.174741969 -0.002948320 0.999982893 0.005053232 -0.207441121 0.020900603 -0.004990530 0.999769092 9.620662689
0.999756753 0.005112498 -0.021453386 -0.199484214 -0.005157536 0.999984682 -0.002044568 -0.214345381 0.021442603 0.002154717 0.999767780 10.315844536
0.999738991 0.004935612 -0.022307739 -0.223029852 -0.005126227 0.999950767 -0.008495741 -0.210198119 0.022264708 0.008607876 0.999714971 11.023668289
0.999711752 0.002540105 -0.023872392 -0.238003701 -0.002700393 0.999974012 -0.006684554 -0.216775849 0.023854790 0.006747092 0.999692678 11.755908966
0.999699414 0.001593884 -0.024466466 -0.254742831 -0.001536105 0.999995947 0.002380162 -0.224000573 0.024470160 -0.002341863 0.999697745 12.517086029
0.999697208 0.001221395 -0.024578188 -0.286145926 -0.000983266 0.999952376 0.009698411 -0.227591217 0.024588861 -0.009671308 0.999650896 13.310759544
0.999684393 0.000307490 -0.025124004 -0.305000275 0.000004685 0.999922931 0.012424368 -0.235257998 0.025125889 -0.012420566 0.999607146 14.093359947
0.999689579 -0.001501443 -0.024867913 -0.331835866 0.001789519 0.999931574 0.011566029 -0.236355126 0.024848843 -0.011606942 0.999623835 14.899150848
0.999688923 -0.001932979 -0.024863280 -0.348305106 0.002160887 0.999955893 0.009142859 -0.236364141 0.024844505 -0.009193742 0.999649048 15.722496033
0.999705911 0.000699024 -0.024238890 -0.372117937 -0.000570396 0.999985754 0.005313193 -0.229768410 0.024242258 -0.005297805 0.999692082 16.565395355
0.999730945 -0.002416796 -0.023069382 -0.398364723 0.002415593 0.999997139 -0.000080023 -0.238625109 0.023069512 0.000024276 0.999733806 17.425861359
0.999724448 -0.005468556 -0.022827398 -0.404231191 0.005326198 0.999966025 -0.006292433 -0.249469340 0.022861037 0.006169115 0.999719620 18.285680771
0.999746323 -0.004247831 -0.022122532 -0.422045827 0.003981976 0.999919474 -0.012047613 -0.255806983 0.022171933 0.011956465 0.999682605 19.181974411
0.999771059 -0.002869603 -0.021204179 -0.463917047 0.002601050 0.999916196 -0.012681825 -0.275633842 0.021238796 0.012623768 0.999694765 20.094985962
0.999775231 -0.002127517 -0.021097559 -0.492933124 0.001874853 0.999926329 -0.011988551 -0.295669645 0.021121513 0.011946300 0.999705493 21.036722183
0.999755979 -0.001899517 -0.022004740 -0.500997663 0.001599753 0.999905765 -0.013632311 -0.315218598 0.022028560 0.013593784 0.999664903 21.950508118
0.999768794 0.001036933 -0.021477921 -0.536778212 -0.001369942 0.999879003 -0.015495814 -0.338176757 0.021459252 0.015521654 0.999649227 22.909152985
0.999751389 0.004604194 -0.021815725 -0.565181196 -0.004963018 0.999852836 -0.016422462 -0.360220999 0.021736899 0.016526653 0.999627113 23.870748520
0.999742329 0.006461450 -0.021759816 -0.598461151 -0.006813816 0.999846160 -0.016158409 -0.392341614 0.021652061 0.016302511 0.999632657 24.839466095
0.999736786 0.006933082 -0.021867378 -0.625305533 -0.007290700 0.999840319 -0.016316868 -0.418361425 0.021750761 0.016472004 0.999627709 25.825325012
0.999736071 0.007090998 -0.021852028 -0.650415659 -0.007448014 0.999839425 -0.016300075 -0.445896029 0.021732932 0.016458528 0.999628365 26.814952850
0.999716163 0.007816380 -0.022502841 -0.676029384 -0.008155977 0.999853611 -0.015039265 -0.477319479 0.022381993 0.015218533 0.999633670 27.822204590
0.999701679 0.008897734 -0.022745488 -0.706449270 -0.009192356 0.999874711 -0.012881314 -0.506547570 0.022628028 0.013086556 0.999658227 28.816490173
0.999691248 0.009550549 -0.022938872 -0.735034704 -0.009824004 0.999881685 -0.011838081 -0.532972574 0.022823101 0.012059778 0.999666810 29.836732864
0.999685287 0.009830276 -0.023075860 -0.762112677 -0.010124750 0.999868274 -0.012679131 -0.563138723 0.022948183 0.012908779 0.999653280 30.855108261
0.999678791 0.010777681 -0.022936296 -0.797256529 -0.011091920 0.999845624 -0.013617540 -0.587726176 0.022785991 0.013867572 0.999644220 31.885934830
0.999664545 0.010293788 -0.023765957 -0.820280969 -0.010599946 0.999862015 -0.012792252 -0.619806886 0.023630997 0.013039879 0.999635696 32.954090118
0.999658227 0.009836825 -0.024217591 -0.851526558 -0.010094184 0.999893665 -0.010527710 -0.639911950 0.024111455 0.010768569 0.999651313 33.997776031
0.999646544 0.009998060 -0.024637345 -0.882247686 -0.010167201 0.999925554 -0.006749505 -0.666334629 0.024568032 0.006997613 0.999673665 35.058609009
0.999628425 0.010364166 -0.025212102 -0.911548793 -0.010477186 0.999935687 -0.004354876 -0.691049278 0.025165344 0.004617409 0.999672651 36.132152557
0.999616146 0.009752874 -0.025930749 -0.943980157 -0.009848994 0.999945045 -0.003581689 -0.718909562 0.025894394 0.003835706 0.999657333 37.225028992
0.999595821 0.009533360 -0.026780121 -0.970043302 -0.009673194 0.999940217 -0.005096920 -0.737350225 0.026729928 0.005353910 0.999628365 38.298377991
0.999578476 0.009823194 -0.027316466 -1.006633162 -0.009980605 0.999934316 -0.005632173 -0.758126915 0.027259344 0.005902434 0.999611020 39.376728058
0.999553323 0.009591836 -0.028304830 -1.033705950 -0.009716929 0.999943614 -0.004285221 -0.775909781 0.028262131 0.004558343 0.999590099 40.453029633
0.999539614 0.010227054 -0.028565962 -1.086220860 -0.010312336 0.999942780 -0.002839693 -0.797146082 0.028535286 0.003132967 0.999587893 41.571254730
0.999529123 0.010561521 -0.028811075 -1.126314282 -0.010573698 0.999944091 -0.000270361 -0.819787681 0.028806610 0.000574873 0.999584854 42.651851654
0.999509573 0.011374307 -0.029174034 -1.162268877 -0.011390762 0.999935031 -0.000397890 -0.843241990 0.029167609 0.000730009 0.999574304 43.738746643
0.999482930 0.012888973 -0.029456669 -1.204220295 -0.013017473 0.999906600 -0.004174741 -0.863172650 0.029400107 0.004556035 0.999557376 44.811527252
0.999459028 0.013265505 -0.030094516 -1.238174677 -0.013512080 0.999876678 -0.008004901 -0.887255549 0.029984614 0.008407211 0.999514937 45.905220032
0.999462962 0.013531299 -0.029844820 -1.278137922 -0.013787395 0.999869704 -0.008391828 -0.910663605 0.029727383 0.008798803 0.999519229 46.990699768
0.999456525 0.014157173 -0.029770045 -1.315150857 -0.014335091 0.999880612 -0.005771472 -0.934483290 0.029684782 0.006195093 0.999540031 48.082412720
0.999461651 0.014600645 -0.029380715 -1.362523675 -0.014716645 0.999884725 -0.003735733 -0.957652152 0.029322784 0.004166106 0.999561250 49.181694031
0.999494195 0.012820360 -0.029100906 -1.402117729 -0.012890803 0.999914467 -0.002234278 -0.981883407 0.029069770 0.002608282 0.999573946 50.264492035
0.999511242 0.012943408 -0.028458009 -1.442309260 -0.013032888 0.999910712 -0.002961056 -1.005422473 0.028417140 0.003330499 0.999590635 51.347759247
0.999510944 0.012442267 -0.028689384 -1.464048624 -0.012592387 0.999907851 -0.005057893 -1.026093602 0.028623812 0.005416687 0.999575675 52.440738678
0.999522984 0.012602787 -0.028196516 -1.502325296 -0.012815445 0.999890625 -0.007374011 -1.048917055 0.028100500 0.007731844 0.999575257 53.521091461
0.999542058 0.011584274 -0.027957691 -1.534860492 -0.011851979 0.999885261 -0.009428743 -1.084404469 0.027845263 0.009755779 0.999564648 54.603229523
0.999544919 0.010396619 -0.028314240 -1.565074086 -0.010760254 0.999861181 -0.012720912 -1.119037628 0.028178053 0.013019791 0.999518096 55.707813263
0.999570429 0.008450825 -0.028061230 -1.596226931 -0.008859796 0.999855876 -0.014481995 -1.147539735 0.027934799 0.014724391 0.999501288 56.794998169
0.999594986 0.006514683 -0.027701737 -1.628033638 -0.006854467 0.999902248 -0.012188579 -1.179839373 0.027619625 0.012373526 0.999541879 57.874965668
0.999596536 0.005503083 -0.027865486 -1.655913591 -0.005686022 0.999962747 -0.006490147 -1.204534650 0.027828731 0.006645973 0.999590635 58.967781067
0.999611497 0.003750804 -0.027618406 -1.687597632 -0.003763758 0.999992728 -0.000417097 -1.228735685 0.027616641 0.000520884 0.999618471 60.059951782
0.999624550 0.002269672 -0.027308682 -1.721411586 -0.002274849 0.999997377 -0.000158482 -1.246939898 0.027308254 0.000220546 0.999627113 61.148689270
0.999634206 -0.000768902 -0.027034737 -1.749623656 0.000697103 0.999996185 -0.002665135 -1.271626830 0.027036687 0.002645314 0.999630928 62.231853485
0.999623775 -0.002627815 -0.027299318 -1.778658032 0.002474909 0.999981046 -0.005633386 -1.291747332 0.027313605 0.005563704 0.999611437 63.318332672
0.999654651 0.000354927 -0.026277898 -1.827733278 -0.000608061 0.999953508 -0.009625591 -1.322112799 0.026273260 0.009638243 0.999608278 64.408973694
0.999635518 -0.000355439 -0.026995081 -1.849421382 -0.000029870 0.999898136 -0.014271539 -1.345394135 0.026997402 0.014267144 0.999533653 65.493255615
0.999654830 0.002856315 -0.026116639 -1.887582064 -0.003253475 0.999879479 -0.015177355 -1.370903492 0.026070142 0.015257086 0.999543667 66.584266663
0.999663472 0.006157145 -0.025197821 -1.931862235 -0.006438665 0.999917567 -0.011106590 -1.407313108 0.025127359 0.011265092 0.999620795 67.694114685
0.999639213 0.007845254 -0.025688626 -1.949857235 -0.008083717 0.999925077 -0.009192279 -1.437053204 0.025614586 0.009396622 0.999627709 68.753852844
0.999640405 0.007419884 -0.025769211 -1.981869698 -0.007640972 0.999934733 -0.008491785 -1.461342812 0.025704522 0.008685632 0.999631822 69.851737976
0.999646366 0.006131473 -0.025877237 -2.009636641 -0.006330662 0.999950886 -0.007622536 -1.492097139 0.025829230 0.007783661 0.999636054 70.946731567
0.999650776 0.005002816 -0.025948634 -2.043842077 -0.005171294 0.999965966 -0.006429706 -1.512142539 0.025915582 0.006561649 0.999642611 72.027015686
0.999658644 0.002991208 -0.025955649 -2.078250885 -0.003101608 0.999986291 -0.004214150 -1.538694859 0.025942687 0.004293216 0.999654233 73.115989685
0.999633372 0.001864772 -0.027013920 -2.100250006 -0.001943165 0.999993980 -0.002875953 -1.559849024 0.027008394 0.002927391 0.999630868 74.213478088
0.999614358 0.001902846 -0.027701447 -2.133015156 -0.002007260 0.999991119 -0.003741959 -1.592338085 0.027694076 0.003796119 0.999609172 75.280120850
0.999598861 0.002360395 -0.028221039 -2.169149637 -0.002570737 0.999969184 -0.007419417 -1.620151281 0.028202657 0.007488989 0.999574125 76.357467651
0.999581456 0.002772352 -0.028796958 -2.205039501 -0.003055337 0.999947429 -0.009787570 -1.639749765 0.028768308 0.009871457 0.999537408 77.445014954
0.999552965 0.004294221 -0.029588383 -2.239761829 -0.004533553 0.999957502 -0.008026397 -1.669065714 0.029552659 0.008156952 0.999529898 78.501983643
0.999530792 0.004853681 -0.030242072 -2.275599480 -0.004968547 0.999980748 -0.003724241 -1.694753528 0.030223412 0.003872755 0.999535620 79.582489014
0.999508679 0.006864219 -0.030582078 -2.320062637 -0.006857628 0.999976397 0.000320430 -1.720977902 0.030583560 -0.000110552 0.999532223 80.646064758
0.999477804 0.008196285 -0.031254388 -2.357973576 -0.008166322 0.999966025 0.001086204 -1.741817832 0.031262234 -0.000830404 0.999510884 81.712066650
0.999461234 0.007647915 -0.031918209 -2.394854307 -0.007686700 0.999969780 -0.001092626 -1.764669895 0.031908892 0.001337383 0.999489844 82.782485962
0.999449790 0.007500987 -0.032309595 -2.436883688 -0.007561975 0.999969840 -0.001765825 -1.783441186 0.032295384 0.002009178 0.999476314 83.836906433
0.999440074 0.007270813 -0.032657802 -2.479474545 -0.007339363 0.999971092 -0.001979660 -1.810188055 0.032642454 0.002218239 0.999464631 84.875717163
0.999414861 0.005763808 -0.033712827 -2.510480642 -0.005823500 0.999981642 -0.001672668 -1.830718279 0.033702563 0.001868016 0.999430180 85.908027649
0.999400377 0.005328014 -0.034211393 -2.546642065 -0.005337355 0.999985695 -0.000181727 -1.857423067 0.034209933 0.000364216 0.999414623 86.929405212
0.999389827 0.004770316 -0.034600388 -2.597937346 -0.004696819 0.999986529 0.002205120 -1.872117519 0.034610439 -0.002041263 0.999398768 87.929710388
0.999365807 0.003854588 -0.035400014 -2.636093140 -0.003740303 0.999987543 0.003294053 -1.893532276 0.035412271 -0.003159557 0.999367714 88.907463074
0.999283075 0.002678167 -0.037764650 -2.675883532 -0.002558898 0.999991596 0.003206210 -1.910432696 0.037772920 -0.003107275 0.999281466 89.867378235
0.999153256 0.001763599 -0.041105673 -2.717130184 -0.001669635 0.999995947 0.002320139 -1.931082249 0.041109592 -0.002249543 0.999152064 90.799133301
0.999016762 0.002006532 -0.044286992 -2.764441490 -0.001949207 0.999997199 0.001337536 -1.949321151 0.044289559 -0.001249897 0.999017894 91.713150024
0.998873651 0.001795154 -0.047413912 -2.811462879 -0.001706515 0.999996722 0.001909878 -1.971179008 0.047417182 -0.001826814 0.998873472 92.599288940
0.998714507 0.003005495 -0.050598938 -2.859918833 -0.002867502 0.999991953 0.002799550 -1.987145662 0.050606947 -0.002650858 0.998715103 93.462089539
0.998568296 0.003795011 -0.053356141 -2.913305044 -0.003590815 0.999985874 0.003922364 -2.003726482 0.053370275 -0.003725156 0.998567760 94.302207947
0.998407543 0.005249382 -0.056167740 -2.967630625 -0.004946558 0.999972463 0.005529108 -2.022214174 0.056195222 -0.005242468 0.998405993 95.110694885
0.998227298 0.006379363 -0.059173573 -3.014938831 -0.006016248 0.999961972 0.006312566 -2.037783146 0.059211604 -0.005945374 0.998227715 95.898345947
0.998069942 0.008924169 -0.061457366 -3.077737570 -0.008531353 0.999941409 0.006651180 -2.050247669 0.061513133 -0.006114027 0.998087525 96.649551392
0.997883201 0.010875103 -0.064114802 -3.133700848 -0.010535657 0.999928653 0.005630049 -2.069048643 0.064171441 -0.004942640 0.997926593 97.380531311
0.997702837 0.011944627 -0.066681102 -3.188671827 -0.011856327 0.999928236 0.001719790 -2.082650423 0.066696860 -0.000925247 0.997772872 98.077911377
0.997506320 0.014401914 -0.069093280 -3.246767282 -0.014558003 0.999892414 -0.001756093 -2.101274252 0.069060571 0.002757574 0.997608602 98.744071960
0.997313917 0.016031001 -0.071469657 -3.293986797 -0.016399896 0.999855042 -0.004577773 -2.111301899 0.071385905 0.005737572 0.997432292 99.374786377
0.997223377 0.018121611 -0.072230116 -3.347509623 -0.018594932 0.999809682 -0.005885818 -2.123629808 0.072109707 0.007212589 0.997370660 99.984390259
0.997260571 0.020349720 -0.071114779 -3.398472548 -0.020780219 0.999769986 -0.005318890 -2.144146204 0.070990175 0.006782100 0.997453988 100.572914124
0.997370839 0.024360936 -0.068248108 -3.448133230 -0.024643313 0.999690890 -0.003298514 -2.165205002 0.068146653 0.004971702 0.997662842 101.132057190
0.997693717 0.026809625 -0.062357653 -3.491275311 -0.026989495 0.999633670 -0.002043760 -2.179881096 0.062280022 0.003722048 0.998051763 101.671318054
0.998119354 0.027813554 -0.054627381 -3.522629738 -0.027859783 0.999611795 -0.000084719 -2.193607092 0.054603823 0.001606466 0.998506725 102.197288513
0.998580873 0.027682815 -0.045496535 -3.535450935 -0.027595375 0.999615908 0.002549044 -2.204215288 0.045549627 -0.001289933 0.998961210 102.692481995
0.999058485 0.027382275 -0.033649351 -3.546922445 -0.027269304 0.999620855 0.003811641 -2.218625546 0.033740956 -0.002890458 0.999426365 103.155288696
0.999438226 0.026221173 -0.020871084 -3.535552979 -0.026149094 0.999651074 0.003719262 -2.229663849 0.020961322 -0.003171413 0.999775231 103.610466003
0.999641955 0.026225477 -0.005313142 -3.535214186 -0.026210573 0.999652386 0.002855131 -2.238200665 0.005386172 -0.002714848 0.999981821 104.050727844
0.999611676 0.024897417 0.012514835 -3.511849880 -0.024898553 0.999689996 -0.000064824 -2.254354239 -0.012512568 -0.000246803 0.999921679 104.472656250
0.999130845 0.024523748 0.033708211 -3.481268883 -0.024385979 0.999692500 -0.004492162 -2.268650055 -0.033808012 0.003666250 0.999421656 104.881820679
0.998065352 0.022487510 0.057966039 -3.431230068 -0.021997737 0.999716878 -0.009073756 -2.283021688 -0.058153652 0.007781080 0.998277307 105.292823792
0.996174335 0.019955639 0.085080802 -3.384582520 -0.018976007 0.999744177 -0.012307463 -2.284944773 -0.085304648 0.010645883 0.996298015 105.682121277
0.993182600 0.017549142 0.115240365 -3.315615654 -0.016073942 0.999776721 -0.013717989 -2.294053078 -0.115455382 0.011772101 0.993242860 106.069244385
0.988852322 0.015353333 0.148106009 -3.238480568 -0.013183973 0.999791145 -0.015618036 -2.306804657 -0.148314849 0.013491304 0.988848150 106.444625854
0.982884228 0.012399486 0.183806628 -3.148416519 -0.009452658 0.999812484 -0.016899802 -2.324476242 -0.183981746 0.014873089 0.982817113 106.801345825
0.974981785 0.009718809 0.222072273 -3.035400391 -0.005965144 0.999827862 -0.017567400 -2.334447145 -0.222204775 0.015803201 0.974871874 107.153694153
0.964981556 0.006778122 0.262230307 -2.912250519 -0.002022880 0.999828577 -0.018399552 -2.351728916 -0.262310058 0.017224766 0.964829862 107.497520447
0.952762544 0.007515585 0.303623199 -2.784978867 -0.001884978 0.999820828 -0.018833550 -2.374097824 -0.303710341 0.017371578 0.952606022 107.814231873
0.937272608 0.009775230 0.348460078 -2.643558502 -0.003223422 0.999807000 -0.019377021 -2.387494087 -0.348582238 0.017038317 0.937123299 108.141189575
0.919409275 0.009310450 0.393191814 -2.483722687 -0.002613531 0.999842286 -0.017564144 -2.404173851 -0.393293351 0.015121022 0.919288754 108.447509766
0.899589896 0.008376976 0.436655283 -2.300731659 -0.001482698 0.999868751 -0.016127272 -2.417608023 -0.436733067 0.013860503 0.899484396 108.725311279
0.875896573 0.007443124 0.482441545 -2.106681824 0.000594112 0.999863505 -0.016504567 -2.433506489 -0.482498646 0.014742916 0.875772655 109.032958984
0.850822687 0.008276380 0.525387585 -1.895172119 0.002007128 0.999817431 -0.019000407 -2.441931963 -0.525448918 0.017220499 0.850650847 109.307434082
0.823707461 0.010149961 0.566924095 -1.670806885 0.002762586 0.999756038 -0.021913070 -2.462665319 -0.567008138 0.019616138 0.823478580 109.558181763
0.792506635 0.015040026 0.609677672 -1.420825958 0.001467596 0.999645948 -0.026567781 -2.477350950 -0.609861374 0.021949898 0.792204022 109.863494873
0.758319438 0.021294726 0.651535153 -1.171749115 -0.001770034 0.999529958 -0.030608429 -2.486546516 -0.651880682 0.022057729 0.758000672 110.118392944
0.720848083 0.025871541 0.692610025 -0.900924683 -0.003458725 0.999424875 -0.033732474 -2.492690802 -0.693084419 0.021920443 0.720523000 110.364074707
0.680893064 0.026098102 0.731917620 -0.611137390 -0.001437519 0.999410629 -0.034298837 -2.510788918 -0.732381344 0.022301693 0.680529237 110.595275879
0.640128374 0.023002235 0.767923534 -0.296302795 0.003753706 0.999446154 -0.033066247 -2.519085407 -0.768258870 0.024049198 0.639687419 110.800003052
0.597018242 0.021642072 0.801935673 0.035453796 0.004290371 0.999535620 -0.030168822 -2.534740686 -0.802216172 0.021451943 0.596648097 110.982879639
0.550478220 0.020039368 0.834609032 0.377918243 0.005682644 0.999598801 -0.027748922 -2.543171644 -0.834830046 0.020017963 0.550143421 111.170043945
0.502441049 0.017882094 0.864426494 0.733108521 0.007525942 0.999657869 -0.025053969 -2.549063206 -0.864578605 0.019093769 0.502134562 111.335510254
0.451585889 0.013863555 0.892119944 1.086135864 0.009670438 0.999744475 -0.020431165 -2.571511269 -0.892175257 0.017853616 0.451336443 111.476493835
0.399471849 0.013992458 0.916638732 1.457199097 0.007263119 0.999803841 -0.018427245 -2.585712910 -0.916716695 0.014018822 0.399291843 111.608116150
0.347919285 0.018865040 0.937334657 1.846443176 0.003901804 0.999759734 -0.021569692 -2.598864079 -0.937516332 0.011161807 0.347762108 111.731750488
0.298296511 0.023970183 0.954172194 2.259460449 0.005502010 0.999624789 -0.026832070 -2.596630096 -0.954457343 0.013253780 0.298052669 111.819992065
0.251412004 0.026292231 0.967522979 2.684368134 0.005526638 0.999575675 -0.028599357 -2.617497683 -0.967864335 0.012537374 0.251160026 111.901138306
0.210312963 0.026118116 0.977285147 3.108531952 0.012597948 0.999487638 -0.029422579 -2.631376505 -0.977552831 0.018499738 0.209876180 111.950248718
0.174779341 0.025767284 0.984270394 3.541248322 0.020480605 0.999346077 -0.029798746 -2.647266865 -0.984394670 0.025366656 0.174137324 111.992393494
0.144520760 0.026715994 0.989140987 3.992370605 0.024819722 0.999223173 -0.030614644 -2.664275646 -0.989190519 0.028974656 0.143745422 112.026947021
0.117086187 0.025192078 0.992802203 4.473275185 0.023533039 0.999327123 -0.028133020 -2.678282499 -0.992842972 0.026657641 0.116414517 112.056297302
0.091834411 0.021593543 0.995540142 4.966284752 0.017633568 0.999572814 -0.023307636 -2.691376448 -0.995618224 0.019695368 0.091414392 112.085418701
0.067256585 0.017928613 0.997574568 5.530136585 0.011429937 0.999759018 -0.018738486 -2.714321852 -0.997670233 0.012662503 0.067035452 112.153450012
0.044329416 0.015390963 0.998898387 6.043984890 0.015432546 0.999751449 -0.016088981 -2.730547190 -0.998897851 0.016128764 0.044080868 112.163719177
0.024393175 0.015809808 0.999577463 6.583466530 0.023700427 0.999584794 -0.016388301 -2.754148722 -0.999421477 0.024090178 0.024008356 112.145111084
0.006640010 0.018362330 0.999809384 7.170189381 0.028561091 0.999419987 -0.018544864 -2.767175198 -0.999569952 0.028678786 0.006111715 112.146400452
-0.007330352 0.024027998 0.999684513 7.794363022 0.028467232 0.999311030 -0.023810290 -2.781467438 -0.999567866 0.028283708 -0.008009314 112.138710022
-0.018436415 0.028716436 0.999417603 8.390714645 0.025901198 0.999265671 -0.028234271 -2.792309523 -0.999494433 0.025365574 -0.019166671 112.131645203
-0.025167748 0.028877774 0.999266028 9.021744728 0.027891684 0.999213755 -0.028173780 -2.804057598 -0.999294043 0.027162140 -0.025953412 112.118064880
-0.027555071 0.025304491 0.999299884 9.652465820 0.034547880 0.999106407 -0.024346955 -2.829201698 -0.999023139 0.033852819 -0.028404668 112.084724426
-0.026577592 0.023689883 0.999365985 10.348600388 0.035299357 0.999117911 -0.022745235 -2.852223635 -0.999023318 0.034672461 -0.027390385 112.052627563
-0.024705395 0.023218958 0.999425054 11.018555641 0.034156471 0.999166131 -0.022368606 -2.874386787 -0.999111116 0.033584200 -0.025477868 112.038406372
-0.023619240 0.023737669 0.999439120 11.730981827 0.030818539 0.999260187 -0.023005100 -2.891466856 -0.999245882 0.030257886 -0.024333328 112.040466309
-0.022351678 0.024643065 0.999446332 12.433364868 0.029757330 0.999269605 -0.023973210 -2.918037415 -0.999307156 0.029205007 -0.023068661 112.025344849
-0.021929916 0.025845578 0.999425352 13.172975540 0.029877078 0.999236226 -0.025185110 -2.934396029 -0.999312937 0.029307598 -0.022685356 112.027343750
-0.021031614 0.025504382 0.999453425 13.983514786 0.028843144 0.999273956 -0.024892855 -2.959489107 -0.999362648 0.028303843 -0.021751970 112.020042419
-0.019973718 0.024135105 0.999509156 14.731022835 0.028292216 0.999321997 -0.023565207 -2.984004974 -0.999400139 0.027807645 -0.020643009 111.999786377
-0.020065803 0.022760801 0.999539435 15.508667946 0.028212205 0.999355614 -0.022190250 -3.014745235 -0.999400437 0.027753949 -0.020695006 111.996520996
-0.020854684 0.020551598 0.999571204 16.283226013 0.028412970 0.999397039 -0.019955218 -3.039943933 -0.999378681 0.027984630 -0.021426043 111.985313416
-0.021407980 0.018806661 0.999593914 17.140048981 0.026815232 0.999474168 -0.018230110 -3.068275928 -0.999411106 0.026414072 -0.021901034 111.966751099
-0.023080679 0.017644567 0.999577940 17.937183380 0.025975633 0.999517322 -0.017043708 -3.092534304 -0.999396145 0.025571289 -0.023527870 111.960494995
-0.023995539 0.015358399 0.999594033 18.749525070 0.028028809 0.999499261 -0.014684102 -3.111053467 -0.999319017 0.027665079 -0.024414003 111.936248779
-0.025085807 0.013956821 0.999587893 19.599014282 0.029404739 0.999480188 -0.013217373 -3.132246256 -0.999252677 0.029061051 -0.025483163 111.913825989
-0.027031116 0.012840671 0.999552131 20.419250488 0.026693713 0.999570251 -0.012119018 -3.160144091 -0.999278128 0.026354169 -0.027362265 111.899848938
-0.028229594 0.017790671 0.999443114 21.247373581 0.023607241 0.999574661 -0.017126217 -3.180297852 -0.999322593 0.023110628 -0.028637573 111.889282227
-0.029310774 0.022288371 0.999321818 22.083650589 0.024980089 0.999455452 -0.021558668 -3.208724499 -0.999258101 0.024331247 -0.029851582 111.871406555
-0.029634036 0.024377482 0.999263465 22.953788757 0.025761360 0.999389112 -0.023616567 -3.231264114 -0.999228776 0.025042528 -0.030243928 111.836540222
-0.031284116 0.022246465 0.999262869 23.804395676 0.022278866 0.999519467 -0.021554682 -3.260894060 -0.999262214 0.021588122 -0.031764708 111.820877075
-0.032700963 0.017721258 0.999308109 24.662494659 0.019202057 0.999669313 -0.017099302 -3.293992996 -0.999280632 0.018629605 -0.033030439 111.811523438
-0.033133533 0.012335181 0.999374866 25.504413605 0.018084088 0.999767423 -0.011740465 -3.320967197 -0.999287307 0.017683774 -0.033348899 111.786911011
-0.033337213 0.007180960 0.999418378 26.407201767 0.013357406 0.999888003 -0.006738776 -3.339121342 -0.999354839 0.013124984 -0.033429407 111.775390625
-0.033414297 0.005660831 0.999425590 27.249094009 0.010849798 0.999927044 -0.005300925 -3.363919020 -0.999382675 0.010666438 -0.033473283 111.757133484
-0.032812297 0.012570210 0.999382436 28.087318420 0.013575902 0.999834239 -0.012130161 -3.392427921 -0.999369323 0.013169501 -0.032977507 111.736755371
-0.031317659 0.024203213 0.999216378 28.958465576 0.016489359 0.999583244 -0.023695285 -3.414398432 -0.999373376 0.015734358 -0.031703699 111.702178955
-0.030881384 0.029336441 0.999092460 29.787328720 0.018142695 0.999420941 -0.028785303 -3.439215183 -0.999358296 0.017237296 -0.031395745 111.677108765
-0.030004371 0.024025712 0.999260962 30.640861511 0.020290041 0.999519706 -0.023422692 -3.469806194 -0.999343812 0.019572262 -0.030477444 111.661430359
-0.028892318 0.016067285 0.999453366 31.499465942 0.022810260 0.999620974 -0.015410581 -3.506452084 -0.999322176 0.022352541 -0.029247865 111.640815735
-0.028882759 0.013408636 0.999492824 32.334980011 0.024095802 0.999628723 -0.012714154 -3.531479120 -0.999292314 0.023716360 -0.029195128 111.621704102
-0.028470946 0.014183838 0.999493897 33.155876160 0.023160227 0.999640226 -0.013526184 -3.556501865 -0.999326289 0.022763401 -0.028789204 111.594367981
-0.029525455 0.015220691 0.999448121 33.977680206 0.020142153 0.999690115 -0.014629340 -3.582284927 -0.999361098 0.019699097 -0.029822877 111.579025269
-0.031768069 0.015863506 0.999369323 34.794246674 0.018342804 0.999714911 -0.015285906 -3.604099274 -0.999326944 0.017845631 -0.032049995 111.564926147
-0.033901274 0.015344892 0.999307394 35.607627869 0.017523594 0.999737501 -0.014757014 -3.634573221 -0.999271572 0.017011173 -0.034161277 111.542655945
-0.036566209 0.015499701 0.999211013 36.423767090 0.015805013 0.999763608 -0.014929887 -3.665477514 -0.999206305 0.015246610 -0.036802545 111.527854919
-0.038345829 0.016008656 0.999136329 37.228279114 0.014261426 0.999778569 -0.015471610 -3.688676357 -0.999162734 0.013655838 -0.038565654 111.496269226
-0.040428124 0.015156229 0.999067485 38.022369385 0.012295824 0.999816895 -0.014670038 -3.716294050 -0.999106765 0.011691277 -0.040607076 111.469833374
-0.042667177 0.014137721 0.998989284 38.826316833 0.012565487 0.999828458 -0.013612919 -3.742219210 -0.999010324 0.011971966 -0.042837504 111.441390991
-0.044929437 0.014023138 0.998891711 39.611885071 0.011800660 0.999839127 -0.013505657 -3.768908501 -0.998920441 0.011180779 -0.045087695 111.418174744
-0.046825260 0.015196788 0.998787463 40.392551422 0.011523181 0.999826014 -0.014672359 -3.793129683 -0.998836577 0.010822171 -0.046992227 111.386062622
-0.047859021 0.015833633 0.998728573 41.186775208 0.013029071 0.999799192 -0.015226254 -3.811899900 -0.998769104 0.012283792 -0.048055708 111.346969604
-0.049285389 0.014854824 0.998674273 41.964107513 0.015431046 0.999781430 -0.014109761 -3.835453510 -0.998665452 0.014715184 -0.049503852 111.310501099
-0.050715107 0.014140326 0.998613060 42.734519958 0.015438290 0.999791384 -0.013372969 -3.860695362 -0.998593807 0.014738668 -0.050922837 111.274711609
-0.052013692 0.013760813 0.998551548 43.498245239 0.014451933 0.999810815 -0.013025375 -3.885619402 -0.998541772 0.013753504 -0.052202724 111.240005493
-0.053334530 0.012716634 0.998495638 44.229141235 0.011456085 0.999860883 -0.012122094 -3.909228802 -0.998510897 0.010792324 -0.053472802 111.210166931
-0.054226533 0.011313360 0.998464525 44.966094971 0.010273860 0.999889195 -0.010771530 -3.934077263 -0.998475730 0.009673982 -0.054336760 111.175193787
-0.055230420 0.010942088 0.998413622 45.686550140 0.010324320 0.999892712 -0.010387174 -3.959853172 -0.998420238 0.009734253 -0.055337474 111.141120911
-0.055594295 0.013885843 0.998356879 46.387042999 0.010447383 0.999856651 -0.013324930 -3.983421803 -0.998398781 0.009689425 -0.055731405 111.106658936
-0.055240199 0.016727064 0.998332977 47.071357727 0.011435526 0.999804795 -0.016118960 -4.004315853 -0.998407543 0.010526048 -0.055420689 111.072700500
-0.055344291 0.018098058 0.998303294 47.765941620 0.009808366 0.999797285 -0.017581381 -4.028943539 -0.998419166 0.008818695 -0.055510584 111.036529541
-0.055457350 0.018750260 0.998284996 48.453441620 0.009491022 0.999788404 -0.018251246 -4.058411598 -0.998415947 0.008462581 -0.055623576 111.004478455
-0.055571821 0.018593352 0.998281598 49.142219543 0.010510565 0.999782085 -0.018036202 -4.083655357 -0.998399377 0.009490198 -0.055755138 110.967887878
-0.055877861 0.018008562 0.998275161 49.835510254 0.011303886 0.999784708 -0.017403062 -4.109599113 -0.998373687 0.010311942 -0.056069396 110.931762695
-0.056238253 0.018371584 0.998248339 50.514335632 0.007325776 0.999811471 -0.017987637 -4.130555153 -0.998390496 0.006301349 -0.056362223 110.904777527
-0.055829119 0.018316418 0.998272300 51.190681458 0.004867313 0.999824822 -0.018072696 -4.158222198 -0.998428464 0.003849921 -0.055908490 110.871406555
-0.055959158 0.017028006 0.998287916 51.878540039 0.006801825 0.999837875 -0.016673170 -4.181344509 -0.998409867 0.005857163 -0.056065902 110.839591980
-0.057324950 0.017061990 0.998209894 52.544822693 0.008118008 0.999828875 -0.016623471 -4.199789047 -0.998322487 0.007150536 -0.057453651 110.809364319
-0.060947649 0.016460184 0.998005211 53.216621399 0.004481120 0.999858439 -0.016217092 -4.224088669 -0.998130798 0.003483785 -0.061012782 110.773788452
-0.066202015 0.016114986 0.997676134 53.879455566 0.000944574 0.999870062 -0.016087750 -4.246740818 -0.997805774 -0.000122664 -0.066208631 110.736076355
-0.072014920 0.019799558 0.997206986 54.538646698 0.004370151 0.999799550 -0.019535439 -4.271862507 -0.997394085 0.002951101 -0.072087020 110.690498352
-0.078484312 0.022459909 0.996662259 55.203628540 0.006919255 0.999734342 -0.021984268 -4.291433334 -0.996891320 0.005170741 -0.078618869 110.632568359
-0.085359968 0.023901705 0.996063411 55.868816376 0.006164294 0.999705791 -0.023460841 -4.318327904 -0.996331096 0.004137410 -0.085482188 110.570838928
-0.091897696 0.023440078 0.995492458 56.545249939 0.001884712 0.999725103 -0.023365755 -4.342388153 -0.995766640 -0.000271042 -0.091916606 110.519699097
-0.096909091 0.022576779 0.995037079 57.225006104 0.001789483 0.999745071 -0.022509318 -4.364538670 -0.995291650 -0.000400755 -0.096924774 110.449615479
-0.101370439 0.023225127 0.994577467 57.915302277 -0.000350096 0.999726593 -0.023381045 -4.388191700 -0.994848669 -0.002718345 -0.101334587 110.383384705
-0.106162444 0.022556987 0.994092941 58.621398926 -0.002592605 0.999732971 -0.022961838 -4.412630081 -0.994345427 -0.005014976 -0.106075615 110.320587158
-0.108543277 0.019203790 0.993906200 59.323905945 -0.002464722 0.999805093 -0.019586932 -4.434541702 -0.994088650 -0.004575732 -0.108474784 110.244789124
-0.110287376 0.016289331 0.993766248 60.034137726 -0.000583379 0.999864459 -0.016454032 -4.458758831 -0.993899643 -0.002394414 -0.110262923 110.165931702
-0.112279803 0.013909288 0.993579268 60.746620178 0.000074842 0.999902070 -0.013989346 -4.479045868 -0.993676603 -0.001496360 -0.112269856 110.097091675
-0.113577873 0.013454613 0.993438005 61.473133087 -0.000814501 0.999906659 -0.013635342 -4.498381615 -0.993528724 -0.002357829 -0.113556325 110.020248413
-0.113822900 0.017908316 0.993339717 62.196216583 0.001955617 0.999839544 -0.017801415 -4.515623093 -0.993499160 -0.000083616 -0.113839671 109.937202454
-0.114196055 0.021839853 0.993218124 62.940231323 0.007074873 0.999750793 -0.021170061 -4.540791988 -0.993433118 0.004609355 -0.114322111 109.847572327
-0.114838488 0.026444629 0.993031979 63.680824280 0.014726141 0.999581099 -0.024916030 -4.575504303 -0.993275166 0.011762210 -0.115179792 109.750183105
-0.115529619 0.027760785 0.992915988 64.424179077 0.015849598 0.999533534 -0.026101641 -4.598886490 -0.993177652 0.012721807 -0.115915738 109.662727356
-0.115714468 0.025443818 0.992956519 65.183494568 0.014051423 0.999613762 -0.023976916 -4.627431870 -0.993183136 0.011177977 -0.116027303 109.579910278
-0.115989655 0.020968467 0.993029058 65.917831421 0.014864285 0.999701798 -0.019373162 -4.656351089 -0.993139207 0.012513582 -0.116266750 109.501235962
-0.116374440 0.018688340 0.993029535 66.667388916 0.017001554 0.999713898 -0.016821703 -4.686559200 -0.993059933 0.014925429 -0.116658881 109.416137695
-0.117422245 0.018429870 0.992911041 67.409263611 0.016465513 0.999726474 -0.016609149 -4.711808681 -0.992945492 0.014398509 -0.117693573 109.328666687
-0.119168974 0.019561322 0.992681265 68.156135559 0.015346192 0.999722660 -0.017857807 -4.738251686 -0.992755353 0.013105780 -0.119436130 109.245475769
-0.120967232 0.020420898 0.992446423 68.895866394 0.014814930 0.999714196 -0.018764677 -4.762760162 -0.992545962 0.012433114 -0.121235199 109.156555176
-0.123654895 0.020582523 0.992111802 69.635688782 0.015451843 0.999703586 -0.018814132 -4.789062023 -0.992204905 0.013003496 -0.123936288 109.071197510
-0.125050202 0.020618055 0.991936147 70.368652344 0.016160969 0.999693751 -0.018741939 -4.814662933 -0.992018759 0.013686965 -0.125345111 108.973846436
-0.127010912 0.020252002 0.991694510 71.106636047 0.015994160 0.999703288 -0.018367114 -4.839770317 -0.991772354 0.013528495 -0.127297133 108.884628296
-0.128773510 0.020604109 0.991460085 71.840858459 0.013708222 0.999725521 -0.018995421 -4.864731312 -0.991579413 0.011145045 -0.129020646 108.794906616
-0.129889116 0.022059599 0.991283059 72.585098267 0.013590432 0.999698162 -0.020466089 -4.891277313 -0.991435409 0.010813643 -0.130149677 108.700370789
-0.131341040 0.022682855 0.991077721 73.347183228 0.012776108 0.999693871 -0.021186920 -4.915477753 -0.991254866 0.009879403 -0.131590635 108.608291626
-0.132032409 0.022866350 0.990981638 74.086151123 0.012775572 0.999690115 -0.021365156 -4.940494537 -0.991163075 0.009839463 -0.132283628 108.512336731
-0.133282766 0.021201532 0.990851283 74.863098145 0.013279741 0.999719620 -0.019604985 -4.966942310 -0.990989029 0.010545244 -0.133526921 108.414276123
-0.133915052 0.018533934 0.990819395 75.606224060 0.010058768 0.999799132 -0.017342400 -4.996315479 -0.990941703 0.007644015 -0.134074599 108.312217712
-0.136131659 0.016607583 0.990551531 76.397979736 0.006698469 0.999852121 -0.015842946 -5.017958164 -0.990668058 0.004478452 -0.136222795 108.218742371
-0.138425007 0.016218763 0.990240097 77.168472290 0.008912904 0.999845803 -0.015130162 -5.042710304 -0.990332782 0.006731522 -0.138548225 108.116470337
-0.140006661 0.016774207 0.990008414 77.955474854 0.009923328 0.999830127 -0.015537268 -5.068286419 -0.990100861 0.007648857 -0.140149310 108.003089905
-0.142265379 0.018258831 0.989660144 78.747825623 0.009448363 0.999809265 -0.017087858 -5.089554787 -0.989783406 0.006919658 -0.142410725 107.893981934
-0.143822253 0.021907175 0.989361107 79.549987793 0.011397617 0.999725223 -0.020479808 -5.115156174 -0.989537954 0.008330909 -0.144032449 107.779701233
-0.144561663 0.025950346 0.989155471 80.357055664 0.013399476 0.999615669 -0.024266480 -5.142100334 -0.989405096 0.009746164 -0.144853786 107.665100098
-0.145203575 0.029528238 0.988961041 81.145927429 0.013378646 0.999521792 -0.027879246 -5.176028728 -0.989311337 0.009182792 -0.145529166 107.535850525
-0.144952431 0.030494722 0.988968611 81.967041016 0.015416705 0.999473214 -0.028559020 -5.210247517 -0.989318490 0.011106937 -0.145346195 107.415885925
-0.144456893 0.030102076 0.989053130 82.802337646 0.019550778 0.999428868 -0.027562359 -5.242554665 -0.989317894 0.015355186 -0.144962907 107.291091919
-0.143999279 0.027971648 0.989182353 83.620758057 0.020391935 0.999472022 -0.025294079 -5.278937340 -0.989367664 0.016529018 -0.144493639 107.168395996
-0.143551305 0.026721574 0.989282012 84.459877014 0.019753603 0.999513686 -0.024131559 -5.304260731 -0.989445746 0.016077766 -0.144009307 107.054023743
-0.141514361 0.023682067 0.989652812 85.302520752 0.018207014 0.999606967 -0.021316770 -5.344337463 -0.989768684 0.015001996 -0.141889930 106.934226990
-0.139754757 0.020635642 0.989971042 86.152740479 0.018635357 0.999660552 -0.018206855 -5.372621059 -0.990010738 0.015903970 -0.140091866 106.814880371
-0.137960717 0.017267060 0.990287185 86.997657776 0.019708846 0.999697924 -0.014685432 -5.401109695 -0.990241587 0.017491404 -0.138259351 106.696823120
-0.136557266 0.017298473 0.990481079 87.854255676 0.017955603 0.999726534 -0.014984407 -5.430518150 -0.990469456 0.015738454 -0.136830494 106.588836670
-0.135281861 0.021483853 0.990574181 88.694236755 0.018965319 0.999637783 -0.019090349 -5.459085464 -0.990625620 0.016203983 -0.135640323 106.481185913
-0.133516654 0.027605888 0.990662038 89.540275574 0.018922918 0.999500751 -0.025301849 -5.491397381 -0.990865886 0.015368001 -0.133972391 106.368270874
-0.131530732 0.031264678 0.990818918 90.386878967 0.018062597 0.999412119 -0.029138034 -5.520651340 -0.991147518 0.014064215 -0.132018164 106.254737854
-0.130153865 0.029139727 0.991065502 91.246070862 0.016482724 0.999493361 -0.027222903 -5.551473618 -0.991356730 0.012792291 -0.130568236 106.149490356
