1.000000000 0.000000000 0.000000000 0.000000000 0.000000000 1.000000000 0.000000000 0.000000000 0.000000000 0.000000000 1.000000000 0.000000000
0.999998569 0.000367066 0.001627277 -0.003969491 -0.000365740 0.999999523 -0.000815039 -0.022421030 -0.001627576 0.000814443 0.999998331 1.191631794
0.999994338 0.000518374 0.003317386 -0.005600762 -0.000516292 0.999999642 -0.000628563 -0.041005559 -0.003317711 0.000626847 0.999994218 2.394504070
0.999990940 -0.000445730 0.004210475 -0.001579565 0.000447494 0.999999762 -0.000418085 -0.058829684 -0.004210288 0.000419965 0.999991059 3.585071564
0.999984384 0.000414257 0.005558660 -0.003706276 -0.000412511 0.999999881 -0.000315283 -0.079338826 -0.005558790 0.000312985 0.999984503 4.787969112
0.999978721 0.000520043 0.006492416 0.000179470 -0.000519322 0.999999881 -0.000112843 -0.100333288 -0.006492474 0.000109469 0.999978900 5.987163067
0.999973893 0.000542732 0.007195149 0.007352404 -0.000534786 0.999999225 -0.001106202 -0.121332996 -0.007195744 0.001102325 0.999973416 7.181991100
0.999970078 0.000403710 0.007728676 0.010696605 -0.000392706 0.999998927 -0.001425300 -0.140968531 -0.007729243 0.001422222 0.999969125 8.365441322
0.999968231 0.000336463 0.007962441 0.014783386 -0.000337509 0.999999940 0.000130072 -0.161833286 -0.007962395 -0.000132755 0.999968231 9.540847778
0.999979138 -0.000380121 0.006447906 0.025985584 0.000373913 0.999999464 0.000963992 -0.184109271 -0.006448269 -0.000961561 0.999978721 10.747016907
0.999989867 -0.001867015 0.004088705 0.025638727 0.001863115 0.999997795 0.000957581 -0.212527171 -0.004090484 -0.000949953 0.999991179 11.949816704
0.999995410 -0.001666516 0.002540047 0.017864801 0.001666822 0.999998629 -0.000118233 -0.222835138 -0.002539847 0.000122466 0.999996781 13.153818130
0.999998093 -0.001535952 0.001134392 0.015594117 0.001535947 0.999998808 0.000005040 -0.246932760 -0.001134398 -0.000003298 0.999999285 14.354968071
0.999999940 -0.000032065 0.000314058 0.011032861 0.000032145 1.000000000 -0.000253877 -0.265678823 -0.000314050 0.000253887 0.999999881 15.553410530
0.999999642 -0.000679636 -0.000459682 0.011640791 0.000679482 0.999999702 -0.000335874 -0.281520039 0.000459910 0.000335562 0.999999762 16.770435333
0.999998748 -0.001264621 -0.000957991 0.006438479 0.001264774 0.999999106 0.000158849 -0.304629207 0.000957789 -0.000160061 0.999999523 17.970726013
0.999997735 -0.001608622 -0.001341445 -0.001689961 0.001609309 0.999998510 0.000511417 -0.326205075 0.001340620 -0.000513575 0.999998987 19.171627045
0.999997497 -0.001162066 -0.001901602 -0.017749036 0.001161532 0.999999285 -0.000281832 -0.351712435 0.001901928 0.000279623 0.999998152 20.365493774
0.999995768 -0.001473265 -0.002508553 -0.026271649 0.001470831 0.999998450 -0.000972294 -0.375355482 0.002509982 0.000968600 0.999996305 21.560857773
0.999992788 -0.000697424 -0.003709601 -0.031750768 0.000695050 0.999999464 -0.000641104 -0.391141564 0.003710046 0.000638521 0.999992907 22.743728638
0.999990225 -0.001278923 -0.004238688 -0.042042982 0.001275407 0.999998868 -0.000831981 -0.414304227 0.004239748 0.000826566 0.999990582 23.956180573
0.999986470 -0.001073830 -0.005094921 -0.051891655 0.001066927 0.999998510 -0.001357415 -0.437639058 0.005096371 0.001351960 0.999986112 25.157257080
0.999981880 -0.000894461 -0.005939947 -0.062666960 0.000890113 0.999999344 -0.000734604 -0.457656711 0.005940600 0.000729303 0.999981999 26.363229752
0.999973834 -0.001987094 -0.006951599 -0.068521060 0.001995108 0.999997437 0.001146140 -0.479283333 0.006949304 -0.001159979 0.999975145 27.569412231
0.999964595 -0.002118456 -0.008143202 -0.069743812 0.002124986 0.999997437 0.000793379 -0.495725870 0.008141502 -0.000810656 0.999966443 28.777631760
0.999955714 -0.003017977 -0.008915202 -0.080820039 0.003019725 0.999995410 0.000182699 -0.518788636 0.008914608 -0.000209612 0.999960244 29.982343674
0.999944270 -0.003486304 -0.009964960 -0.092201337 0.003478082 0.999993622 -0.000842218 -0.538603961 0.009967832 0.000807512 0.999949992 31.181520462
0.999944150 -0.002488329 -0.010274206 -0.114262223 0.002476813 0.999996305 -0.001133392 -0.551197886 0.010276988 0.001107881 0.999946594 32.390678406
0.999935508 -0.003216599 -0.010883863 -0.131747410 0.003214440 0.999994814 -0.000215892 -0.579399943 0.010884502 0.000180893 0.999940753 33.589653015
0.999925315 -0.003434573 -0.011731211 -0.150383383 0.003434807 0.999994099 -0.000000201 -0.599617839 0.011731145 -0.000040093 0.999931216 34.777759552
0.999921083 -0.004034241 -0.011899056 -0.175765604 0.004032448 0.999991775 -0.000174603 -0.623431325 0.011899661 0.000126607 0.999929190 35.978633881
0.999912500 -0.004556519 -0.012421129 -0.196039885 0.004553638 0.999989510 -0.000260190 -0.647205412 0.012422186 0.000203606 0.999922812 37.175899506
0.999912798 -0.005197314 -0.012132840 -0.217953801 0.005202850 0.999986291 0.000424878 -0.668242931 0.012130468 -0.000487967 0.999926329 38.393135071
0.999914110 -0.004818228 -0.012182033 -0.236613363 0.004834422 0.999987602 0.001300444 -0.677925289 0.012175614 -0.001359225 0.999924958 39.585998535
0.999919236 -0.003983947 -0.012080218 -0.248734176 0.004008604 0.999989927 0.002017580 -0.700087905 0.012072060 -0.002065842 0.999925017 40.816101074
0.999925971 -0.003147775 -0.011753186 -0.280485749 0.003167550 0.999993563 0.001664261 -0.718069196 0.011747873 -0.001701367 0.999929607 42.003696442
0.999929786 -0.002407508 -0.011602270 -0.296466768 0.002425959 0.999995768 0.001576467 -0.733246803 0.011598427 -0.001604503 0.999931455 43.224838257
0.999942422 0.000259155 -0.010726243 -0.324449390 -0.000226355 0.999995291 0.003059027 -0.748072088 0.010726986 -0.003056423 0.999937713 44.438850403
0.999961555 -0.000046576 -0.008768701 -0.345365077 0.000102465 0.999979675 0.006373313 -0.769126713 0.008768227 -0.006373967 0.999941170 45.644569397
0.999979019 0.001134676 -0.006377786 -0.371002525 -0.001075056 0.999955714 0.009343772 -0.784804285 0.006388106 -0.009336718 0.999935985 46.862014771
0.999990463 0.000722915 -0.004291611 -0.390732467 -0.000667957 0.999917865 0.012793493 -0.795878351 0.004300507 -0.012790504 0.999908924 48.080089569
0.999995232 -0.000279224 -0.003071485 -0.405477405 0.000321686 0.999904275 0.013832929 -0.798800766 0.003067329 -0.013833850 0.999899566 49.280426025
0.999996543 -0.001570525 -0.002084540 -0.399172962 0.001596315 0.999921501 0.012428470 -0.803428948 0.002064857 -0.012431756 0.999920607 50.489475250
0.999999523 -0.000745105 -0.000609360 -0.414083123 0.000751601 0.999942124 0.010731168 -0.810765505 0.000601328 -0.010731619 0.999942243 51.691947937
0.999999642 -0.000734677 0.000389705 -0.424710989 0.000730632 0.999946892 0.010279212 -0.817359924 -0.000397236 -0.010278925 0.999947071 52.901039124
0.999999344 -0.001016018 0.000335864 -0.423783273 0.001012751 0.999953508 0.009588627 -0.822387338 -0.000345590 -0.009588282 0.999953985 54.115650177
0.999998569 -0.001670616 -0.000178448 -0.430196881 0.001672092 0.999961376 0.008621564 -0.833568573 0.000164038 -0.008621851 0.999962807 55.331710815
0.999997675 -0.001303621 -0.001721754 -0.437301785 0.001318418 0.999961972 0.008620939 -0.835228801 0.001710450 -0.008623191 0.999961376 56.556282043
0.999994576 -0.001494908 -0.002909019 -0.445911825 0.001524147 0.999948084 0.010074989 -0.846325219 0.002893807 -0.010079369 0.999944985 57.781272888
0.999990284 -0.001084898 -0.004270960 -0.450879574 0.001130190 0.999943018 0.010616418 -0.861057401 0.004259198 -0.010621142 0.999934494 58.993972778
0.999988437 -0.000079629 -0.004808605 -0.469162732 0.000128771 0.999947786 0.010220214 -0.865137339 0.004807541 -0.010220714 0.999936163 60.208366394
0.999983609 -0.000228278 -0.005707345 -0.474517524 0.000285348 0.999949932 0.010000604 -0.871531904 0.005704777 -0.010002070 0.999933720 61.413654327
0.999983072 -0.000824813 -0.005762979 -0.488737106 0.000878850 0.999955595 0.009380403 -0.879898250 0.005754987 -0.009385310 0.999939322 62.623817444
0.999978483 -0.002537605 -0.006045070 -0.497461110 0.002589730 0.999959409 0.008630446 -0.895534933 0.006022925 -0.008645917 0.999944508 63.837669373
0.999978721 -0.002777258 -0.005895298 -0.514316380 0.002836301 0.999945581 0.010030696 -0.909379184 0.005867120 -0.010047203 0.999932289 65.042175293
0.999975264 -0.003255125 -0.006224196 -0.529966235 0.003327580 0.999926388 0.011666118 -0.917645633 0.006185763 -0.011686542 0.999912560 66.240928650
0.999977350 -0.002351473 -0.006309735 -0.544988215 0.002412627 0.999950051 0.009701974 -0.922565818 0.006286607 -0.009716976 0.999933004 67.443199158
0.999983013 -0.000455715 -0.005798029 -0.572068870 0.000503574 0.999965727 0.008255623 -0.927045047 0.005794069 -0.008258402 0.999949098 68.639923096
0.999981225 0.001823687 -0.005845878 -0.584357083 -0.001773221 0.999961197 0.008626213 -0.939762175 0.005861382 -0.008615686 0.999945700 69.828941345
0.999974191 0.003636485 -0.006197217 -0.596485138 -0.003578800 0.999950349 0.009294017 -0.954127610 0.006230708 -0.009271597 0.999937654 71.025764465
0.999971986 0.004559471 -0.005938920 -0.603819489 -0.004502016 0.999943197 0.009652013 -0.967704296 0.005982592 -0.009625005 0.999935746 72.254196167
0.999975324 0.005298391 -0.004618016 -0.622020841 -0.005247256 0.999925494 0.011015696 -0.980047941 0.004676038 -0.010991190 0.999928653 73.439529419
0.999961138 0.008356286 -0.002796255 -0.634665549 -0.008326543 0.999910355 0.010484982 -0.970703483 0.002883619 -0.010461294 0.999941111 74.656044006
0.999978840 0.006491965 -0.000258927 -0.641909719 -0.006489588 0.999944389 0.008315697 -0.985719144 0.000312897 -0.008313838 0.999965370 75.839881897
0.999985397 0.004417378 0.003111819 -0.663443685 -0.004428536 0.999983728 0.003588115 -1.007027030 -0.003095919 -0.003601843 0.999988735 77.008232117
0.999968529 0.005391199 0.005821448 -0.664573669 -0.005408878 0.999980748 0.003025543 -1.018861890 -0.005805025 -0.003056935 0.999978483 78.184906006
0.999947488 0.004589538 0.009165758 -0.668182671 -0.004649723 0.999967635 0.006555852 -1.037606716 -0.009135372 -0.006598126 0.999936521 79.349922180
0.999911606 0.005777689 0.011983183 -0.643921077 -0.005867568 0.999954820 0.007478928 -1.045660138 -0.011939430 -0.007548580 0.999900222 80.552894592
0.999841690 0.005696536 0.016858114 -0.650433064 -0.005796351 0.999965847 0.005877917 -1.058190942 -0.016824059 -0.005974703 0.999840617 81.687461853
0.999781311 0.005051844 0.020295041 -0.629472733 -0.005105834 0.999983609 0.002609273 -1.073160410 -0.020281527 -0.002712326 0.999790609 82.852287292
0.999701381 0.003971292 0.024111379 -0.611598969 -0.003952568 0.999991834 -0.000824134 -1.093519449 -0.024114454 0.000728586 0.999708951 84.011367798
0.999614179 0.003340058 0.027574942 -0.585048199 -0.003301960 0.999993622 -0.001427044 -1.121744394 -0.027579529 0.001335442 0.999618709 85.176918030
0.999510825 0.002970801 0.031134110 -0.550081015 -0.002975379 0.999995708 0.000100738 -1.141003609 -0.031133672 -0.000193325 0.999515235 86.338401794
0.999371350 0.004088237 0.035214305 -0.524031878 -0.004107065 0.999991477 0.000462304 -1.158454776 -0.035212107 -0.000606641 0.999379814 87.503219604
0.999226630 0.003722380 0.039144143 -0.485471487 -0.003646956 0.999991357 -0.001998074 -1.174922705 -0.039151248 0.001853771 0.999231577 88.668769836
0.999077618 0.003902751 0.042763513 -0.439793110 -0.003728339 0.999984503 -0.004157540 -1.199953318 -0.042779073 0.003994269 0.999076545 89.817535400
0.998951197 0.003712796 0.045636620 -0.385451794 -0.003512663 0.999983847 -0.004464776 -1.225230694 -0.045652453 0.004299787 0.998948157 90.982261658
0.998810709 0.002581021 0.048687886 -0.330634117 -0.002423184 0.999991596 -0.003300555 -1.246027470 -0.048695993 0.003178650 0.998808563 92.146881104
0.998668730 0.002170421 0.051536657 -0.273707867 -0.002081086 0.999996245 -0.001787025 -1.265633464 -0.051540341 0.001677394 0.998669505 93.308746338
0.998513460 0.001403244 0.054487731 -0.215692997 -0.001394062 0.999998987 -0.000206517 -1.286314249 -0.054487970 0.000130251 0.998514354 94.470001221
0.998372197 0.000033356 0.057036724 -0.150274277 -0.000066227 0.999999821 0.000574427 -1.299975157 -0.057036694 -0.000577269 0.998371899 95.628509521
0.998230398 -0.000936150 0.059457149 -0.086377144 0.001035729 0.999998093 -0.001644015 -1.322238207 -0.059455499 0.001702687 0.998229504 96.781852722
0.998077810 -0.001965870 0.061942026 -0.019899845 0.002295208 0.999983609 -0.005246168 -1.339931726 -0.061930712 0.005378254 0.998065948 97.940452576
0.997950792 -0.001181495 0.063977405 0.054162025 0.001697057 0.999966443 -0.008004756 -1.365000248 -0.063965827 0.008096923 0.997919261 99.092605591
0.997839928 -0.001286406 0.065680102 0.126323223 0.001877242 0.999958277 -0.008934751 -1.391922712 -0.065665863 0.009038750 0.997800708 100.266387939
0.997812688 -0.001083893 0.066095762 0.193282127 0.001645911 0.999962926 -0.008449221 -1.416987062 -0.066084169 0.008539526 0.997777581 101.440742493
0.997843027 -0.000626403 0.065642022 0.273339272 0.001073514 0.999976397 -0.006776297 -1.435823202 -0.065636232 0.006832149 0.997820199 102.606056213
0.997904122 -0.001266749 0.064697333 0.342155933 0.001642226 0.999982119 -0.005750752 -1.455018520 -0.064688884 0.005844946 0.997888327 103.801155090
0.998027802 -0.000509004 0.062770136 0.408676147 0.000815368 0.999987900 -0.004855208 -1.475211859 -0.062766902 0.004896814 0.998016179 104.982963562
0.998164296 -0.000177464 0.060564138 0.477695465 0.000458515 0.999989212 -0.004626680 -1.493826985 -0.060562659 0.004645955 0.998153567 106.195159912
0.998351991 0.000196883 0.057386003 0.542927265 0.000063025 0.999989688 -0.004527267 -1.521501541 -0.057386309 0.004523423 0.998341799 107.393821716
0.998538971 0.001669110 0.054009739 0.593474865 -0.001406113 0.999987006 -0.004907078 -1.543251991 -0.054017223 0.004823965 0.998528361 108.598419189
0.998721123 0.002463362 0.050498061 0.637462616 -0.002206991 0.999984384 -0.005131982 -1.555591106 -0.050509915 0.005013970 0.998710990 109.808517456
0.998919845 0.003533026 0.046332646 0.693912029 -0.003337136 0.999985158 -0.004304563 -1.577925682 -0.046347167 0.004145296 0.998916805 111.031982422
0.999101698 0.003481240 0.042236324 0.739490271 -0.003352507 0.999989510 -0.003118369 -1.607933998 -0.042246740 0.002973970 0.999102771 112.246971130
0.999268770 0.003873694 0.038038313 0.781232119 -0.003782148 0.999989748 -0.002478349 -1.630673647 -0.038047522 0.002332670 0.999273181 113.456153870
0.999435663 0.003986778 0.033354122 0.821186543 -0.003909207 0.999989510 -0.002390587 -1.651145339 -0.033363305 0.002258850 0.999440670 114.677062988
0.999586642 0.004733707 0.028358648 0.852493286 -0.004659226 0.999985576 -0.002691911 -1.673803806 -0.028370980 0.002558669 0.999594212 115.908569336
0.999704838 0.005144355 0.023740247 0.879530549 -0.005077710 0.999983013 -0.002866713 -1.696082592 -0.023754593 0.002745321 0.999714077 117.158775330
0.999793828 0.006213151 0.019328499 0.892342567 -0.006151127 0.999975741 -0.003266788 -1.722457170 -0.019348325 0.003147223 0.999807894 118.392196655
0.999846160 0.008313802 0.015445923 0.911539257 -0.008262475 0.999960124 -0.003383734 -1.743540883 -0.015473436 0.003255592 0.999874890 119.619422913
0.999858677 0.009956938 0.013546913 0.921743572 -0.009912844 0.999945283 -0.003318314 -1.766898632 -0.013579213 0.003183557 0.999902725 120.853935242
0.999850750 0.011371578 0.013006482 0.920014083 -0.011325436 0.999929309 -0.003615684 -1.791353703 -0.013046680 0.003467840 0.999908864 122.103561401
0.999845326 0.013256203 0.011558430 0.931805551 -0.013218644 0.999907136 -0.003320047 -1.814528942 -0.011601368 0.003166747 0.999927700 123.347801208
0.999835372 0.014669203 0.010681285 0.933447242 -0.014641707 0.999889314 -0.002647896 -1.833616495 -0.010718945 0.002491068 0.999939442 124.591163635
0.999847710 0.014253998 0.010069777 0.940549254 -0.014233259 0.999896348 -0.002128350 -1.859980822 -0.010099073 0.001984701 0.999946952 125.832511902
0.999794245 0.018088119 0.009178584 0.938506484 -0.018087622 0.999836326 -0.000137381 -1.878999472 -0.009179569 -0.000028666 0.999957860 127.080001831
0.999788284 0.018808199 0.008362160 0.945288658 -0.018833289 0.999818325 0.002931484 -1.893024325 -0.008305507 -0.003088351 0.999960661 128.334793091
0.999809682 0.017826054 0.007943591 0.945549011 -0.017848387 0.999836862 0.002749075 -1.912101984 -0.007893290 -0.002890331 0.999964595 129.586318970
0.999810457 0.018035037 0.007343690 0.949135244 -0.018045096 0.999836326 0.001305344 -1.928682804 -0.007318947 -0.001437614 0.999972165 130.839523315
0.999865234 0.015106280 0.006414345 0.963196754 -0.015121008 0.999883115 0.002254004 -1.944776416 -0.006379546 -0.002350692 0.999976873 132.088043213
0.999904513 0.012648007 0.005561983 0.972327888 -0.012668272 0.999913156 0.003623664 -1.952239752 -0.005515668 -0.003693778 0.999977887 133.347686768
0.999945700 0.009158649 0.004960499 0.977014303 -0.009186513 0.999942005 0.005623861 -1.972051859 -0.004908704 -0.005669126 0.999971807 134.610107422
0.999956489 0.007642684 0.005353763 0.970155001 -0.007678431 0.999948144 0.006688713 -1.985046029 -0.005302366 -0.006729531 0.999963224 135.882431030
0.999975264 0.003460266 0.006117528 0.970328689 -0.003491194 0.999981105 0.005052235 -2.003933191 -0.006099931 -0.005073466 0.999968469 137.132690430
0.999984026 0.000668158 0.005629091 0.979589701 -0.000691767 0.999990940 0.004193271 -2.018632650 -0.005626238 -0.004197098 0.999975383 138.409790039
0.999984622 -0.000651684 0.005512479 0.988294840 0.000628510 0.999991059 0.004204673 -2.038889885 -0.005515168 -0.004201144 0.999975920 139.681594849
0.999979496 -0.000938337 0.006331158 0.984576166 0.000910923 0.999990225 0.004331538 -2.050019264 -0.006335160 -0.004325683 0.999970496 140.960769653
0.999973416 -0.000298802 0.007282429 0.979329169 0.000253740 0.999980807 0.006187978 -2.060559988 -0.007284138 -0.006185965 0.999954343 142.253387451
0.999964595 0.002241548 0.008112717 0.983531535 -0.002306018 0.999965787 0.007946090 -2.080008507 -0.008094628 -0.007964516 0.999935508 143.540985107
0.999960661 0.001924780 0.008660355 0.990943193 -0.001976599 0.999980152 0.005978906 -2.089921951 -0.008648673 -0.005995790 0.999944627 144.826828003
0.999953032 0.002614136 0.009328081 0.991632044 -0.002654194 0.999987304 0.004284589 -2.103651047 -0.009316761 -0.004309146 0.999947309 146.102462769
0.999947369 0.002484185 0.009945862 0.993538558 -0.002500726 0.999995470 0.001651112 -2.120032787 -0.009941717 -0.001675896 0.999949157 147.379745483
0.999946415 0.001330383 0.010259466 1.005081892 -0.001307007 0.999996543 -0.002284851 -2.142842770 -0.010262471 0.002271320 0.999944746 148.654159546
0.999937773 0.001717587 0.011024880 1.008767128 -0.001654034 0.999981999 -0.005771004 -2.169803381 -0.011034594 0.005752409 0.999922574 149.928512573
0.999938726 0.001058555 0.011019913 1.022470832 -0.000981950 0.999975324 -0.006954599 -2.190735579 -0.011027003 0.006943352 0.999915123 151.216964722
0.999937892 0.000611946 0.011128268 1.025521994 -0.000536657 0.999976933 -0.006767233 -2.220617771 -0.011132154 0.006760842 0.999915123 152.493255615
0.999938190 0.000981418 0.011074116 1.031908512 -0.000915025 0.999981582 -0.005998844 -2.254426956 -0.011079798 0.005988340 0.999920666 153.764862061
0.999936998 0.002277655 0.010984458 1.036870003 -0.002222721 0.999985099 -0.005010604 -2.284105778 -0.010995705 0.004985874 0.999927104 155.028701782
0.999936283 0.002646509 0.010985837 1.035237074 -0.002598979 0.999987304 -0.004338518 -2.316185951 -0.010997180 0.004309689 0.999930263 156.301864624
0.999945045 0.002639949 0.010147491 1.052502871 -0.002590075 0.999984622 -0.004924845 -2.338923454 -0.010160334 0.004898291 0.999936402 157.587127686
0.999944568 0.003423801 0.009967182 1.053795099 -0.003377303 0.999983370 -0.004678218 -2.365508318 -0.009983032 0.004644296 0.999939382 158.856002808
0.999951124 0.003016362 0.009416664 1.059657812 -0.002982283 0.999988973 -0.003630925 -2.387865543 -0.009427512 0.003602665 0.999949098 160.128906250
0.999951065 0.004254423 0.008929938 1.064034104 -0.004224341 0.999985278 -0.003384794 -2.414503813 -0.008944209 0.003346905 0.999954402 161.401672363
0.999957204 0.004406594 0.008131227 1.068629622 -0.004370410 0.999980509 -0.004462453 -2.442273140 -0.008150733 0.004426725 0.999956965 162.675048828
0.999960184 0.004839531 0.007490783 1.069093108 -0.004796814 0.999972165 -0.005710044 -2.469089270 -0.007518208 0.005673885 0.999955654 163.944763184
0.999961078 0.005110804 0.007186042 1.062164664 -0.005069479 0.999970555 -0.005757151 -2.495420694 -0.007215254 0.005720498 0.999957621 165.213714600
0.999967873 0.004789940 0.006431255 1.066099405 -0.004747478 0.999966919 -0.006601494 -2.525210381 -0.006462662 0.006570750 0.999957561 166.489074707
0.999970198 0.005510123 0.005393568 1.079085827 -0.005469344 0.999956548 -0.007546258 -2.558121681 -0.005434914 0.007516534 0.999956906 167.771179199
0.999971747 0.005699906 0.004888300 1.078955173 -0.005664278 0.999957502 -0.007271625 -2.589439869 -0.004929541 0.007243732 0.999961555 169.039627075
0.999975026 0.005600604 0.004313265 1.072842598 -0.005575278 0.999967277 -0.005861402 -2.621327162 -0.004345950 0.005837207 0.999973536 170.305480957
0.999978483 0.005329344 0.003817243 1.065734148 -0.005306875 0.999968708 -0.005872213 -2.645889759 -0.003848418 0.005851828 0.999975562 171.564010620
0.999971330 0.006880412 0.003157018 1.062265873 -0.006862402 0.999960303 -0.005680432 -2.666990519 -0.003195976 0.005658604 0.999978840 172.837219238
0.999967158 0.007719721 0.002487362 1.063933611 -0.007705702 0.999954581 -0.005597449 -2.693140984 -0.002530460 0.005578098 0.999981225 174.109603882
0.999974191 0.006761855 0.002424482 1.037359834 -0.006747879 0.999960840 -0.005727736 -2.742665052 -0.002463118 0.005711229 0.999980569 175.357299805
0.999966323 0.007842277 0.002451194 1.020711184 -0.007826831 0.999949932 -0.006249193 -2.766948223 -0.002500079 0.006229796 0.999977410 176.619491577
0.999962568 0.008474670 0.001746998 1.036690235 -0.008463565 0.999944508 -0.006269165 -2.789522171 -0.001800031 0.006254145 0.999978840 177.920211792
0.999968052 0.007960196 0.000785355 1.042227507 -0.007953939 0.999938905 -0.007670271 -2.817833900 -0.000846364 0.007663779 0.999970376 179.184127808
0.999970436 0.007466260 0.001824882 1.027887344 -0.007449097 0.999929547 -0.009237605 -2.846876621 -0.001893724 0.009223737 0.999955654 180.460098267
0.999989331 0.004189116 0.001963524 1.023967147 -0.004170836 0.999948800 -0.009223654 -2.878280878 -0.002002063 0.009215366 0.999955535 181.737731934
0.999988019 0.004673224 0.001442650 1.027464628 -0.004665270 0.999974132 -0.005469130 -2.903887749 -0.001468171 0.005462336 0.999984026 182.998855591
0.999992013 0.003628385 0.001658799 1.019524574 -0.003626555 0.999992788 -0.001105151 -2.935058832 -0.001662797 0.001099126 0.999998033 184.257705688
0.999984682 0.005386904 0.001222951 1.014968991 -0.005384760 0.999983966 -0.001749393 -2.957673788 -0.001232356 0.001742782 0.999997735 185.513824463
0.999975443 0.006910440 0.001169829 1.011773825 -0.006904505 0.999963641 -0.005003278 -2.982555389 -0.001204361 0.004995077 0.999986827 186.767410278
0.999974430 0.007057538 0.001172674 1.003692150 -0.007049316 0.999951541 -0.006873187 -3.004847050 -0.001221125 0.006864745 0.999975681 188.016128540
0.999972880 0.007243047 0.001353989 0.991242528 -0.007233506 0.999949813 -0.006923208 -3.032160282 -0.001404066 0.006913226 0.999975085 189.259750366
0.999974966 0.006927228 0.001418695 0.991749644 -0.006919314 0.999960899 -0.005509621 -3.065727711 -0.001456806 0.005499667 0.999983788 190.521987915
0.999969780 0.007540570 0.001886317 0.985368073 -0.007533828 0.999965310 -0.003556251 -3.091034412 -0.001913068 0.003541932 0.999991834 191.770675659
0.999979556 0.005904011 0.002455630 0.987038732 -0.005897345 0.999978900 -0.002713447 -3.124910831 -0.002471599 0.002698910 0.999993265 193.018798828
0.999974012 0.006183825 0.003692956 0.990085483 -0.006172001 0.999975801 -0.003204587 -3.150947094 -0.003712683 0.003181711 0.999988019 194.252456665
0.999972820 0.005274779 0.005154158 0.989585102 -0.005251206 0.999975741 -0.004576414 -3.179879189 -0.005178172 0.004549224 0.999976218 195.482803345
0.999968290 0.004868995 0.006288321 0.992823005 -0.004829389 0.999968529 -0.006298176 -3.207119465 -0.006318789 0.006267608 0.999960423 196.719757080
0.999959648 0.004260619 0.007909551 0.994729340 -0.004206868 0.999968052 -0.006800112 -3.237210512 -0.007938269 0.006766564 0.999945581 197.949157715
0.999942780 0.004819431 0.009556829 0.995155334 -0.004761631 0.999970257 -0.006061650 -3.270056486 -0.009585757 0.006015796 0.999935985 199.173995972
0.999934852 0.004065513 0.010663461 0.998806953 -0.004019769 0.999982655 -0.004307740 -3.303251505 -0.010680791 0.004264594 0.999933839 200.389511108
0.999919116 0.005190284 0.011608221 1.008263826 -0.005143518 0.999978542 -0.004054944 -3.331229210 -0.011629017 0.003994909 0.999924362 201.596603394
0.999905229 0.005060050 0.012802338 1.016949296 -0.005011275 0.999980092 -0.003839025 -3.354514122 -0.012821510 0.003774505 0.999910593 202.803039551
0.999886096 0.005826210 0.013921011 1.025704026 -0.005776211 0.999976754 -0.003629090 -3.380048037 -0.013941833 0.003548266 0.999896407 204.002517700
0.999867618 0.005275652 0.015382462 1.031054735 -0.005221283 0.999979913 -0.003572496 -3.408992767 -0.015401003 0.003491707 0.999875307 205.191940308
0.999850512 0.005724205 0.016310437 1.042274237 -0.005662508 0.999976575 -0.003826330 -3.435923338 -0.016331960 0.003733400 0.999859631 206.384979248
0.999842346 0.005314988 0.016949033 1.059348345 -0.005251540 0.999978960 -0.003785847 -3.459475756 -0.016968802 0.003696241 0.999849200 207.566345215
0.999835551 0.004600672 0.017549472 1.071100235 -0.004533599 0.999982238 -0.003859810 -3.486377001 -0.017566916 0.003779612 0.999838650 208.725326538
0.999827743 0.004493385 0.018008506 1.081907272 -0.004442620 0.999985993 -0.002857958 -3.516609907 -0.018021097 0.002777461 0.999833763 209.868896484
0.999839723 0.003696260 0.017524578 1.095549345 -0.003665445 0.999991655 -0.001790165 -3.544873714 -0.017531050 0.001725643 0.999844849 211.000442505
0.999847174 0.003967890 0.017027112 1.108832836 -0.003934865 0.999990284 -0.001972513 -3.569641113 -0.017034771 0.001905212 0.999853015 212.116867065
0.999852240 0.004332156 0.016639350 1.124165297 -0.004283636 0.999986470 -0.002950530 -3.597214937 -0.016651904 0.002878817 0.999857187 213.226043701
0.999855578 0.004607897 0.016357159 1.130356073 -0.004545804 0.999982357 -0.003831175 -3.616703510 -0.016374519 0.003756264 0.999858856 214.301498413
0.999862492 0.004562186 0.015948582 1.137760162 -0.004495420 0.999981046 -0.004219708 -3.641712189 -0.015967529 0.004147431 0.999863863 215.371475220
0.999886692 0.004150801 0.014468261 1.150462985 -0.004095747 0.999984205 -0.003832686 -3.675401688 -0.014483938 0.003772993 0.999888003 216.425933838
0.999916673 0.003411755 0.012448315 1.165121794 -0.003375780 0.999990046 -0.002909768 -3.704853296 -0.012458117 0.002867503 0.999918282 217.475860596
0.999935269 0.002724987 0.011047193 1.165133476 -0.002708687 0.999995232 -0.001490213 -3.720904350 -0.011051202 0.001460194 0.999937892 218.521041870
0.999951661 0.003272686 0.009267071 1.168348670 -0.003273500 0.999994636 0.000072691 -3.743387461 -0.009266783 -0.000103023 0.999957085 219.545593262
0.999968588 0.003364287 0.007181303 1.166319013 -0.003366520 0.999994278 0.000298760 -3.768512487 -0.007180254 -0.000322926 0.999974191 220.555709839
0.999986291 0.003206813 0.004141659 1.166353226 -0.003207588 0.999994814 0.000180581 -3.798691750 -0.004141059 -0.000193864 0.999991417 221.534362793
0.999990582 0.003969719 0.001741045 1.159184933 -0.003969457 0.999992073 -0.000154090 -3.811359882 -0.001741643 0.000147178 0.999998450 222.500335693
0.999987543 0.004875344 -0.001079025 1.150183320 -0.004875277 0.999988139 0.000065036 -3.831402540 0.001079331 -0.000059775 0.999999404 223.445602417
0.999980867 0.005056457 -0.003556734 1.129330635 -0.005056028 0.999987125 0.000129460 -3.855329752 0.003557344 -0.000111474 0.999993682 224.356994629
0.999961555 0.004877045 -0.007288479 1.128698826 -0.004880586 0.999987900 -0.000468250 -3.869452953 0.007286108 0.000503805 0.999973357 225.265106201
0.999936521 0.003954483 -0.010555126 1.115578413 -0.003963332 0.999991715 -0.000817547 -3.894076586 0.010551807 0.000859328 0.999944031 226.145996094
0.999898970 0.005084690 -0.013273176 1.088729382 -0.005094582 0.999986768 -0.000711519 -3.922658443 0.013269382 0.000779068 0.999911726 226.992889404
0.999857187 0.006011651 -0.015796335 1.063498259 -0.006039808 0.999980211 -0.001735361 -3.937236786 0.015785592 0.001830520 0.999873817 227.832443237
0.999789476 0.007237647 -0.019205784 1.066563606 -0.007276766 0.999971569 -0.001967673 -3.956420898 0.019190999 0.002107014 0.999813616 228.656936646
0.999763608 0.007796677 -0.020297598 1.049110889 -0.007829941 0.999968112 -0.001559781 -3.974148273 0.020284792 0.001718341 0.999792755 229.455200195
0.999770939 0.007832089 -0.019920127 1.028957367 -0.007846458 0.999969065 -0.000643173 -3.992891788 0.019914471 0.000799328 0.999801338 230.236373901
0.999787450 0.007400615 -0.019243902 1.006554604 -0.007417257 0.999972165 -0.000793492 -4.005104542 0.019237496 0.000936061 0.999814510 230.991775513
0.999794543 0.008075034 -0.018593542 0.981369019 -0.008083348 0.999967396 -0.000372194 -4.027911186 0.018589923 0.000522416 0.999827027 231.719650269
0.999794483 0.008403274 -0.018452106 0.965961456 -0.008447715 0.999961674 -0.002331909 -4.045452595 0.018431801 0.002487308 0.999827027 232.451416016
0.999812782 0.008651436 -0.017308533 0.944886208 -0.008732011 0.999951363 -0.004585017 -4.059877872 0.017268024 0.004735298 0.999839664 233.186553955
0.999828339 0.008998828 -0.016196029 0.931605339 -0.009099009 0.999939859 -0.006122449 -4.076021671 0.016139960 0.006268767 0.999850035 233.912521362
0.999850512 0.009170106 -0.014659629 0.917413950 -0.009263813 0.999937057 -0.006337074 -4.095185757 0.014600596 0.006471930 0.999872506 234.645492554
0.999877155 0.009182883 -0.012701775 0.900541782 -0.009265680 0.999936044 -0.006474993 -4.112549305 0.012641505 0.006591889 0.999898314 235.360870361
0.999902368 0.008927791 -0.010751266 0.891008615 -0.009001710 0.999936104 -0.006846537 -4.127099991 0.010689453 0.006942649 0.999918759 236.070205688
0.999919176 0.009119764 -0.008857152 0.878706217 -0.009175560 0.999938190 -0.006279478 -4.156106472 0.008799338 0.006360239 0.999940991 236.789077759
0.999940574 0.008362347 -0.006993519 0.875415444 -0.008408408 0.999943018 -0.006582904 -4.176249504 0.006938071 0.006641317 0.999953866 237.492141724
0.999955416 0.008729845 -0.003594977 0.867103279 -0.008752117 0.999942243 -0.006226001 -4.189971447 0.003540417 0.006257187 0.999974191 238.203933716
0.999969900 0.007734347 -0.000605338 0.866089106 -0.007737583 0.999954641 -0.005541740 -4.212830067 0.000562449 0.005546257 0.999984443 238.905227661
0.999971747 0.007185674 0.002221068 0.870759845 -0.007173620 0.999959648 -0.005388405 -4.228241444 -0.002259698 0.005372319 0.999982953 239.600738525
0.999957085 0.007314371 0.005702925 0.868492007 -0.007282326 0.999957681 -0.005619621 -4.241639137 -0.005743788 0.005577849 0.999967933 240.295837402
0.999939144 0.006662398 0.008793249 0.866827369 -0.006610462 0.999960601 -0.005922335 -4.262620926 -0.008832360 0.005863847 0.999943793 240.990859985
0.999904573 0.006059287 0.012412718 0.867626429 -0.005985736 0.999964356 -0.005953986 -4.281001091 -0.012448352 0.005879119 0.999905229 241.680831909
0.999857187 0.007259821 0.015260544 0.876962662 -0.007154726 0.999950409 -0.006930069 -4.297025204 -0.015310097 0.006819894 0.999859512 242.360214233
0.999799252 0.007471733 0.018589819 0.885848761 -0.007335297 0.999945760 -0.007396720 -4.314690590 -0.018644076 0.007258873 0.999799848 243.061523438
0.999753714 0.007642255 0.020835526 0.898734570 -0.007501136 0.999948442 -0.006842764 -4.327419758 -0.020886745 0.006684789 0.999759436 243.773422241
0.999697149 0.007972312 0.023282412 0.914816380 -0.007829691 0.999950051 -0.006210472 -4.344481468 -0.023330763 0.006026296 0.999709606 244.478439331
0.999649525 0.006857368 0.025571182 0.934409142 -0.006711119 0.999960661 -0.005800719 -4.367142677 -0.025609955 0.005627075 0.999656200 245.185287476
0.999561727 0.008070661 0.028481767 0.934914589 -0.007845822 0.999937236 -0.007997060 -4.381502628 -0.028544521 0.007770094 0.999562263 245.887817383
0.999507070 0.008662371 0.030175149 0.951133728 -0.008353597 0.999911606 -0.010343771 -4.398329258 -0.030262083 0.010086603 0.999491036 246.593948364
0.999469101 0.007495265 0.031705171 0.968060017 -0.007112874 0.999900758 -0.012156413 -4.414021492 -0.031793136 0.011924446 0.999423325 247.299957275
0.999468982 0.008091801 0.031563777 0.991553307 -0.007693110 0.999889314 -0.012732364 -4.430073261 -0.031663314 0.012482781 0.999420643 248.049102783
0.999436021 0.008627350 0.032449812 0.999836445 -0.008194507 0.999876082 -0.013448213 -4.447237968 -0.032561805 0.013174720 0.999382973 248.754714966
0.999441624 0.008708388 0.032257494 1.023148060 -0.008277532 0.999875009 -0.013466325 -4.471246243 -0.032370742 0.013191794 0.999388874 249.499023438
0.999408424 0.009247022 0.033124574 1.035640240 -0.008785602 0.999862671 -0.014048379 -4.491079330 -0.033249933 0.013749049 0.999352515 250.234039307
0.999407828 0.008712923 0.033287011 1.053903103 -0.008178115 0.999835849 -0.016169099 -4.510411739 -0.033422418 0.015887300 0.999315023 250.981140137
0.999423146 0.004991821 0.033592336 1.081516266 -0.004371880 0.999819338 -0.018503077 -4.534154415 -0.033678621 0.018345542 0.999264300 251.733856201
0.999403596 0.001778547 0.034486357 1.104824543 -0.001121165 0.999817491 -0.019072065 -4.557017803 -0.034513976 0.019022027 0.999223113 252.477783203
0.999376655 0.004055927 0.035069272 1.123828411 -0.003525696 0.999878705 -0.015168191 -4.575734615 -0.035126541 0.015035091 0.999269783 253.246032715
0.999327660 0.007277633 0.035933025 1.143020630 -0.006959883 0.999935567 -0.008960027 -4.596952915 -0.035995923 0.008703915 0.999314070 254.035842896
0.999287426 0.007109493 0.037068684 1.163787842 -0.006903885 0.999960065 -0.005671716 -4.616850376 -0.037107527 0.005411757 0.999296606 254.821884155
0.999223471 0.005598566 0.039002292 1.199433327 -0.005293547 0.999954641 -0.007919425 -4.634510040 -0.039044864 0.007706814 0.999207675 255.605834961
0.999047041 0.006909505 0.043096289 1.227985382 -0.006314070 0.999882936 -0.013937248 -4.652173996 -0.043187551 0.013651852 0.998973668 256.402893066
0.998855114 0.009060353 0.046974406 1.258171082 -0.008250369 0.999814451 -0.017408473 -4.674453259 -0.047123421 0.017000984 0.998744369 257.211486816
0.998685360 0.011283739 0.050003417 1.295371056 -0.010432520 0.999796808 -0.017251642 -4.694649696 -0.050187908 0.016707299 0.998600006 258.028289795
0.998515606 0.009511380 0.053629961 1.333364487 -0.008708091 0.999846637 -0.015192174 -4.715577126 -0.053766243 0.014702608 0.998445272 258.863189697
0.998386323 0.006325035 0.056433752 1.382179260 -0.005643221 0.999909222 -0.012232864 -4.737781525 -0.056506004 0.011894654 0.998331368 259.699584961
0.998237908 0.003455523 0.059237018 1.433894157 -0.002839589 0.999941051 -0.010478814 -4.762220860 -0.059269734 0.010292139 0.998188972 260.535003662
0.998061061 0.003608697 0.062137581 1.482709885 -0.003016299 0.999949157 -0.009624812 -4.790372849 -0.062169157 0.009418724 0.998021185 261.374816895
0.997844160 0.006541507 0.065300956 1.525576591 -0.005763717 0.999910295 -0.012092119 -4.810573101 -0.065374196 0.011689674 0.997792363 262.219482422
0.997678995 0.008059516 0.067613550 1.572959900 -0.007098743 0.999870598 -0.014438013 -4.831210136 -0.067721151 0.013924530 0.997607112 263.053070068
0.997471213 0.008182247 0.070599303 1.622102737 -0.007199222 0.999873698 -0.014167229 -4.863054752 -0.070706315 0.013623141 0.997404099 263.878570557
0.997228146 0.008692053 0.073895365 1.675823212 -0.007816437 0.999895811 -0.012130370 -4.888845444 -0.073993117 0.011519146 0.997192204 264.716918945
0.997029185 0.010101222 0.076360099 1.745307922 -0.009341016 0.999903202 -0.010306167 -4.916300297 -0.076456815 0.009562267 0.997027099 265.568237305
0.996798754 0.011655713 0.079097413 1.806356430 -0.010757389 0.999872744 -0.011773827 -4.915232182 -0.079224572 0.010885253 0.996797383 266.418823242
0.996506095 0.011285872 0.082754254 1.861312866 -0.010365942 0.999879658 -0.011537673 -4.951341629 -0.082874499 0.010639535 0.996503174 267.249389648
0.996309042 0.009764981 0.085282683 1.934482574 -0.008759265 0.999887705 -0.012158971 -4.963881969 -0.085391849 0.011367080 0.996282578 268.126647949
0.996155143 0.006526583 0.087364025 1.998262405 -0.005576855 0.999922752 -0.011110604 -4.990679264 -0.087429792 0.010580669 0.996114552 268.933105469
0.996090472 0.005201238 0.088184886 2.086671829 -0.004241993 0.999929845 -0.011061569 -5.029591560 -0.088236235 0.010644244 0.996042669 269.809478760
0.996042907 0.003559494 0.088801764 2.156185150 -0.002646812 0.999942482 -0.010393370 -5.059160233 -0.088833667 0.010117203 0.995995045 270.669128418
0.996020377 0.003721236 0.089048266 2.231454849 -0.002825296 0.999944150 -0.010185210 -5.080350876 -0.089081191 0.009893090 0.995975256 271.531524658
0.996013105 0.004118850 0.089112155 2.309799194 -0.003250749 0.999945879 -0.009884601 -5.105906010 -0.089148045 0.009555513 0.995972574 272.388305664
0.996015191 0.004843732 0.089052185 2.373567581 -0.003973240 0.999942601 -0.009949743 -5.122079849 -0.089095265 0.009556269 0.995977283 273.237823486
0.996163905 0.003603657 0.087432005 2.451919556 -0.002758088 0.999948263 -0.009790037 -5.158784389 -0.087462761 0.009511337 0.996122420 274.096557617
0.996318579 0.004887686 0.085588671 2.526895523 -0.003931273 0.999927998 -0.011339503 -5.177121162 -0.085637927 0.010961286 0.996266007 274.962402344
0.996460378 0.005743655 0.083868213 2.598855972 -0.004736932 0.999914408 -0.012197696 -5.199055195 -0.083931096 0.011757242 0.996402204 275.829315186
0.996583998 0.006432092 0.082334392 2.662778854 -0.005433539 0.999909043 -0.012346349 -5.226625919 -0.082406305 0.011856806 0.996528268 276.666412354
0.996661365 0.008306018 0.081222728 2.714706421 -0.007293348 0.999891996 -0.012756566 -5.250330448 -0.081319913 0.012121592 0.996614456 277.530181885
0.996803463 0.008823816 0.079404749 2.765632629 -0.007885945 0.999895453 -0.012117131 -5.275999546 -0.079503365 0.011452216 0.996768832 278.381011963
0.997054458 0.008921357 0.076176442 2.839540482 -0.008121322 0.999908626 -0.010805723 -5.297424316 -0.076265894 0.010155242 0.997035742 279.231658936
0.997358680 0.007829205 0.072210364 2.895572662 -0.007237405 0.999938071 -0.008453523 -5.320106506 -0.072272077 0.007908580 0.997353613 280.079467773
0.997710884 0.006266767 0.067333177 2.954511642 -0.005851046 0.999962568 -0.006369539 -5.348383427 -0.067370579 0.005960988 0.997710168 280.919799805
0.998023927 0.004908247 0.062642217 2.993769646 -0.004617997 0.999977946 -0.004777390 -5.375785351 -0.062664285 0.004478669 0.998024583 281.745422363
0.998292029 0.005576832 0.058154371 3.031499863 -0.005322547 0.999975622 -0.004526556 -5.388129234 -0.058178201 0.004209295 0.998297334 282.567657471
0.998547494 0.004285252 0.053707987 3.069414139 -0.004104245 0.999985516 -0.003480029 -5.416306496 -0.053722113 0.003254543 0.998550713 283.380218506
0.998790503 0.003439582 0.049048878 3.106319427 -0.003274088 0.999988675 -0.003454018 -5.432595253 -0.049060196 0.003289249 0.998790383 284.182830811
0.998972654 0.003469705 0.045184333 3.132270813 -0.003306752 0.999987781 -0.003680674 -5.449737549 -0.045196544 0.003527479 0.998971879 284.958679199
0.999157786 0.003292958 0.040901326 3.164493561 -0.003140125 0.999987900 -0.003800303 -5.469314575 -0.040913343 0.003668666 0.999155939 285.730255127
0.999294221 0.004115805 0.037337434 3.186043262 -0.003960890 0.999983191 -0.004222047 -5.482778072 -0.037354186 0.004071177 0.999293804 286.479461670
