1.000000000 0.000000000 0.000000000 0.000000000 0.000000000 1.000000000 0.000000000 0.000000000 0.000000000 0.000000000 1.000000000 0.000000000
0.999981344 0.000322044 -0.006102900 -0.010651364 -0.000318271 0.999999762 0.000619082 -0.003637603 0.006103098 -0.000617128 0.999981165 0.088937357
0.999904692 0.001112168 -0.013760331 -0.012205271 -0.001114834 0.999999344 -0.000186069 0.002157742 0.013760115 0.000201392 0.999905288 0.186719820
0.999786794 0.001546645 -0.020590205 -0.033914734 -0.001557235 0.999998689 -0.000498282 -0.001198240 0.020589406 0.000530239 0.999787867 0.284279704
0.999539554 0.001548867 -0.030303717 -0.040821709 -0.001594374 0.999997616 -0.001477589 -0.006973794 0.030301357 0.001525224 0.999539673 0.388359874
0.999122620 0.002056943 -0.041829601 -0.058650691 -0.002196960 0.999992132 -0.003301637 -0.003733880 0.041822482 0.003390638 0.999119282 0.509454072
0.998448074 0.002000102 -0.055655092 -0.078205019 -0.002235826 0.999988794 -0.004173490 -0.005060923 0.055646122 0.004291448 0.998441339 0.635376751
0.997410357 0.001776636 -0.071898766 -0.104232229 -0.002087381 0.999988794 -0.004247078 -0.004646658 0.071890414 0.004386160 0.997402906 0.776299477
0.995925844 0.000147958 -0.090175800 -0.117144100 -0.000543318 0.999990344 -0.004359792 -0.006685288 0.090174302 0.004391023 0.995916307 0.878305554
0.993924141 -0.000968105 -0.110062748 -0.150757879 0.000483358 0.999990046 -0.004430865 -0.009806281 0.110065967 0.004350745 0.993914723 1.032161593
0.991202712 -0.001085528 -0.132348031 -0.195656955 0.000453383 0.999988317 -0.004806419 -0.013084223 0.132351711 0.004704131 0.991191745 1.196827650
0.987635434 0.002426091 -0.156748682 -0.247379631 -0.003437357 0.999974966 -0.006180756 -0.018514033 0.156729743 0.006643135 0.987619221 1.368562341
0.983289540 0.006675577 -0.181926012 -0.302710056 -0.008202435 0.999937177 -0.007641627 -0.024994381 0.181863517 0.009006171 0.983282447 1.521048784
0.977932692 0.009223426 -0.208716512 -0.375458300 -0.011271250 0.999899328 -0.008624264 -0.029450439 0.208615959 0.010786446 0.977938116 1.698059320
0.971116602 0.010093002 -0.238391742 -0.445531219 -0.012535495 0.999883294 -0.008731858 -0.033782173 0.238275781 0.011468012 0.971129775 1.882551551
0.962949514 0.011913583 -0.269418120 -0.526229262 -0.014682420 0.999858081 -0.008264253 -0.037185054 0.269281387 0.011913770 0.962987781 2.072391033
0.953651190 0.013964491 -0.300590068 -0.614039123 -0.016871894 0.999832630 -0.007078568 -0.041854419 0.300440878 0.011822009 0.953727186 2.237543344
0.942370474 0.015624233 -0.334206402 -0.710638881 -0.018770959 0.999804676 -0.006187833 -0.040509418 0.334044397 0.012104605 0.942479670 2.420347214
0.929645240 0.018000172 -0.368015826 -0.819179654 -0.021602051 0.999750674 -0.005669759 -0.044092383 0.367821962 0.013220760 0.929802299 2.617123127
0.915757895 0.020931585 -0.401184976 -0.942576468 -0.025246816 0.999666274 -0.005472214 -0.040186498 0.400936544 0.015139867 0.915980816 2.805437326
0.899731219 0.021495674 -0.435914874 -1.068672657 -0.026158012 0.999646783 -0.004696088 -0.041616168 0.435660005 0.015627885 0.899975598 2.987713575
0.881429017 0.017530220 -0.471991032 -1.194903851 -0.022345738 0.999739707 -0.004598648 -0.049444847 0.471787691 0.014600372 0.881591320 3.160853863
0.860262871 0.012946778 -0.509686351 -1.334868431 -0.017885856 0.999828517 -0.004791137 -0.054048326 0.509536982 0.013237815 0.860346973 3.340660334
0.835315347 0.014424779 -0.549581945 -1.500308037 -0.018540515 0.999826252 -0.001937655 -0.055310529 0.549458504 0.011808088 0.835437536 3.522819281
0.806115866 0.019822186 -0.591425717 -1.684957504 -0.023182476 0.999729395 0.001909060 -0.060790818 0.591303527 0.012171788 0.806357205 3.698678970
0.773747981 0.023261128 -0.633066177 -1.885475159 -0.026277836 0.999644041 0.004613136 -0.071418948 0.632948101 0.013066208 0.774083912 3.866557360
0.737646639 0.023096992 -0.674791753 -2.089783192 -0.026138607 0.999642491 0.005642740 -0.074847192 0.674680710 0.013475766 0.737986624 4.026305676
0.697419643 0.018717207 -0.716418505 -2.308264256 -0.020062454 0.999777019 0.006589843 -0.073110051 0.716382146 0.009777226 0.697639585 4.200844288
0.655355692 0.014992765 -0.755171597 -2.563210487 -0.014746789 0.999866307 0.007053192 -0.069952548 0.755176425 0.006514006 0.655489206 4.367481232
0.610525787 0.014877556 -0.791856706 -2.825057030 -0.011904180 0.999882936 0.009607810 -0.074755728 0.791906834 0.003560588 0.610631466 4.514733791
0.562773347 0.015167486 -0.826472104 -3.114427090 -0.009465775 0.999884248 0.011904389 -0.069105998 0.826557040 0.001123725 0.562851787 4.660414696
0.511142373 0.015865328 -0.859349608 -3.410190582 -0.007695738 0.999873936 0.013882255 -0.066226773 0.859461486 -0.000482479 0.511200070 4.791659355
0.458337098 0.017303810 -0.888610005 -3.729347229 -0.007206637 0.999849916 0.015752854 -0.058271326 0.888749242 -0.000816226 0.458392888 4.902128220
0.404342800 0.019630836 -0.914396703 -4.080307961 -0.005282712 0.999803007 0.019128395 -0.061117791 0.914592266 -0.002903934 0.404366761 5.007147312
0.348478615 0.021407353 -0.937072217 -4.437657833 -0.004770755 0.999766707 0.021065455 -0.053276666 0.937304676 -0.002870318 0.348499447 5.096943855
0.293465793 0.024634171 -0.955652118 -4.816991329 -0.002844733 0.999685943 0.024895679 -0.049362138 0.955965281 -0.004587453 0.293443680 5.170891285
0.239416048 0.026777819 -0.970547736 -5.218294621 0.001912300 0.999604642 0.028051237 -0.052761212 0.970915139 -0.008571899 0.239270210 5.237942696
0.188263893 0.026933648 -0.981749177 -5.624360085 0.004932482 0.999585330 0.028368840 -0.045954704 0.982106090 -0.010183288 0.188052997 5.282055855
0.141030774 0.028343005 -0.989599407 -6.054297447 0.002918406 0.999573767 0.029044591 -0.043717220 0.990000904 -0.006984235 0.140887976 5.295755386
0.098406181 0.028599335 -0.994735301 -6.517633915 0.000425621 0.999585629 0.028780892 -0.032083437 0.995146215 -0.003255598 0.098353222 5.300346375
0.060662273 0.027063558 -0.997791350 -7.000213623 -0.000573436 0.999633074 0.027078649 -0.020305350 0.998158157 -0.001070483 0.060655527 5.295367241
0.025825687 0.024281021 -0.999371529 -7.469009399 -0.000214343 0.999705076 0.024283584 -0.008884460 0.999666452 -0.000412932 0.025823265 5.285045147
-0.005362470 0.021361014 -0.999757349 -7.955646992 0.000825093 0.999771595 0.021356884 -0.000928745 0.999985218 -0.000710368 -0.005378872 5.262296677
-0.031636387 0.019917767 -0.999300957 -8.509919167 0.000018570 0.999801457 0.019927155 0.000524178 0.999499440 0.000611867 -0.031630475 5.211822033
-0.052611075 0.017726334 -0.998457730 -9.024484634 -0.000411281 0.999842048 0.017772578 0.009191900 0.998614967 0.001345682 -0.052595470 5.167380333
-0.068938494 0.016953984 -0.997476816 -9.544632912 0.000710860 0.999856114 0.016945297 0.020571172 0.997620642 0.000459117 -0.068940625 5.123434067
-0.081589438 0.016768973 -0.996524870 -10.195070267 0.000612478 0.999859035 0.016774932 0.040274084 0.996665955 0.000758308 -0.081588201 5.049873352
-0.091398723 0.018294185 -0.995646298 -10.755130768 -0.000975136 0.999829054 0.018460555 0.036889613 0.995813906 0.002658162 -0.091365278 4.990333557
-0.098011054 0.019337697 -0.994997382 -11.346972466 -0.003404662 0.999798834 0.019766379 0.042202368 0.995179474 0.005324953 -0.097925521 4.917092800
-0.103005677 0.020475876 -0.994470000 -11.936614990 -0.002786112 0.999778211 0.020873748 0.045814440 0.994676888 0.004920820 -0.102925785 4.859401703
-0.103683189 0.021116294 -0.994386196 -12.632275581 -0.000121094 0.999774337 0.021243343 0.059271947 0.994610369 0.002322992 -0.103657216 4.774929047
-0.102623343 0.023082802 -0.994452417 -13.257798195 0.002136478 0.999733508 0.022984909 0.073436648 0.994718015 0.000234163 -0.102645323 4.709281921
-0.101612926 0.025794800 -0.994489491 -13.899769783 0.001467529 0.999666572 0.025779134 0.074462831 0.994822979 0.001160051 -0.101616904 4.650048256
-0.100257501 0.025425330 -0.994636536 -14.549121857 -0.000675214 0.999671400 0.025622094 0.087629884 0.994961262 0.003240399 -0.100207388 4.588277340
-0.098951384 0.023056548 -0.994825125 -15.221516609 -0.002275393 0.999723732 0.023396404 0.092851132 0.995089650 0.004578725 -0.098871596 4.522499561
-0.096438736 0.022859251 -0.995076537 -15.999583244 -0.003924374 0.999719679 0.023346258 0.107265949 0.995331168 0.006156534 -0.096322000 4.418455124
-0.094579220 0.025591962 -0.995188355 -16.700893402 -0.003458522 0.999655068 0.026035514 0.123079240 0.995511353 0.005904300 -0.094458081 4.349988937
-0.092404678 0.029160019 -0.995294452 -17.423925400 -0.004512887 0.999548554 0.029703639 0.135053754 0.995711327 0.007236407 -0.092231363 4.272331715
-0.090306640 0.030936964 -0.995433390 -18.156581879 -0.004817690 0.999492168 0.031500176 0.148524761 0.995902419 0.007640365 -0.090111725 4.195592880
-0.088755623 0.030665874 -0.995581329 -18.891262054 -0.007069301 0.999481380 0.031416234 0.156033963 0.996028364 0.009826431 -0.088492818 4.127573013
-0.087801009 0.027335038 -0.995762885 -19.726556778 -0.008484668 0.999566734 0.028187588 0.178655237 0.996101856 0.010923616 -0.087531023 4.063529968
-0.086176932 0.026841404 -0.995918155 -20.498130798 -0.009405524 0.999570549 0.027753701 0.192983836 0.996235430 0.011758860 -0.085887447 3.990349293
-0.084428720 0.029014429 -0.996007025 -21.283252716 -0.006621524 0.999537468 0.029678568 0.213219911 0.996407509 0.009100807 -0.084197551 3.920328379
-0.083408654 0.030948184 -0.996034741 -22.075466156 -0.004623308 0.999494791 0.031442855 0.228332341 0.996504724 0.007227580 -0.083223425 3.856462717
-0.082083829 0.033028774 -0.996077955 -22.877307892 -0.003991807 0.999431789 0.033468936 0.238340437 0.996617556 0.006723407 -0.081905350 3.786870003
-0.081477769 0.028202314 -0.996276200 -23.717454910 -0.003682984 0.999584258 0.028597165 0.249221325 0.996668339 0.005999302 -0.081340037 3.718178034
-0.081169367 0.021423642 -0.996470034 -24.528343201 -0.002370616 0.999761999 0.021687519 0.258624941 0.996697485 0.004122609 -0.081099264 3.649544239
-0.081049353 0.016709343 -0.996570051 -25.341438293 0.000680907 0.999860227 0.016709136 0.271131992 0.996709883 0.000675692 -0.081049398 3.583320379
-0.082304522 0.017493509 -0.996453583 -26.177503586 0.001940903 0.999846876 0.017392762 0.282701135 0.996605396 -0.000502517 -0.082325868 3.524120569
-0.081927441 0.024959518 -0.996325672 -27.021289825 0.001031196 0.999687970 0.024958951 0.287161648 0.996637762 0.001017416 -0.081927620 3.443503141
-0.082444586 0.032048170 -0.996080220 -27.894304276 -0.000118010 0.999482453 0.032167409 0.300209165 0.996595562 0.002769575 -0.082398124 3.369868040
-0.082780927 0.037357721 -0.995867312 -28.742723465 -0.002094957 0.999288440 0.037660200 0.314708233 0.996565521 0.005203845 -0.082643740 3.292701006
-0.083322577 0.037870727 -0.995802820 -29.583950043 -0.003788904 0.999258399 0.038319182 0.324668407 0.996515393 0.006965853 -0.083117276 3.221734285
-0.083357386 0.034150794 -0.995934248 -30.410757065 -0.003844839 0.999394238 0.034591235 0.343404949 0.996512175 0.006712642 -0.083175577 3.144526958
-0.083970055 0.031482935 -0.995970786 -31.253913879 -0.003306220 0.999486506 0.031872816 0.360349715 0.996462762 0.005969260 -0.083822832 3.075287104
-0.083757542 0.032679841 -0.995950162 -32.091537476 -0.005592591 0.999431074 0.033264380 0.371493578 0.996470451 0.008356086 -0.083527096 2.984701395
-0.083524965 0.035139631 -0.995885968 -32.928932190 -0.005900710 0.999343216 0.035756513 0.387984872 0.996488214 0.008862996 -0.083262742 2.909570932
-0.083463989 0.033772055 -0.995938361 -33.768615723 -0.007262839 0.999378443 0.034497365 0.396042705 0.996484280 0.010112627 -0.083166808 2.831919670
-0.083055161 0.028352544 -0.996141493 -34.585868835 -0.008261429 0.999541283 0.029138118 0.407880902 0.996510684 0.010649624 -0.082782820 2.758311272
-0.082602493 0.024188412 -0.996289074 -35.419094086 -0.010059202 0.999634206 0.025103644 0.419978797 0.996531725 0.012095494 -0.082328953 2.679555655
-0.081951655 0.024936993 -0.996324301 -36.265319824 -0.010068031 0.999615312 0.025847500 0.427738667 0.996585369 0.012149268 -0.081669040 2.605182648
-0.081970111 0.027195236 -0.996263623 -37.092292786 -0.007608789 0.999581516 0.027911831 0.445380509 0.996605754 0.009868295 -0.081728876 2.545600414
-0.081746183 0.032245360 -0.996131420 -37.927455902 -0.007130051 0.999432087 0.032937318 0.454651415 0.996627688 0.009794970 -0.081469856 2.482194662
-0.080936275 0.037578262 -0.996010661 -38.773517609 -0.006039615 0.999252200 0.038191348 0.474000216 0.996701062 0.009106588 -0.080648810 2.409148693
-0.081884652 0.041208338 -0.995789587 -39.616756439 -0.006502017 0.999101460 0.041880064 0.483100653 0.996620536 0.009903976 -0.081543148 2.347947598
-0.080685541 0.040922448 -0.995899200 -40.440383911 -0.006409949 0.999114752 0.041573904 0.504639983 0.996719003 0.009738076 -0.080351837 2.262294054
-0.080883183 0.036937576 -0.996038914 -41.268524170 -0.006307202 0.999274075 0.037569720 0.516386151 0.996703625 0.009320978 -0.080591500 2.202015638
-0.080304489 0.032280460 -0.996247649 -42.099925995 -0.006958587 0.999432921 0.032944582 0.535355330 0.996746063 0.009578074 -0.080034353 2.119130850
-0.080142938 0.029734693 -0.996339738 -42.929592133 -0.011107531 0.999466240 0.030721460 0.547278285 0.996721387 0.013528983 -0.079769894 2.042268515
-0.080375694 0.027879976 -0.996374667 -43.763137817 -0.014092647 0.999477088 0.029103609 0.562326431 0.996664941 0.016380781 -0.079940774 1.962603569
-0.081365183 0.025880473 -0.996348321 -44.579956055 -0.012183909 0.999562263 0.026958939 0.569714665 0.996609867 0.014332935 -0.081014253 1.897884846
-0.082740337 0.022261631 -0.996322513 -45.395870209 -0.008478248 0.999698520 0.023041140 0.575870514 0.996535003 0.010353502 -0.082526654 1.837161064
-0.083267890 0.020834660 -0.996309340 -46.221950531 -0.004687794 0.999762177 0.021298647 0.581920505 0.996516109 0.006443986 -0.083150417 1.759077311
-0.085946441 0.024312528 -0.996002972 -47.043540955 -0.004212945 0.999684393 0.024765927 0.586349785 0.996290743 0.006324651 -0.085816890 1.702661514
-0.086782739 0.030381348 -0.995763898 -47.867610931 -0.001812948 0.999528408 0.030654207 0.598491192 0.996225715 0.004465524 -0.086686745 1.619855404
-0.088758662 0.034133710 -0.995468140 -48.690391541 0.000483207 0.999414086 0.034225926 0.609086514 0.996052921 0.002556831 -0.088723160 1.548662186
-0.090296261 0.033411164 -0.995354354 -49.499347687 0.000428843 0.999438405 0.033509344 0.616447926 0.995914876 0.002598918 -0.090259880 1.473161697
-0.091588326 0.029575786 -0.995357692 -50.299041748 -0.003023535 0.999545991 0.029978447 0.624475121 0.995792389 0.005755175 -0.091457330 1.393110752
-0.092517972 0.025656890 -0.995380461 -51.093284607 -0.007885966 0.999617755 0.026499091 0.634340465 0.995679736 0.010301180 -0.092280276 1.305739880
-0.094014317 0.024329085 -0.995273530 -51.888801575 -0.011671823 0.999605834 0.025537509 0.639381289 0.995502412 0.014017549 -0.093693286 1.223750114
-0.095131494 0.025431767 -0.995139837 -52.682052612 -0.013141748 0.999554396 0.026800886 0.645762324 0.995377958 0.015627483 -0.094754897 1.141926765
-0.096122116 0.026993554 -0.995003402 -53.473838806 -0.013120965 0.999511063 0.028383385 0.652156055 0.995283067 0.015783677 -0.095720917 1.061199665
-0.096852638 0.026508387 -0.994945645 -54.279174805 -0.015498822 0.999483824 0.028138025 0.661773384 0.995177984 0.018145727 -0.096391812 0.975906372
-0.097470477 0.026357127 -0.994889319 -55.054237366 -0.016210109 0.999474585 0.028066725 0.667824149 0.995106399 0.018862940 -0.096992023 0.889883995
-0.098106235 0.028027076 -0.994781196 -55.841594696 -0.014452846 0.999457777 0.029584184 0.677661121 0.995070994 0.017279811 -0.097647935 0.818560123
-0.098436378 0.030517202 -0.994675279 -56.614704132 -0.014033312 0.999387681 0.032050569 0.691826701 0.995044351 0.017113535 -0.097947828 0.741465092
-0.098658770 0.034998607 -0.994505644 -57.393722534 -0.013876071 0.999235749 0.036541630 0.701903105 0.995024562 0.017404983 -0.098097742 0.661051273
-0.099190965 0.037202302 -0.994372725 -58.149391174 -0.013840126 0.999152660 0.038761716 0.712813020 0.994972110 0.017607059 -0.098592028 0.581091404
-0.099897005 0.036758646 -0.994318545 -58.902191162 -0.013197194 0.999180496 0.038264278 0.732203364 0.994910181 0.016944703 -0.099330038 0.507691383
-0.100421101 0.034869816 -0.994333863 -59.645034790 -0.012392229 0.999264359 0.036294263 0.740357280 0.994867742 0.015966723 -0.099915117 0.433258057
-0.100532398 0.031465705 -0.994436085 -60.371395111 -0.012429832 0.999382019 0.032878801 0.749967098 0.994856119 0.015666056 -0.100079149 0.356159210
-0.100232616 0.028474739 -0.994556427 -61.092605591 -0.012517306 0.999475241 0.029877070 0.760375023 0.994885325 0.015443824 -0.099823572 0.279678345
-0.098644853 0.026012823 -0.994782627 -61.808513641 -0.013263769 0.999535203 0.027452355 0.771519542 0.995034337 0.015902601 -0.098253950 0.200490475
-0.096458651 0.025198802 -0.995018005 -62.499988556 -0.015367461 0.999522567 0.026802631 0.777358413 0.995218396 0.017876247 -0.096025378 0.130796432
-0.091950879 0.026432989 -0.995412648 -63.175827026 -0.016548207 0.999468982 0.028069345 0.776388049 0.995625913 0.019053297 -0.091464654 0.054792881
-0.086839519 0.027980156 -0.995829284 -63.806697845 -0.015983790 0.999437749 0.029475382 0.778383136 0.996094048 0.018476754 -0.086343482 0.009056091
-0.079842612 0.029798809 -0.996361911 -64.439033508 -0.015042062 0.999403179 0.031095149 0.779139638 0.996693969 0.017470054 -0.079346716 -0.030019760
-0.071011499 0.030783920 -0.997000337 -65.072677612 -0.016007787 0.999359787 0.031996921 0.789742708 0.997347057 0.018231921 -0.070473261 -0.076346397
-0.058983527 0.032572608 -0.997727394 -65.694526672 -0.018163418 0.999267042 0.033696655 0.794171810 0.998093724 0.020109683 -0.058348648 -0.117949247
-0.043943338 0.033831567 -0.998461008 -66.302825928 -0.021601710 0.999160647 0.034805991 0.804754972 0.998800457 0.023097957 -0.043175634 -0.146518230
-0.025582541 0.035338383 -0.999047875 -66.876998901 -0.022396926 0.999103844 0.035913881 0.808726072 0.999421716 0.023294372 -0.024768144 -0.154074669
-0.003152132 0.036105044 -0.999343038 -67.446006775 -0.023755517 0.999063253 0.036169861 0.817844391 0.999712825 0.023853926 -0.002291486 -0.149051383
0.021936201 0.036296695 -0.999100268 -67.994735718 -0.023079544 0.999092817 0.035789691 0.825843811 0.999492943 0.022273691 0.022754014 -0.114140868
0.051213413 0.036347203 -0.998026073 -68.454437256 -0.022125967 0.999133408 0.035252150 0.827921033 0.998442590 0.020276912 0.051973253 -0.068780184
0.085739747 0.035985231 -0.995667517 -68.954040527 -0.020937562 0.999191821 0.034309614 0.840480089 0.996097624 0.017905155 0.086423919 -0.008080959
0.123856083 0.036321733 -0.991635263 -69.427375793 -0.020437296 0.999211252 0.034046594 0.844803691 0.992089689 0.016049471 0.124500714 0.067716599
0.165197819 0.036071390 -0.985600591 -69.884078979 -0.020229109 0.999244571 0.033180118 0.849106669 0.986052930 0.014456539 0.165802717 0.159182549
0.210237563 0.037656907 -0.976924837 -70.305587769 -0.019457009 0.999221087 0.034329139 0.844559550 0.977456689 0.011790762 0.210806504 0.276089668
0.258049339 0.036697969 -0.965434551 -70.698036194 -0.015817285 0.999304831 0.033757668 0.838366508 0.966002226 0.006559406 0.258450449 0.416074753
0.308647931 0.032123785 -0.950633705 -71.100723267 -0.008560779 0.999482870 0.030995015 0.833288193 0.951137781 -0.001428379 0.308763295 0.581815720
0.358722985 0.026997153 -0.933053613 -71.496208191 -0.002639228 0.999606967 0.027908141 0.833484054 0.933440268 -0.007548750 0.358653188 0.791982651
0.411044180 0.021461979 -0.911362767 -71.856811523 0.002681365 0.999689996 0.024751382 0.842671871 0.911611497 -0.012617607 0.410859227 0.992935181
0.462960571 0.020855553 -0.886133432 -72.236831665 0.002099674 0.999694526 0.024625238 0.853262663 0.886376381 -0.013261104 0.462775379 1.219551086
0.510943949 0.019709853 -0.859388113 -72.602462769 0.003616088 0.999678969 0.025077313 0.858695745 0.859606504 -0.015920725 0.510708630 1.479351044
0.556405485 0.014731180 -0.830780268 -72.941520691 0.011695640 0.999604881 0.025557755 0.870628953 0.830828547 -0.023936981 0.556013465 1.754932404
0.600796342 0.008737236 -0.799354374 -73.259010315 0.021465261 0.999403417 0.027057176 0.869498670 0.799113870 -0.033414204 0.600250304 2.048141479
0.643086076 0.002723414 -0.765789032 -73.572143555 0.023757318 0.999441385 0.023505028 0.880373895 0.765425324 -0.033308852 0.642662168 2.359184265
0.682150126 -0.000793081 -0.731211722 -73.830856323 0.020213194 0.999637723 0.017772747 0.869585633 0.730932713 -0.026903810 0.681918979 2.676349640
0.723315179 -0.007520603 -0.690477133 -74.124656677 0.016631590 0.999840379 0.006532408 0.876304209 0.690317810 -0.016208727 0.723324716 3.012409210
0.762868047 -0.010768041 -0.646464527 -74.407775879 0.012207774 0.999922872 -0.002249604 0.886971474 0.646438956 -0.006175744 0.762940645 3.382850647
0.799597025 -0.012131184 -0.600414455 -74.648757935 0.011476366 0.999922037 -0.004919562 0.883534133 0.600427389 -0.002956912 0.799673736 3.770671844
0.833472967 -0.012720885 -0.552413702 -74.879028320 0.011526499 0.999917626 -0.005634930 0.871299386 0.552439868 -0.001670832 0.833550930 4.188713074
0.864271402 -0.010352151 -0.502919316 -75.133201599 0.007136958 0.999939919 -0.008317953 0.870128095 0.502975166 0.003599656 0.864293516 4.660699844
0.890369892 -0.008760843 -0.455153525 -75.346633911 0.006310687 0.999956250 -0.006902321 0.859311581 0.455194086 0.003273287 0.890386283 5.139026642
0.911424994 -0.003041332 -0.411455125 -75.535659790 0.000694031 0.999982536 -0.005854153 0.851614058 0.411465883 0.005050058 0.911411226 5.642423630
0.929110646 0.001434881 -0.369799137 -75.723617554 -0.004581345 0.999960363 -0.007630498 0.848136902 0.369773656 0.008783756 0.929080427 6.145866394
0.942802072 0.007028724 -0.333278835 -75.901847839 -0.009629942 0.999934673 -0.006153610 0.840504527 0.333213896 0.009011094 0.942808211 6.663593292
0.953107893 0.007763629 -0.302530974 -76.091041565 -0.009493258 0.999945879 -0.004247139 0.828793466 0.302481622 0.006919987 0.953130066 7.245927811
0.960473299 0.006996759 -0.278283924 -76.242835999 -0.008020498 0.999964595 -0.002540436 0.817164600 0.278256357 0.004671997 0.960495472 7.831066132
0.966269135 0.006993249 -0.257439345 -76.389495850 -0.007363761 0.999972761 -0.000475133 0.810434401 0.257429034 0.002354829 0.966294348 8.433048248
0.970960021 0.009778185 -0.239042282 -76.542877197 -0.009500073 0.999952197 0.002315606 0.801338136 0.239053547 0.000022559 0.971006334 9.057987213
0.974691987 0.014083947 -0.223107755 -76.705429077 -0.013736170 0.999900818 0.003110667 0.809119642 0.223129421 0.000032706 0.974788785 9.702480316
0.977549136 0.017987071 -0.209938526 -76.844459534 -0.017388768 0.999837816 0.004695535 0.797007263 0.209988892 -0.000939544 0.977703393 10.352852821
0.980289459 0.016888343 -0.196843252 -76.964675903 -0.016258271 0.999856234 0.004816534 0.778019011 0.196896285 -0.001521266 0.980423152 11.007522583
0.982868373 0.016693989 -0.183551058 -77.078880310 -0.016091637 0.999859154 0.004770743 0.772096038 0.183604851 -0.001735376 0.982998610 11.690502167
0.985469103 0.017055145 -0.168996572 -77.194152832 -0.016421907 0.999851882 0.005144113 0.772368133 0.169059277 -0.002294119 0.985603213 12.388638496
0.987866580 0.018295234 -0.154223770 -77.316345215 -0.017672665 0.999829113 0.005406908 0.773304343 0.154296383 -0.002615758 0.988021195 13.109528542
0.989697635 0.018621383 -0.141957119 -77.408454895 -0.018424936 0.999826610 0.002698304 0.761149049 0.141982734 -0.000054955 0.989869058 13.821696281
0.991011202 0.018658314 -0.132471681 -77.490242004 -0.019116776 0.999814808 -0.002189750 0.748725057 0.132406294 0.004702498 0.991184413 14.575465202
0.992451727 0.017581088 -0.121369064 -77.613113403 -0.018830847 0.999780715 -0.009157770 0.747329295 0.121181451 0.011374125 0.992565215 15.354717255
0.993406475 0.017470112 -0.113306254 -77.696647644 -0.018645762 0.999782681 -0.009324330 0.739353955 0.113118723 0.011375530 0.993516326 16.114782333
0.994148135 0.019719612 -0.106211066 -77.787200928 -0.020178365 0.999791086 -0.003246259 0.726047873 0.106124885 0.005370428 0.994338274 16.890001297
0.994571507 0.024502754 -0.101128541 -77.877059937 -0.024177978 0.999697745 0.004436146 0.713825703 0.101206690 -0.001966981 0.994863391 17.674839020
0.994969726 0.024329595 -0.097176947 -77.953063965 -0.023613671 0.999684989 0.008510672 0.703417063 0.097353406 -0.006173156 0.995230734 18.459735870
0.995344996 0.024096224 -0.093314908 -78.048324585 -0.023496998 0.999695599 0.007515117 0.693808496 0.093467586 -0.005287515 0.995608270 19.253648758
0.995637774 0.023799950 -0.090215907 -78.119689941 -0.023323514 0.999707878 0.006331784 0.689777672 0.090340257 -0.004200012 0.995902061 20.024068832
0.995958269 0.022441039 -0.086969137 -78.192085266 -0.021757219 0.999724507 0.008802835 0.681028903 0.087142736 -0.006875049 0.996172130 20.795810699
0.996206105 0.019900022 -0.084719509 -78.257019043 -0.019040827 0.999758899 0.010937667 0.679479122 0.084916756 -0.009283042 0.996344805 21.571680069
0.996455669 0.018933952 -0.081961296 -78.315750122 -0.017916171 0.999753296 0.013135571 0.664015174 0.082189776 -0.011620580 0.996549070 22.353939056
0.996689677 0.017641606 -0.079361886 -78.376502991 -0.016957171 0.999813080 0.009289944 0.660200357 0.079510950 -0.007913440 0.996802568 23.117977142
0.996801376 0.020722054 -0.077186175 -78.452484131 -0.020645838 0.999785185 0.001785371 0.653164804 0.077206604 -0.000186087 0.997015119 23.882936478
0.996871412 0.021619484 -0.076026574 -78.512710571 -0.022087004 0.999741852 -0.005313882 0.634756088 0.075892068 0.006976455 0.997091651 24.658298492
0.996964514 0.022489402 -0.074538760 -78.575935364 -0.023249518 0.999685943 -0.009345495 0.620491624 0.074305192 0.011050117 0.997174382 25.421655655
0.997071683 0.023835190 -0.072663635 -78.637474060 -0.024485657 0.999667585 -0.008074087 0.608093739 0.072447032 0.009829661 0.997323811 26.193302155
0.997173369 0.026366683 -0.070356339 -78.693969727 -0.026708506 0.999635577 -0.003922061 0.588525116 0.070227273 0.005790087 0.997514188 26.953027725
0.997246623 0.030179627 -0.067737073 -78.759704590 -0.030165045 0.999544263 0.001238280 0.571347356 0.067743570 0.000808421 0.997702420 27.721408844
0.997503996 0.027528584 -0.065023132 -78.814170837 -0.027387192 0.999620199 0.003065015 0.559816062 0.065082796 -0.001276564 0.997879088 28.484296799
0.997641802 0.024668241 -0.064049125 -78.859817505 -0.024523526 0.999694645 0.003044669 0.547248721 0.064104691 -0.001466779 0.997942090 29.242408752
0.997740686 0.022878941 -0.063167818 -78.907890320 -0.022717839 0.999736547 0.003267542 0.532252073 0.063225947 -0.001825123 0.997997582 29.991676331
0.997850716 0.022765456 -0.061446026 -78.965332031 -0.022704057 0.999740839 0.001697307 0.519303799 0.061468735 -0.000298585 0.998108983 30.751245499
0.997899592 0.019600945 -0.061743528 -78.994613647 -0.019641472 0.999807060 -0.000049446 0.508628368 0.061730657 0.001262076 0.998092055 31.509458542
0.997965157 0.018843738 -0.060914911 -79.045890808 -0.018887477 0.999821484 -0.000142227 0.497949451 0.060901366 0.001292467 0.998143017 32.274642944
0.997975171 0.021845069 -0.059735693 -79.102226257 -0.021827806 0.999761224 0.000941548 0.488461792 0.059742000 0.000364257 0.998213828 33.044025421
0.997974336 0.022045227 -0.059676535 -79.154762268 -0.022070354 0.999756396 0.000238115 0.477779776 0.059667248 0.001079450 0.998217762 33.813098907
0.997898161 0.021593481 -0.061098695 -79.209159851 -0.021630954 0.999766052 0.000048110 0.467854351 0.061085433 0.001273614 0.998131752 34.592407227
0.997806251 0.019928999 -0.063130699 -79.259651184 -0.019927345 0.999801278 0.000655939 0.454649299 0.063131228 0.000603527 0.998005033 35.381355286
0.997547984 0.021676013 -0.066544607 -79.315750122 -0.021696121 0.999764502 0.000420597 0.448735148 0.066538058 0.001024194 0.997783363 36.167861938
0.997286797 0.025245070 -0.069150165 -79.384681702 -0.025293609 0.999679983 0.000173704 0.437256843 0.069132440 0.001575825 0.997606218 36.959648132
0.997115970 0.025726486 -0.071398877 -79.455329895 -0.026133150 0.999647021 -0.004767248 0.423741370 0.071251057 0.006619378 0.997436404 37.753555298
0.996936381 0.026746769 -0.073502868 -79.531478882 -0.027416764 0.999591053 -0.008121212 0.412947178 0.073255613 0.010111541 0.997261882 38.560482025
0.996744573 0.025669491 -0.076427385 -79.579010010 -0.026495943 0.999600828 -0.009819161 0.403926939 0.076144822 0.011812215 0.997026801 39.375465393
0.996567845 0.025908036 -0.078621417 -79.648185730 -0.026630398 0.999612093 -0.008153130 0.383479089 0.078379683 0.010218867 0.996871173 40.204177856
0.996414483 0.024096856 -0.081102625 -79.712745667 -0.024778919 0.999665439 -0.007413751 0.366313964 0.080896847 0.009396804 0.996678233 41.036861420
0.996293724 0.024343010 -0.082499914 -79.790405273 -0.024928859 0.999670744 -0.006078440 0.356670052 0.082324788 0.008112540 0.996572554 41.872509003
0.996246576 0.023085481 -0.083425507 -79.873863220 -0.023361962 0.999724329 -0.002339272 0.341959476 0.083348505 0.004279475 0.996511281 42.732830048
0.996177256 0.022680542 -0.084359318 -79.948486328 -0.022562528 0.999742627 0.002352192 0.331094891 0.084390953 -0.000439841 0.996432662 43.587623596
0.996213913 0.022730218 -0.083910771 -80.018661499 -0.022434887 0.999738276 0.004460976 0.321737587 0.083990186 -0.002561559 0.996463299 44.445152283
0.996319950 0.026016971 -0.081667937 -80.099464417 -0.025720341 0.999658227 0.004682195 0.309051603 0.081761837 -0.002564436 0.996648610 45.300792694
0.996470928 0.026109640 -0.079775192 -80.172157288 -0.025896609 0.999657750 0.003703992 0.298688173 0.079844601 -0.001625013 0.996806026 46.165168762
0.996657312 0.023956453 -0.078104369 -80.243354797 -0.023923263 0.999712884 0.001360717 0.288198531 0.078114532 0.000512343 0.996944308 47.021385193
0.996879458 0.019913133 -0.076385878 -80.310218811 -0.020022159 0.999799311 -0.000661668 0.282846928 0.076357372 0.002189014 0.997078121 47.906566620
0.997044921 0.018492647 -0.074561104 -80.376953125 -0.018633811 0.999825656 -0.001198035 0.273906797 0.074525952 0.002583852 0.997215688 48.784652710
0.997158647 0.016698115 -0.073455997 -80.442268372 -0.016623899 0.999860525 0.001621641 0.260638863 0.073472820 -0.000395908 0.997297108 49.659679413
0.997258902 0.014061269 -0.072642423 -80.504585266 -0.013789428 0.999895990 0.004242353 0.248881415 0.072694510 -0.003229027 0.997349083 50.530513763
0.997327030 0.013249840 -0.071855880 -80.568679810 -0.012969896 0.999906361 0.004361112 0.233743131 0.071906932 -0.003417492 0.997405469 51.416828156
0.997374892 0.015005792 -0.070839278 -80.635925293 -0.014933143 0.999887288 0.001555056 0.217178807 0.070854619 -0.000493122 0.997486472 52.277427673
0.997402668 0.016927332 -0.070010833 -80.707786560 -0.017275294 0.999841213 -0.004367600 0.203628421 0.069925785 0.005565713 0.997536659 53.141662598
0.997415185 0.018929215 -0.069314785 -80.772422791 -0.019653535 0.999759018 -0.009782609 0.177370489 0.069112912 0.011119603 0.997546852 53.987541199
0.997390926 0.023876859 -0.068127379 -80.848251343 -0.024989873 0.999567032 -0.015531944 0.152653337 0.067727029 0.017193913 0.997555792 54.841899872
0.997463524 0.023379715 -0.067230627 -80.909667969 -0.024494188 0.999575138 -0.015800439 0.122057021 0.066832662 0.017407121 0.997612357 55.702899933
0.997493386 0.020355670 -0.067768432 -80.956809998 -0.021100562 0.999724388 -0.010294054 0.106610894 0.067540228 0.011698202 0.997647941 56.565700531
0.997507334 0.019666547 -0.067765787 -81.027526855 -0.019791974 0.999803424 -0.001179942 0.085666746 0.067729272 0.002518220 0.997700572 57.418136597
0.997466683 0.018670511 -0.068642311 -81.092102051 -0.018273210 0.999812484 0.006411460 0.068736732 0.068749160 -0.005140903 0.997620821 58.274749756
0.997362673 0.016161675 -0.070755579 -81.158851624 -0.015912309 0.999864936 0.004086629 0.060967296 0.070812091 -0.002949966 0.997485340 59.121177673
0.997254193 0.011659016 -0.073131688 -81.213333130 -0.011638389 0.999932110 0.000708227 0.044198535 0.073134959 0.000144853 0.997322142 59.954322815
0.997036517 0.010332283 -0.076234542 -81.275291443 -0.010423103 0.999945343 -0.000793530 0.030111521 0.076222196 0.001585779 0.997089624 60.776329041
0.996821523 0.012447477 -0.078689016 -81.350822449 -0.012742089 0.999913514 -0.003242997 0.013714343 0.078641839 0.004235351 0.996893942 61.604618073
0.996545613 0.014026623 -0.081853881 -81.428062439 -0.014619719 0.999871016 -0.006650926 -0.003779233 0.081750028 0.007824632 0.996622205 62.427223206
0.996209741 0.014123588 -0.085829340 -81.502738953 -0.015043841 0.999835908 -0.010084534 -0.023487329 0.085672840 0.011337514 0.996258855 63.242858887
0.995882809 0.016919799 -0.089056939 -81.583656311 -0.018213307 0.999739826 -0.013731920 -0.046699941 0.088801421 0.015297404 0.995931804 64.044052124
0.995540977 0.021623679 -0.091818988 -81.673645020 -0.022986017 0.999640346 -0.013805605 -0.070265174 0.091487452 0.015854593 0.995679975 64.854759216
0.995101511 0.025114117 -0.095614493 -81.763328552 -0.026384266 0.999579310 -0.012042870 -0.089098215 0.095271826 0.014506597 0.995345592 65.658287048
0.994607568 0.028020695 -0.099852882 -81.844520569 -0.028771583 0.999567449 -0.006087558 -0.110781491 0.099639103 0.008927656 0.994983613 66.484420776
0.994186461 0.028432559 -0.103850588 -81.935295105 -0.028634850 0.999589860 -0.000457205 -0.128304750 0.103795007 0.003428293 0.994592786 67.283309937
0.993640423 0.028406406 -0.108957656 -82.024574280 -0.028246433 0.999596417 0.003011669 -0.141512588 0.108999245 0.000085149 0.994041800 68.086547852
0.992928624 0.027140256 -0.115568772 -82.120269775 -0.026851062 0.999631166 0.004058687 -0.155679792 0.115636304 -0.000926841 0.993291199 68.876724243
0.992284179 0.024872141 -0.121463850 -82.219848633 -0.024091734 0.999678612 0.007889589 -0.166069984 0.121621050 -0.004902441 0.992564440 69.661460876
0.991472185 0.026162989 -0.127665609 -82.327529907 -0.025426378 0.999649346 0.007396455 -0.175296128 0.127814367 -0.004087306 0.991789699 70.441955566
0.990589678 0.031050339 -0.133296460 -82.456748962 -0.030438058 0.999514699 0.006629166 -0.182981908 0.133437648 -0.002509499 0.991053998 71.216415405
0.989679515 0.033030692 -0.139439046 -82.575469971 -0.032922052 0.999453247 0.003086269 -0.192598909 0.139464736 0.001536202 0.990225911 71.992980957
0.988885999 0.032086398 -0.145172015 -82.700035095 -0.032403320 0.999474883 0.000181598 -0.199606895 0.145101637 0.004524475 0.989406466 72.761299133
0.987991810 0.033075202 -0.150924399 -82.810638428 -0.033634417 0.999433517 -0.001153322 -0.215531811 0.150800735 0.006215727 0.988544643 73.500114441
0.987186193 0.034856413 -0.155718848 -82.940315247 -0.034676868 0.999391079 0.003870181 -0.221797824 0.155758917 0.001579253 0.987793863 74.274368286
0.986176848 0.035974659 -0.161743969 -83.070175171 -0.035175215 0.999350727 0.007804384 -0.230865836 0.161919713 -0.002007123 0.986801863 75.029518127
0.985240817 0.034825243 -0.167593896 -83.208267212 -0.033474088 0.999380291 0.010881294 -0.256748736 0.167869002 -0.005110644 0.985795975 75.782836914
0.984122276 0.032343742 -0.174519479 -83.349227905 -0.031615175 0.999475837 0.006953921 -0.259985209 0.174652919 -0.001326046 0.984629154 76.537101746
0.982671618 0.030239046 -0.182871565 -83.499137878 -0.030803956 0.999525368 -0.000248671 -0.265324712 0.182777256 0.005877529 0.983136714 77.278457642
0.980861723 0.026954765 -0.192830682 -83.634063721 -0.027805045 0.999611914 -0.001704093 -0.277698427 0.192709908 0.007033145 0.981230676 78.019897461
0.978766501 0.026380010 -0.203273669 -83.797935486 -0.026728556 0.999642193 0.001030912 -0.288591653 0.203228116 0.004424190 0.979121387 78.759040833
0.976375222 0.026297115 -0.214475796 -83.963699341 -0.025270199 0.999652267 0.007528951 -0.300760806 0.214599222 -0.001931234 0.976700306 79.499343872
0.973726213 0.028536141 -0.225926980 -84.148437500 -0.025770666 0.999552608 0.015181039 -0.306258559 0.226259127 -0.008959887 0.974025905 80.237525940
0.971111417 0.028794620 -0.236882746 -84.341636658 -0.025028054 0.999508202 0.018893015 -0.312551498 0.237310261 -0.012418509 0.971354544 80.970520020
0.968096554 0.032168560 -0.248503834 -84.526077271 -0.029523021 0.999460816 0.014366299 -0.318340421 0.248832002 -0.006571381 0.968524396 81.665077209
0.964870691 0.032047205 -0.260763288 -84.730270386 -0.031873383 0.999479890 0.004896562 -0.316231847 0.260784566 0.003586859 0.965390444 82.371536255
0.961553872 0.029578207 -0.273018777 -84.938911438 -0.030662471 0.999529779 0.000295497 -0.319896281 0.272899181 0.008087297 0.962008655 83.085525513
0.958042085 0.029416010 -0.285114169 -85.152137756 -0.029263917 0.999560237 0.004794592 -0.312623918 0.285129815 0.003750138 0.958481550 83.787521362
0.954505622 0.030485865 -0.296630472 -85.382591248 -0.028146138 0.999529898 0.012156148 -0.318820000 0.296861619 -0.003254108 0.954914987 84.511390686
0.950832665 0.030348361 -0.308214605 -85.629447937 -0.026218439 0.999502540 0.017532960 -0.323132038 0.308593303 -0.008590002 0.951155245 85.232437134
0.946782649 0.028060587 -0.320648402 -85.874420166 -0.024394713 0.999583066 0.015444960 -0.322338104 0.320948064 -0.006800893 0.947072327 85.938430786
0.942656696 0.025653975 -0.332776874 -86.113189697 -0.023123907 0.999665678 0.011561791 -0.332467437 0.332962304 -0.003203696 0.942934692 86.635520935
0.939654827 0.021663057 -0.341437399 -86.378768921 -0.021345099 0.999761164 0.004688575 -0.339948177 0.341457516 0.002882374 0.939892769 87.335906982
0.936758697 0.017512333 -0.349537462 -86.639801025 -0.019072948 0.999817610 -0.001023105 -0.346692473 0.349455804 0.007625113 0.936921835 88.041389465
0.934094727 0.017772229 -0.356582373 -86.916793823 -0.020150689 0.999792576 -0.002956148 -0.354880124 0.356455922 0.009946701 0.934259117 88.741470337
0.931036294 0.023654452 -0.364159167 -87.206230164 -0.026577815 0.999642193 -0.003017697 -0.367423654 0.363957465 0.012488141 0.931331873 89.426704407
0.927997649 0.023542998 -0.371841639 -87.495223999 -0.025751324 0.999668002 -0.000973501 -0.377271295 0.371695220 0.010478821 0.928295732 90.128089905
0.924794078 0.024357518 -0.379687697 -87.788436890 -0.023885669 0.999696910 0.005954396 -0.383243978 0.379717588 0.003562504 0.925095618 90.837089539
0.921979606 0.026244113 -0.386348277 -88.088485718 -0.022434926 0.999644995 0.014365946 -0.391073346 0.386588126 -0.004577415 0.922241151 91.549255371
0.919197798 0.035677664 -0.392176390 -88.408226013 -0.029804576 0.999333978 0.021055812 -0.398814678 0.392666429 -0.007665802 0.919649005 92.252891541
0.916424394 0.042465676 -0.397948354 -88.727798462 -0.038359609 0.999096870 0.018277837 -0.400086641 0.398365170 -0.001485111 0.917225718 92.943634033
0.914119422 0.038996071 -0.403565198 -89.046218872 -0.037865687 0.999224722 0.010784053 -0.401014924 0.403672874 0.005423361 0.914887309 93.638465881
0.912081540 0.031131759 -0.408825070 -89.352531433 -0.032705352 0.999460101 0.003143167 -0.401697248 0.408702254 0.010503946 0.912607372 94.337669373
0.910265326 0.032273740 -0.412765563 -89.673461914 -0.034461290 0.999403715 0.002145456 -0.394650012 0.412588686 0.012271502 0.910834789 95.048141479
0.908160031 0.038486775 -0.416850239 -90.018814087 -0.038830139 0.999216378 0.007658958 -0.402804971 0.416818440 0.009230791 0.908942938 95.754356384
0.905480325 0.041240804 -0.422379404 -90.347274780 -0.039869249 0.999131858 0.012084335 -0.412545681 0.422511101 0.005897822 0.906338573 96.458602905
0.903092623 0.037212040 -0.427830517 -90.679168701 -0.036438946 0.999285817 0.009998639 -0.421477318 0.427897096 0.006559995 0.903803706 97.158454895
0.900977075 0.035983138 -0.432371855 -91.020965576 -0.038140126 0.999265611 0.003685083 -0.427574098 0.432186902 0.013170542 0.901687860 97.847702026
0.898880780 0.033304036 -0.436925620 -91.373077393 -0.038418476 0.999257624 -0.002870807 -0.433442980 0.436505646 0.019366533 0.899492979 98.541465759
