1.000000000 0.000000000 0.000000000 0.000000000 0.000000000 1.000000000 0.000000000 0.000000000 0.000000000 0.000000000 1.000000000 0.000000000
0.999997020 0.002421603 0.000194890 -0.005714328 -0.002421926 0.999995589 0.001675301 -0.017798766 -0.000190832 -0.001675768 0.999998510 0.772752225
0.999986470 0.005178227 0.000460041 -0.013945643 -0.005179139 0.999984503 0.002007092 -0.031766545 -0.000449641 -0.002009446 0.999997854 1.536064625
0.999979258 0.006377144 0.000880858 -0.017731117 -0.006378783 0.999977887 0.001868704 -0.049514849 -0.000868921 -0.001874284 0.999997854 2.283093214
0.999965250 0.008222139 0.001372830 -0.028085973 -0.008224085 0.999965131 0.001417943 -0.063368410 -0.001361124 -0.001429184 0.999998033 3.010586739
0.999962866 0.008529849 0.001244274 -0.021889888 -0.008531486 0.999962747 0.001315272 -0.076437078 -0.001233008 -0.001325839 0.999998391 3.726189137
0.999961853 0.008577675 0.001657296 -0.027317125 -0.008581865 0.999959946 0.002537498 -0.095315672 -0.001635464 -0.002551624 0.999995410 4.411814690
0.999952018 0.009463823 0.002534725 -0.036694184 -0.009477372 0.999940574 0.005387705 -0.107147329 -0.002483586 -0.005411468 0.999982297 5.081433773
0.999949992 0.009279733 0.003731810 -0.031984210 -0.009313934 0.999913752 0.009254040 -0.114552923 -0.003645612 -0.009288334 0.999950230 5.735296726
0.999948978 0.008621225 0.005261498 -0.033154014 -0.008687622 0.999881148 0.012729535 -0.121391311 -0.005151129 -0.012774596 0.999905050 6.363356113
0.999950945 0.007776030 0.006126596 -0.027738258 -0.007867126 0.999856710 0.014987871 -0.129198015 -0.006009172 -0.015035337 0.999868870 6.968531609
0.999940157 0.008240477 0.007185670 -0.022111829 -0.008346830 0.999854147 0.014898696 -0.139288068 -0.007061852 -0.014957783 0.999863207 7.546475410
0.999924481 0.009110078 0.008245494 -0.020125456 -0.009212142 0.999880373 0.012425935 -0.148434639 -0.008131305 -0.012500953 0.999888778 8.095065117
0.999916017 0.008994865 0.009322333 -0.018807590 -0.009082317 0.999914765 0.009381339 -0.149840981 -0.009237154 -0.009465219 0.999912560 8.615196228
0.999914408 0.007410176 0.010780261 -0.006662428 -0.007496976 0.999939620 0.008033760 -0.159164965 -0.010720081 -0.008113891 0.999909639 9.112866402
0.999914646 0.003367665 0.012619298 0.002293333 -0.003439083 0.999978125 0.005641982 -0.165872186 -0.012600022 -0.005684900 0.999904454 9.576827049
0.999894500 0.001812797 0.014412587 0.014350981 -0.001876389 0.999988675 0.004400005 -0.170491651 -0.014404446 -0.004426585 0.999886453 10.011117935
0.999849319 0.005903525 0.016325412 0.016627923 -0.005946751 0.999978900 0.002600542 -0.183904544 -0.016309718 -0.002697233 0.999863267 10.414873123
0.999754071 0.010359467 0.019608606 0.013746470 -0.010397003 0.999944329 0.001813295 -0.191749468 -0.019588726 -0.002016720 0.999806106 10.794088364
0.999680400 0.010938101 0.022792503 0.022817403 -0.011004378 0.999935567 0.002784376 -0.195458755 -0.022760577 -0.003034303 0.999736369 11.144081116
0.999642432 0.006735960 0.025880627 0.040731043 -0.006819511 0.999971867 0.003141413 -0.200739294 -0.025858739 -0.003316782 0.999660134 11.464588165
0.999591768 0.001810764 0.028512217 0.057633072 -0.001891369 0.999994278 0.002800320 -0.203372806 -0.028506987 -0.002853104 0.999589503 11.747617722
0.999535263 -0.001628108 0.030442717 0.078281045 0.001487361 0.999988019 0.004645428 -0.215547726 -0.030449918 -0.004597989 0.999525666 12.004684448
0.999444723 -0.001777765 0.033273678 0.085989207 0.001601660 0.999984562 0.005318524 -0.217460603 -0.033282626 -0.005262277 0.999432147 12.229245186
0.999370575 -0.001226722 0.035454884 0.091077715 0.001067577 0.999989331 0.004507231 -0.225326061 -0.035460040 -0.004466543 0.999361157 12.434577942
0.999294460 0.000330742 0.037557069 0.100231916 -0.000427870 0.999996543 0.002578133 -0.222264692 -0.037556082 -0.002592384 0.999291122 12.620126724
0.999218285 0.002157853 0.039475985 0.113766581 -0.002228342 0.999996066 0.001741707 -0.226975918 -0.039472062 -0.001828311 0.999219000 12.800109863
0.999150813 0.004937593 0.040909149 0.119449705 -0.004998784 0.999986649 0.001393652 -0.235175431 -0.040901717 -0.001596964 0.999161899 12.958470345
0.999087274 0.006099761 0.042280156 0.123143703 -0.006100623 0.999981523 -0.000108623 -0.242269620 -0.042280022 -0.000149411 0.999105811 13.108571053
0.998981893 0.005185449 0.044812728 0.129038721 -0.005119995 0.999985576 -0.001575283 -0.248764917 -0.044820249 0.001344238 0.998994172 13.257937431
0.998923600 0.004145076 0.046199236 0.139864326 -0.004014391 0.999987721 -0.002921168 -0.251644731 -0.046210777 0.002732563 0.998927951 13.403455734
0.998858929 0.003014308 0.047661785 0.146497548 -0.002841949 0.999989152 -0.003683635 -0.258826613 -0.047672369 0.003543980 0.998856723 13.540645599
0.998771131 0.003665809 0.049422696 0.149435759 -0.003422543 0.999981642 -0.005005879 -0.261786968 -0.049440131 0.004830577 0.998765349 13.667100906
0.998712838 0.004671329 0.050505601 0.158576488 -0.004307136 0.999963880 -0.007317368 -0.262190074 -0.050537948 0.007090415 0.998696923 13.793590546
0.998672664 0.004905586 0.051272232 0.165482581 -0.004418409 0.999943972 -0.009610802 -0.265558809 -0.051316511 0.009371502 0.998638451 13.914531708
0.998652875 0.003964072 0.051737115 0.179244936 -0.003336913 0.999919951 -0.012202769 -0.264834881 -0.051781338 0.012013690 0.998586178 14.040534973
0.998681903 0.002984451 0.051239483 0.185597897 -0.002285197 0.999903440 -0.013699939 -0.271463633 -0.051275421 0.013564790 0.998592436 14.166698456
0.998784602 0.002453010 0.049227551 0.192312598 -0.001727387 0.999889314 -0.014777317 -0.275849640 -0.049258340 0.014674323 0.998678207 14.291515350
0.998938560 0.002724123 0.045980714 0.199453294 -0.002010716 0.999876976 -0.015554489 -0.280008256 -0.046017423 0.015445526 0.998821199 14.419686317
0.999085546 0.003289965 0.042627264 0.188259542 -0.002562098 0.999850214 -0.017118556 -0.281131983 -0.042677201 0.016993692 0.998944402 14.532063484
0.999310791 0.003254240 0.036977015 0.185289085 -0.002596339 0.999837756 -0.017826267 -0.288801312 -0.037029032 0.017717978 0.999157071 14.654448509
0.999543130 0.003143709 0.030065009 0.184229255 -0.002578129 0.999819338 -0.018832223 -0.288601220 -0.030118776 0.018746104 0.999370515 14.779862404
0.999730408 0.003578926 0.022938317 0.178446010 -0.003126577 0.999800563 -0.019725854 -0.289462477 -0.023004336 0.019648816 0.999542236 14.901666641
0.999885857 0.003509660 0.014696422 0.174826056 -0.003204398 0.999779701 -0.020743491 -0.292181343 -0.014765984 0.020694029 0.999676824 15.029833794
0.999987066 0.002290003 0.004570150 0.167241171 -0.002189176 0.999756694 -0.021946698 -0.295286417 -0.004619295 0.021936405 0.999748707 15.167638779
0.999963701 0.000610392 -0.008502595 0.158848777 -0.000811698 0.999718964 -0.023692453 -0.298033565 0.008485744 0.023698494 0.999683082 15.314112663
0.999694228 -0.000225603 -0.024726586 0.141902387 -0.000403643 0.999676287 -0.025440207 -0.302748740 0.024724321 0.025442410 0.999370456 15.461233139
0.999025345 0.000056084 -0.044139046 0.116332054 -0.001219267 0.999652684 -0.026326228 -0.307953179 0.044122227 0.026354387 0.998678446 15.628088951
0.997821510 0.001058123 -0.065963075 0.083358526 -0.002775572 0.999659359 -0.025950300 -0.312968791 0.065913163 0.026076857 0.997484565 15.809227943
0.995964110 0.001597414 -0.089738093 0.045642257 -0.003813802 0.999691784 -0.024532374 -0.318425417 0.089671254 0.024775608 0.995663226 16.012762070
0.993170083 0.002493863 -0.116649993 -0.004701257 -0.005233401 0.999717414 -0.023184719 -0.323245674 0.116559230 0.023636842 0.992902398 16.227392197
0.989110947 0.003711126 -0.147124708 -0.069795847 -0.006840047 0.999760985 -0.020766929 -0.332722753 0.147012457 0.021547135 0.988899946 16.466253281
0.983661234 0.003307259 -0.179999039 -0.131281614 -0.006528357 0.999828935 -0.017305633 -0.339396119 0.179910988 0.018197978 0.983514547 16.684326172
0.976221502 0.004626895 -0.216726094 -0.220762253 -0.007739482 0.999878645 -0.013515282 -0.340246856 0.216637284 0.014871255 0.976138830 16.943313599
0.966594517 0.005923796 -0.256241977 -0.319640160 -0.008276749 0.999932885 -0.008105087 -0.349691153 0.256176800 0.009955183 0.966578603 17.179637909
0.954571664 0.009733866 -0.297822744 -0.428124905 -0.011195892 0.999932110 -0.003203497 -0.358993322 0.297771394 0.006392359 0.954615831 17.429637909
0.940377593 0.013435074 -0.339866757 -0.558707237 -0.013895016 0.999902904 0.001080444 -0.358793914 0.339848310 0.003706429 0.940472901 17.691392899
0.923687279 0.016139783 -0.382807195 -0.721212387 -0.014743867 0.999869585 0.006580219 -0.366879702 0.382863462 -0.000434005 0.923804760 17.977115631
0.904379010 0.019426411 -0.426287651 -0.864145756 -0.014520035 0.999785721 0.014756780 -0.377014339 0.426483005 -0.007156012 0.904467225 18.224328995
0.882740200 0.023845751 -0.469255865 -1.060925961 -0.015850490 0.999654233 0.020981390 -0.370677799 0.469593912 -0.011083182 0.882812977 18.507534027
0.858066559 0.028419502 -0.512751400 -1.270675182 -0.018004734 0.999518573 0.025268700 -0.365264624 0.513222635 -0.012450276 0.858165145 18.768268585
0.830013514 0.031657789 -0.556844175 -1.478920937 -0.018818084 0.999408901 0.028768942 -0.366397142 0.557425797 -0.013399867 0.830118716 19.028366089
0.799171448 0.035292428 -0.600066125 -1.752649307 -0.021363821 0.999311805 0.030321306 -0.361434311 0.600723267 -0.011412216 0.799375534 19.323246002
0.765202045 0.037896171 -0.642673910 -2.004344940 -0.021578535 0.999214828 0.033227552 -0.354724526 0.643428504 -0.011557830 0.765419006 19.569896698
0.728331864 0.041865129 -0.683944345 -2.334632874 -0.023121886 0.999064922 0.036531597 -0.335361481 0.684834361 -0.010793042 0.728618860 19.862459183
0.689516366 0.042892136 -0.722998857 -2.665006638 -0.020541500 0.999001384 0.039675862 -0.326797068 0.723978758 -0.012505675 0.689708829 20.130796432
0.648895204 0.042609978 -0.759683728 -3.021886826 -0.018034145 0.999011517 0.040629521 -0.308820903 0.760664046 -0.012664051 0.649022102 20.388755798
0.606213331 0.041320298 -0.794227958 -3.398214340 -0.012262844 0.999016225 0.042614657 -0.295939088 0.795207560 -0.016094081 0.606123626 20.636669159
0.562217116 0.041661523 -0.825939596 -3.824889183 -0.008058507 0.998958766 0.044903427 -0.283538520 0.826950431 -0.018589634 0.561967492 20.883787155
0.515315473 0.043385513 -0.855901778 -4.261297226 -0.006457397 0.998885930 0.046745535 -0.264265060 0.856976330 -0.018561801 0.515021503 21.112064362
0.465841293 0.042580988 -0.883843184 -4.728015900 -0.005091133 0.998953938 0.045443341 -0.239016533 0.884853601 -0.016669624 0.465570807 21.311536789
0.414301693 0.041241877 -0.909204721 -5.219115257 0.000170441 0.998969257 0.045391291 -0.217390656 0.910139740 -0.018960655 0.413867593 21.489961624
0.359230906 0.040282235 -0.932379007 -5.704175949 0.005363313 0.998962402 0.045225281 -0.191986442 0.933233380 -0.021246959 0.358642071 21.661880493
0.305515826 0.039438255 -0.951369941 -6.309165955 0.008201773 0.998995781 0.044046398 -0.175606191 0.952151656 -0.021259798 0.304885507 21.832452774
0.252338886 0.045144260 -0.966585338 -6.885772705 0.008723566 0.998764396 0.048924576 -0.142856002 0.967599511 -0.020777641 0.251633257 21.947256088
0.200113386 0.049973629 -0.978497505 -7.476242065 0.011580998 0.998507977 0.053364046 -0.115483642 0.979704320 -0.022010839 0.199236080 22.044128418
0.152648151 0.051801849 -0.986921966 -8.116071701 0.017496387 0.998327196 0.055106651 -0.097681701 0.988125682 -0.025679499 0.151486427 22.113510132
0.108100474 0.053239703 -0.992713332 -8.739825249 0.019758254 0.998252690 0.055688329 -0.075828612 0.993943572 -0.025634218 0.106859684 22.160812378
0.067488268 0.051513411 -0.996389329 -9.435699463 0.020330774 0.998387814 0.052993797 -0.049190819 0.997512877 -0.023833828 0.066332161 22.184692383
0.032195348 0.047325376 -0.998360574 -10.100979805 0.017652526 0.998695731 0.047910519 -0.014344931 0.999325633 -0.019166084 0.031317942 22.177639008
0.003442523 0.047528833 -0.998863935 -10.828891754 0.015638456 0.998745263 0.047577068 0.017689168 0.999871731 -0.015784478 0.002694926 22.159851074
-0.017267145 0.051355187 -0.998531163 -11.536708832 0.014646079 0.998585939 0.051104724 0.051476896 0.999743581 -0.013742134 -0.017994881 22.128175735
-0.030095682 0.057568282 -0.997887790 -12.312523842 0.015745066 0.998243630 0.057113919 0.084910870 0.999422967 -0.013992928 -0.030949233 22.096170425
-0.037882812 0.060231615 -0.997465312 -13.079866409 0.015474760 0.998097420 0.059682075 0.118647099 0.999162495 -0.013174609 -0.038742807 22.058168411
-0.041517511 0.057410907 -0.997487128 -13.852688789 0.016481934 0.998251319 0.056768876 0.154569983 0.999001801 -0.014083615 -0.042391162 22.022142410
-0.040660981 0.053480551 -0.997740626 -14.646152496 0.023913626 0.998332560 0.052537724 0.193618298 0.998886704 -0.021723360 -0.041872088 21.996082306
-0.036431588 0.051655907 -0.998000205 -15.459280014 0.035694983 0.998093188 0.050357688 0.241912782 0.998698473 -0.033788990 -0.038205974 21.981651306
-0.030480696 0.051894106 -0.998187304 -16.290100098 0.036093891 0.998057187 0.050785173 0.276719213 0.998883426 -0.034480497 -0.032294538 21.952251434
-0.025180258 0.050432339 -0.998409986 -17.138450623 0.033742279 0.998200476 0.049570765 0.310060918 0.999113262 -0.032440420 -0.026836647 21.922637939
-0.022080103 0.044060528 -0.998784840 -18.002891541 0.037612814 0.998357713 0.043210190 0.345320761 0.999048352 -0.036613010 -0.023701081 21.909879684
-0.019835602 0.033263564 -0.999249697 -18.883361816 0.035373311 0.998844087 0.032547873 0.377312541 0.999177277 -0.034701165 -0.020989312 21.885412216
-0.018866345 0.025057470 -0.999507904 -19.785551071 0.027687049 0.999315619 0.024530033 0.397530198 0.999438584 -0.027210636 -0.019547198 21.845823288
-0.020261353 0.022176754 -0.999548674 -20.704784393 0.021882752 0.999524295 0.021732634 0.420668244 0.999555230 -0.021432547 -0.020737005 21.811725616
-0.023780607 0.028239258 -0.999318182 -21.661437988 0.012567769 0.999530375 0.027946178 0.440608472 0.999638259 -0.011894623 -0.024124347 21.769784927
-0.028447291 0.036356933 -0.998933852 -22.634206772 0.007759681 0.999316275 0.036149867 0.468351722 0.999565184 -0.006723044 -0.028709961 21.722105026
-0.032937590 0.045743663 -0.998410106 -23.625448227 0.005878386 0.998943686 0.045574185 0.503427327 0.999440134 -0.004367935 -0.033171698 21.683828354
-0.034637522 0.055366978 -0.997865081 -24.645580292 0.004826557 0.998461902 0.055232551 0.550164759 0.999388337 -0.002903133 -0.034851477 21.641832352
-0.035349384 0.063420154 -0.997360528 -25.656867981 0.006798573 0.997976542 0.063218363 0.587289691 0.999351919 -0.004545899 -0.035709020 21.598953247
-0.036838427 0.063849643 -0.997279286 -26.685903549 0.007413621 0.997946739 0.063618518 0.644132733 0.999293745 -0.005049845 -0.037236147 21.556293488
-0.038533188 0.061355717 -0.997371852 -27.699054718 0.006300972 0.998108208 0.061157580 0.688810945 0.999237478 -0.003927816 -0.038846891 21.511108398
-0.041440893 0.056556210 -0.997538984 -28.732173920 0.005989252 0.998392701 0.056355804 0.734783709 0.999122977 -0.003639078 -0.041713014 21.463512421
-0.045934264 0.051240612 -0.997629285 -29.759687424 0.005783535 0.998680413 0.051028300 0.781331778 0.998927712 -0.003425876 -0.046170007 21.410196304
-0.051749922 0.046431266 -0.997580051 -30.798751831 0.005642373 0.998916268 0.046200756 0.824063420 0.998644114 -0.003237834 -0.051955819 21.350391388
-0.058514200 0.044726543 -0.997284114 -31.834812164 0.005138266 0.998996079 0.044501834 0.859174252 0.998273373 -0.002520321 -0.058685277 21.289249420
-0.064879075 0.047141094 -0.996779025 -32.893760681 0.005556151 0.998885036 0.046879061 0.897156954 0.997877657 -0.002496786 -0.065068662 21.212409973
-0.071445361 0.051972885 -0.996089518 -33.968662262 0.003812899 0.998648465 0.051832914 0.937745869 0.997437239 -0.000094769 -0.071546972 21.127748489
-0.077163965 0.054907080 -0.995505393 -35.029647827 0.001111207 0.998486459 0.054985370 0.977134526 0.997017801 0.003136676 -0.077108189 21.033960342
-0.081833713 0.056969192 -0.995016456 -36.103160858 -0.002411088 0.998350859 0.057358388 1.027269363 0.996643066 0.007092922 -0.081561401 20.934627533
-0.084473535 0.058251522 -0.994721591 -37.176769257 -0.006492185 0.998236299 0.059008684 1.074782729 0.996404588 0.011442589 -0.083946370 20.833951950
-0.086029507 0.059328198 -0.994524539 -38.255619049 -0.011075406 0.998106718 0.060499944 1.127396107 0.996231079 0.016219543 -0.085209534 20.723094940
-0.087597921 0.058998011 -0.994407415 -39.332122803 -0.012277308 0.998104870 0.060298901 1.177308917 0.996080279 0.017490698 -0.086707570 20.625946045
-0.088561006 0.057822067 -0.994391084 -40.414432526 -0.013157645 0.998158634 0.059212979 1.230076551 0.995983839 0.018327804 -0.087637141 20.513023376
-0.090347469 0.057305086 -0.994260192 -41.512340546 -0.013704437 0.998177111 0.058776144 1.280987382 0.995815933 0.018936055 -0.089397438 20.426944733
-0.091142781 0.056307968 -0.994244635 -42.608856201 -0.016073128 0.998187006 0.058004662 1.331817865 0.995708048 0.021267327 -0.090072483 20.315406799
-0.091805257 0.053968593 -0.994313538 -43.696125031 -0.020795085 0.998208702 0.056100022 1.376122117 0.995559752 0.025827114 -0.090518504 20.198179245
-0.092027903 0.048873559 -0.994556367 -44.794860840 -0.026338439 0.998325884 0.051495928 1.424645901 0.995407939 0.030934121 -0.090586588 20.082723618
-0.091111936 0.048355497 -0.994665980 -45.911357880 -0.027777083 0.998308420 0.051076960 1.467897773 0.995453179 0.032282639 -0.089614622 19.973552704
-0.089330681 0.051869165 -0.994650602 -47.021255493 -0.028968364 0.998085260 0.054649979 1.528102398 0.995580673 0.033695325 -0.087657079 19.865531921
-0.087469898 0.055421975 -0.994624257 -48.131805420 -0.029178258 0.997880220 0.058169417 1.568996906 0.995739698 0.034109477 -0.085667372 19.760652542
-0.085942723 0.054633182 -0.994800985 -49.265998840 -0.027681440 0.997978866 0.057199169 1.628930092 0.995915473 0.032453373 -0.084256709 19.664587021
-0.083153024 0.053925443 -0.995076716 -50.383987427 -0.027278094 0.998037517 0.056365374 1.670808077 0.996163368 0.031830739 -0.081518866 19.563299179
-0.079138897 0.053976115 -0.995401204 -51.503818512 -0.031861529 0.997885942 0.056643978 1.728397131 0.996354282 0.036197744 -0.077251814 19.468936920
-0.073790602 0.055424850 -0.995732427 -52.638771057 -0.036542382 0.997633636 0.058238719 1.770530581 0.996604085 0.040683903 -0.071590632 19.379005432
-0.067640036 0.054984994 -0.996193469 -53.782421112 -0.040050201 0.997525811 0.057777885 1.814204216 0.996905625 0.043805849 -0.065270513 19.284719467
-0.061827742 0.054097075 -0.996619642 -54.919612885 -0.041895665 0.997509360 0.056744464 1.865233779 0.997207165 0.045262434 -0.059407301 19.209228516
-0.056135003 0.053286374 -0.997000217 -56.060321808 -0.041281421 0.997596979 0.055642575 1.913349271 0.997569382 0.044281084 -0.053800371 19.139856339
-0.050775863 0.053215805 -0.997291327 -57.199565887 -0.039901890 0.997673929 0.055267781 1.959066391 0.997912645 0.042600077 -0.048534341 19.077913284
-0.045145202 0.053290952 -0.997557998 -58.345977783 -0.038929980 0.997723699 0.055061612 2.018264771 0.998221517 0.041320678 -0.042967819 19.022506714
-0.039448164 0.054797005 -0.997717917 -59.497081757 -0.037877787 0.997695506 0.056293398 2.068471193 0.998503387 0.040012021 -0.037281662 18.976917267
-0.034036025 0.055996992 -0.997850716 -60.663894653 -0.038653344 0.997608304 0.057301842 2.116889238 0.998672843 0.040520590 -0.031790152 18.935682297
-0.028337359 0.055500202 -0.998056471 -61.808540344 -0.038416378 0.997659266 0.056568854 2.160090446 0.998859882 0.039944727 -0.026138917 18.887062073
-0.023548901 0.050897531 -0.998426199 -62.957221985 -0.038476452 0.997916996 0.051779080 2.207872629 0.998981953 0.039635245 -0.021541499 18.855207443
-0.019063190 0.045417801 -0.998786211 -64.109573364 -0.038217340 0.998204529 0.046120781 2.252538681 0.999087572 0.039050158 -0.017293219 18.828329086
-0.015568756 0.045005891 -0.998865426 -65.294662476 -0.038281545 0.998227179 0.045573816 2.288937092 0.999145687 0.038947646 -0.013818260 18.808246613
-0.012210747 0.047472745 -0.998797953 -66.468421936 -0.037629902 0.998142958 0.047901664 2.327556610 0.999217212 0.038169574 -0.010401679 18.787437439
-0.010116863 0.046834603 -0.998851478 -67.645339966 -0.038223553 0.998154342 0.047189068 2.374386787 0.999217987 0.038657058 -0.008308006 18.775144577
-0.008659840 0.047111653 -0.998852015 -68.818916321 -0.039657939 0.998087406 0.047419418 2.405375957 0.999175787 0.040023055 -0.006774929 18.746263504
-0.007668559 0.047785632 -0.998828113 -70.000228882 -0.040682696 0.998015523 0.048059102 2.448794127 0.999142706 0.041003566 -0.005709294 18.729320526
-0.006701272 0.047549382 -0.998846352 -71.183135986 -0.041087437 0.998012245 0.047785319 2.486093521 0.999133110 0.041360259 -0.004734269 18.721618652
-0.005202628 0.045180727 -0.998965263 -72.353019714 -0.042125717 0.998082101 0.045360181 2.525013447 0.999098778 0.042318121 -0.003289379 18.701969147
-0.004749516 0.044205084 -0.999011159 -73.547409058 -0.040306680 0.998202145 0.044360910 2.561292410 0.999176145 0.040477518 -0.002959216 18.702150345
-0.004234814 0.043998845 -0.999022603 -74.738494873 -0.036587276 0.998355806 0.044124577 2.596779823 0.999321461 0.036738370 -0.002618053 18.687328339
-0.004073812 0.044563919 -0.998998225 -75.924880981 -0.034149531 0.998417616 0.044677284 2.633236408 0.999408364 0.034297321 -0.002545530 18.685909271
-0.003516548 0.047310993 -0.998873949 -77.124130249 -0.034330428 0.998285651 0.047403987 2.668581963 0.999404371 0.034458470 -0.001886312 18.664451599
-0.003247417 0.051424764 -0.998671591 -78.310462952 -0.036185540 0.998016655 0.051508710 2.700474262 0.999339819 0.036304742 -0.001380143 18.654941559
-0.003380087 0.051346149 -0.998675168 -79.529754639 -0.038527798 0.997932732 0.051438376 2.740921259 0.999251783 0.038650624 -0.001394845 18.657279968
-0.002883875 0.049230281 -0.998783290 -80.714126587 -0.039776925 0.997991443 0.049306087 2.782851934 0.999204338 0.039870720 -0.000919853 18.644916534
-0.002457016 0.046702996 -0.998905778 -81.902763367 -0.039769709 0.998113990 0.046763800 2.821348190 0.999205828 0.039841093 -0.000595018 18.634115219
-0.002815680 0.046423309 -0.998917997 -83.094619751 -0.037954565 0.998197138 0.046496801 2.848248005 0.999275446 0.038044419 -0.001048627 18.631978989
-0.002468013 0.048202697 -0.998834491 -84.280479431 -0.036141861 0.998180747 0.048260443 2.881587029 0.999343574 0.036218852 -0.000721388 18.628868103
-0.002387485 0.050492913 -0.998721540 -85.473121643 -0.035223823 0.998100400 0.050545711 2.926440954 0.999376595 0.035299476 -0.000604396 18.618656158
-0.001780636 0.052960780 -0.998594999 -86.650764465 -0.034961462 0.997982800 0.052990649 2.968698978 0.999387085 0.035006698 0.000074542 18.617485046
-0.001211684 0.053152818 -0.998585582 -87.825798035 -0.037142601 0.997894943 0.053161126 3.004307747 0.999309242 0.037154488 0.000765101 18.594326019
-0.001029484 0.050880365 -0.998704255 -88.998977661 -0.036660824 0.998031497 0.050883878 3.049495459 0.999327242 0.036665700 0.000837858 18.592962265
-0.000609419 0.049432408 -0.998777270 -90.168655396 -0.035344355 0.998152316 0.049423050 3.091038704 0.999374986 0.035331264 0.001138864 18.587034225
-0.000804536 0.050178822 -0.998739958 -91.343925476 -0.033303186 0.998184919 0.050177764 3.133761168 0.999444962 0.033301599 0.000868039 18.592433929
0.000746053 0.053507783 -0.998567164 -92.521240234 -0.031863932 0.998061776 0.053456880 3.173277855 0.999491870 0.031778399 0.002449575 18.561780930
0.000689713 0.056129593 -0.998423219 -93.682189941 -0.030389143 0.997963607 0.056082748 3.213268280 0.999537945 0.030302545 0.002394038 18.560997009
0.001281471 0.057439938 -0.998348117 -94.855354309 -0.030810798 0.997877240 0.057373296 3.265131235 0.999524415 0.030686384 0.003048521 18.560083389
0.001393115 0.059277646 -0.998240530 -96.025238037 -0.033375893 0.997688055 0.059198264 3.314365864 0.999441922 0.033234701 0.003368339 18.559949875
0.002299253 0.058460783 -0.998287082 -97.185462952 -0.035034284 0.997681499 0.058344636 3.355957747 0.999383390 0.034840114 0.004342054 18.546024323
0.002361491 0.054158229 -0.998529553 -98.341781616 -0.037564367 0.997832358 0.054031581 3.404421329 0.999291360 0.037381530 0.004390793 18.539798737
0.002872525 0.052556019 -0.998613775 -99.502006531 -0.038766619 0.997873068 0.052405529 3.448767424 0.999244094 0.038562346 0.004903836 18.534677505
0.002642053 0.050871316 -0.998701751 -100.665451050 -0.039293732 0.997939169 0.050728526 3.491447926 0.999224186 0.039108694 0.004635532 18.538202286
0.003733288 0.051554013 -0.998663247 -101.811195374 -0.038350143 0.997943044 0.051373456 3.528646946 0.999257386 0.038107090 0.005702711 18.524265289
0.003951649 0.053666413 -0.998551011 -102.974426270 -0.038233541 0.997836828 0.053476721 3.569466114 0.999261022 0.037966821 0.005994957 18.520280838
0.004089599 0.055978868 -0.998423576 -104.137153625 -0.037215944 0.997748733 0.055788592 3.608685732 0.999298871 0.036929119 0.006163698 18.525224686
0.003559264 0.054681953 -0.998497486 -105.294937134 -0.041052740 0.997670054 0.054490309 3.660240650 0.999150634 0.040797107 0.005795815 18.521062851
0.003088901 0.055777103 -0.998438478 -106.473220825 -0.044504579 0.997461617 0.055584855 3.710494041 0.999004424 0.044263389 0.005563396 18.517490387
0.002724338 0.055200420 -0.998471618 -107.650871277 -0.047708116 0.997345448 0.055007998 3.756132364 0.998857558 0.047485337 0.005350614 18.515216827
0.003201881 0.051267296 -0.998679757 -108.812675476 -0.049323115 0.997477531 0.051047437 3.804027557 0.998777688 0.049094565 0.005722467 18.499132156
0.002886855 0.047299586 -0.998876572 -109.996620178 -0.049327031 0.997671485 0.047099963 3.847238541 0.998778522 0.049135648 0.005213281 18.490015030
0.002543177 0.046422686 -0.998918653 -111.180297852 -0.046245039 0.997858584 0.046255685 3.887758493 0.998926878 0.046077400 0.004684550 18.481412888
0.002205891 0.045403481 -0.998966277 -112.375961304 -0.041417550 0.998115659 0.045273364 3.935163260 0.999139428 0.041274879 0.004082236 18.481878281
0.001918037 0.047044858 -0.998890936 -113.585441589 -0.040444486 0.998079121 0.046928961 3.978996277 0.999179959 0.040309619 0.003817058 18.477838516
0.001768490 0.051096246 -0.998692095 -114.827590942 -0.040052701 0.997895896 0.050984584 4.023189068 0.999195993 0.039910153 0.003811311 18.466627121
0.001161116 0.051075228 -0.998694122 -116.051185608 -0.038187664 0.997968554 0.050993718 4.068148613 0.999269903 0.038078599 0.003109201 18.466712952
0.000418285 0.046692543 -0.998909235 -117.273635864 -0.038339667 0.998175561 0.046642195 4.110278606 0.999264657 0.038278338 0.002207699 18.461725235
-0.000315608 0.043577336 -0.999050021 -118.501724243 -0.038378481 0.998313546 0.043557327 4.138759136 0.999263167 0.038355771 0.001357356 18.454294205
-0.000653381 0.042435348 -0.999098957 -119.793037415 -0.036797401 0.998421550 0.042430636 4.169887066 0.999322534 0.036791980 0.000909162 18.444673538
-0.001224077 0.043484434 -0.999053359 -121.041984558 -0.038910568 0.998295426 0.043499123 4.212545872 0.999241948 0.038926981 0.000470013 18.437410355
-0.001383526 0.048234437 -0.998835087 -122.300102234 -0.044299074 0.997852564 0.048248354 4.255891800 0.999017358 0.044314221 0.000756186 18.416999817
-0.001664965 0.051670615 -0.998662829 -123.570549011 -0.049747113 0.997423410 0.051689427 4.296857357 0.998760462 0.049766656 0.000909789 18.398756027
-0.001962693 0.051446244 -0.998673797 -124.838363647 -0.056775905 0.997059107 0.051474638 4.349338055 0.998385012 0.056801639 0.000963986 18.386661530
-0.001989822 0.049426302 -0.998775840 -126.107452393 -0.059659358 0.996992886 0.049456932 4.394215107 0.998216867 0.059684727 0.000964903 18.381309509
-0.002428656 0.048100591 -0.998839557 -127.353576660 -0.062477615 0.996883810 0.048158322 4.442710876 0.998043418 0.062522076 0.000584123 18.361944199
-0.003289371 0.047407579 -0.998870194 -128.612731934 -0.062394977 0.996919692 0.047520466 4.479806423 0.998046041 0.062480800 -0.000321244 18.354192734
-0.003282612 0.047043223 -0.998887479 -129.881088257 -0.059977900 0.997085273 0.047155451 4.508059978 0.998194277 0.060065966 -0.000451491 18.337133408
-0.003712108 0.047759283 -0.998851955 -131.141815186 -0.060306106 0.997030199 0.047896292 4.546942711 0.998173118 0.060414661 -0.000820907 18.329763412
-0.004493106 0.052647077 -0.998603046 -132.397903442 -0.060097508 0.996793866 0.052822102 4.592125893 0.998182416 0.060250890 -0.001314743 18.323705673
-0.004966295 0.056550279 -0.998387337 -133.670822144 -0.058798935 0.996655703 0.056744684 4.638996124 0.998257458 0.058985934 -0.001624590 18.312070847
-0.005401763 0.055413220 -0.998448908 -134.916885376 -0.059301354 0.996688485 0.055636350 4.682231426 0.998225510 0.059509914 -0.002097796 18.305320740
-0.004505814 0.053735949 -0.998544991 -136.173583984 -0.058828976 0.996811450 0.053908113 4.734144211 0.998257995 0.058986276 -0.001330216 18.289804459
-0.003477003 0.053419441 -0.998566091 -137.431518555 -0.057938248 0.996883929 0.053531192 4.777947426 0.998314142 0.058041297 -0.000371140 18.286951065
-0.002142797 0.053283829 -0.998577058 -138.691162109 -0.058466464 0.996864557 0.053317904 4.817628384 0.998287082 0.058497522 0.000979239 18.268684387
-0.001374300 0.054809667 -0.998495817 -139.942886353 -0.058086563 0.996806502 0.054796889 4.871691227 0.998310566 0.058074508 0.001813794 18.260232925
0.000118856 0.058300812 -0.998299003 -141.210006714 -0.059438955 0.996534407 0.058190681 4.926233768 0.998231888 0.059330937 0.003583784 18.246496201
0.001574968 0.059511878 -0.998226345 -142.467880249 -0.060415786 0.996409655 0.059308257 4.970333099 0.998171985 0.060215227 0.005164771 18.236337662
0.002516028 0.056761973 -0.998384535 -143.720321655 -0.062825918 0.996424258 0.056492202 5.024467468 0.998021245 0.062582292 0.006073154 18.225866318
0.002228959 0.053683057 -0.998555541 -144.968719482 -0.061882552 0.996651530 0.053442571 5.071513176 0.998080969 0.061674032 0.005543539 18.234926224
0.002555018 0.052062519 -0.998640597 -146.209564209 -0.058805045 0.996923387 0.051822543 5.114693642 0.998266280 0.058592685 0.005608695 18.232711792
0.002396015 0.051632732 -0.998663247 -147.468811035 -0.057251148 0.997035325 0.051411193 5.159781933 0.998356938 0.057051443 0.005344944 18.235317230
0.001937739 0.051985223 -0.998645961 -148.704437256 -0.054662801 0.997160256 0.051801819 5.203606606 0.998502970 0.054488402 0.004773893 18.240064621
0.001764655 0.050707117 -0.998711944 -149.941543579 -0.052725405 0.997329235 0.050543729 5.240292549 0.998607457 0.052568305 0.004433493 18.244117737
0.002115465 0.050836720 -0.998704731 -151.182067871 -0.052102152 0.997356057 0.050657708 5.286317348 0.998639524 0.051927511 0.004758575 18.237590790
0.001462274 0.053628635 -0.998559833 -152.416580200 -0.050136521 0.997308910 0.053488038 5.332447052 0.998741388 0.049986098 0.004147093 18.245309830
0.001775836 0.054763462 -0.998497725 -153.664321899 -0.047228754 0.997389734 0.054618690 5.376441956 0.998882532 0.047060821 0.004357610 18.241106033
0.001650528 0.053107250 -0.998587430 -154.900985718 -0.045014236 0.997580469 0.052979294 5.424809456 0.998984993 0.044863205 0.004037117 18.239992142
0.000860351 0.053478047 -0.998568594 -156.133544922 -0.046259522 0.997502148 0.053381078 5.469467163 0.998929083 0.046147384 0.003332071 18.238527298
0.001116190 0.058388021 -0.998293340 -157.376068115 -0.046722591 0.997206688 0.058272224 5.516528130 0.998907268 0.046577804 0.003841112 18.232498169
0.001505373 0.065025739 -0.997882426 -158.611465454 -0.051834755 0.996547163 0.064860553 5.566778183 0.998654544 0.051627338 0.004870768 18.222068787
0.002678878 0.065077767 -0.997876525 -159.840866089 -0.056569386 0.996292114 0.064822555 5.624759197 0.998395205 0.056275614 0.006350354 18.217906952
0.004080938 0.061353821 -0.998107731 -161.061111450 -0.060073897 0.996328413 0.060998820 5.681519508 0.998185575 0.059711292 0.007751718 18.207752228
0.005759270 0.055969995 -0.998415828 -162.285125732 -0.062137783 0.996522963 0.055505440 5.730684280 0.998051107 0.061719675 0.009217096 18.203176498
0.006465154 0.054517273 -0.998491883 -163.507766724 -0.064695604 0.996443570 0.053986542 5.779001713 0.997884095 0.064249001 0.009969192 18.204690933
0.007730803 0.051370993 -0.998649657 -164.726730347 -0.059195817 0.996951640 0.050825387 5.819015503 0.998216510 0.058722965 0.010748184 18.212783813
0.007822548 0.046334933 -0.998895347 -165.951766968 -0.056114644 0.997372150 0.045824837 5.869248867 0.998393714 0.055694189 0.010402060 18.229272842
0.007627530 0.042992841 -0.999046266 -167.178039551 -0.050161239 0.997834027 0.042557709 5.905225754 0.998711884 0.049788788 0.009767585 18.239252090
0.006597839 0.045881342 -0.998925030 -168.403152466 -0.047554862 0.997830987 0.045516998 5.943160057 0.998846829 0.047203433 0.008765409 18.259195328
0.007389754 0.052496932 -0.998593688 -169.639282227 -0.048606854 0.997459412 0.052077606 5.981923103 0.998790681 0.048153657 0.009922693 18.263275146
0.008633301 0.055658277 -0.998412490 -170.853698730 -0.049499657 0.997249424 0.055165414 6.021878242 0.998736799 0.048944816 0.011364621 18.270059586
0.010815484 0.052361198 -0.998569608 -172.061630249 -0.050910093 0.997361779 0.051746450 6.068484306 0.998644650 0.050277602 0.013452664 18.267097473
0.011733107 0.052219279 -0.998566747 -173.277709961 -0.053184886 0.997254491 0.051525738 6.119310856 0.998515725 0.052504104 0.014478170 18.271308899
0.012602326 0.053670920 -0.998479068 -174.489730835 -0.051474020 0.997269332 0.052956201 6.156196594 0.998594940 0.050728355 0.015330568 18.278713226
0.013091550 0.051474180 -0.998588443 -175.693359375 -0.051397689 0.997388542 0.050738510 6.202602863 0.998592377 0.050660882 0.015703011 18.294445038
0.014694167 0.049988471 -0.998641670 -176.871124268 -0.051524431 0.997460425 0.049171202 6.242610931 0.998563647 0.050731905 0.017232474 18.308433533
0.016515583 0.051776815 -0.998522103 -178.036849976 -0.052855089 0.997307241 0.050839595 6.279915810 0.998465717 0.051937316 0.019207776 18.316150665
0.017800732 0.053874508 -0.998389065 -179.158081055 -0.052749131 0.997207224 0.052870248 6.306769371 0.998449087 0.051723029 0.020592855 18.330656052
0.018244941 0.055258535 -0.998305321 -180.259323120 -0.053667001 0.997086227 0.054210242 6.339441299 0.998392224 0.052586988 0.021157337 18.346210480
0.018538108 0.056439765 -0.998233914 -181.333419800 -0.054251503 0.996991396 0.055362005 6.373565197 0.998355210 0.053129382 0.021544276 18.356170654
0.018706569 0.057194144 -0.998187721 -182.384307861 -0.053444937 0.996992350 0.056124054 6.408397198 0.998395681 0.052298196 0.021707047 18.367143631
0.018890820 0.056259986 -0.998237312 -183.402496338 -0.053849004 0.997023702 0.055172533 6.444436073 0.998370469 0.052711837 0.021864142 18.384260178
0.020256849 0.056597918 -0.998191535 -184.400238037 -0.054401815 0.996979833 0.055425193 6.465236664 0.998313725 0.053180691 0.023274694 18.403106689
0.021771073 0.057069365 -0.998132825 -185.345748901 -0.055264641 0.996911705 0.055794116 6.500812054 0.998234332 0.053946756 0.024857758 18.419433594
0.021133849 0.055858515 -0.998214960 -186.298828125 -0.053629294 0.997063875 0.054658674 6.520824909 0.998337269 0.052378435 0.024067448 18.433216095
0.017997356 0.052685406 -0.998448968 -187.241912842 -0.051174760 0.997350335 0.051704992 6.549607277 0.998527527 0.050164830 0.020645833 18.448896408
0.013059018 0.049211863 -0.998703003 -188.172851562 -0.051042665 0.997518718 0.048486073 6.577581882 0.998611093 0.050343279 0.015538519 18.457513809
0.008155409 0.046141267 -0.998901606 -189.101531982 -0.052479617 0.997577965 0.045651663 6.605457783 0.998588622 0.052049670 0.010557134 18.456588745
0.004547747 0.045332618 -0.998961627 -190.044433594 -0.054422721 0.997502565 0.045018662 6.634581089 0.998507559 0.054161463 0.007003517 18.451145172
0.001317462 0.046224311 -0.998930216 -190.947479248 -0.055916622 0.997371733 0.046078436 6.654703140 0.998434544 0.055796105 0.003898707 18.444324493
-0.000459219 0.048120849 -0.998841405 -191.872543335 -0.055080194 0.997323930 0.048073065 6.680383205 0.998481810 0.055038452 0.002192516 18.438053131
-0.001905621 0.049470279 -0.998773754 -192.796432495 -0.052089393 0.997414708 0.049502343 6.709383011 0.998640597 0.052119844 0.000676182 18.433923721
-0.003337457 0.050100632 -0.998738527 -193.706787109 -0.050623942 0.997455060 0.050205417 6.735157967 0.998712182 0.050727643 -0.000792672 18.427572250
-0.003955853 0.048688259 -0.998806119 -194.629928589 -0.051263787 0.997490823 0.048827171 6.769506454 0.998677313 0.051395733 -0.001449983 18.413278580
-0.004597962 0.047399435 -0.998865426 -195.533142090 -0.053087149 0.997455895 0.047576923 6.801057816 0.998579264 0.053245675 -0.002069964 18.402601242
-0.004379000 0.046754815 -0.998896837 -196.449615479 -0.056765970 0.997284055 0.046928186 6.830206871 0.998377800 0.056908842 -0.001713025 18.388648987
-0.003426322 0.045543473 -0.998956501 -197.370086670 -0.059346348 0.997192323 0.045666598 6.849587917 0.998231530 0.059440885 -0.000713864 18.373561859
-0.002641700 0.042597029 -0.999088883 -198.280609131 -0.059022818 0.997343898 0.042678699 6.876243591 0.998253167 0.059081789 -0.000120486 18.368286133
-0.002214515 0.039802119 -0.999205172 -199.188903809 -0.058909521 0.997467101 0.039863452 6.903971672 0.998260796 0.058950972 0.000135819 18.366502762
-0.001188708 0.040622011 -0.999173820 -200.137329102 -0.058865570 0.997439027 0.040621515 6.920440197 0.998265147 0.058865219 0.001205574 18.350225449
-0.000697381 0.042843319 -0.999081552 -201.076522827 -0.056720335 0.997471690 0.042813879 6.952046394 0.998389840 0.056698103 0.001734470 18.350721359
-0.000559267 0.044851456 -0.998993516 -202.020416260 -0.055897903 0.997430325 0.044812575 6.968116283 0.998436332 0.055866711 0.001949273 18.344022751
-0.000022534 0.041208073 -0.999150634 -202.971710205 -0.050704569 0.997865260 0.041156221 6.992443085 0.998713613 0.050662428 0.002066952 18.353132248
0.000162782 0.037507422 -0.999296248 -203.912261963 -0.049432274 0.998075008 0.037453525 7.025708199 0.998777449 0.049391404 0.002016546 18.345462799
0.000920734 0.038212165 -0.999269128 -204.864685059 -0.053793721 0.997824669 0.038107354 7.052880287 0.998551667 0.053719327 0.002974306 18.334697723
0.002758093 0.042295970 -0.999101341 -205.847579956 -0.055270348 0.997584343 0.042079180 7.081257820 0.998467565 0.055104621 0.005089145 18.327322006
0.004749493 0.041814446 -0.999114156 -206.819564819 -0.052539919 0.997755766 0.041507840 7.106993675 0.998607457 0.052296236 0.006935762 18.328676224
0.007003569 0.042637192 -0.999066055 -207.812088013 -0.051516779 0.997779250 0.042221133 7.146539211 0.998647571 0.051172975 0.009184547 18.328601837
0.008754376 0.047696706 -0.998823524 -208.801849365 -0.052735314 0.997493804 0.047171000 7.175892830 0.998570144 0.052260324 0.011247737 18.328926086
0.010092084 0.051352382 -0.998629630 -209.796066284 -0.049797282 0.997467041 0.050789367 7.214102745 0.998708367 0.049216468 0.012623729 18.342466354
0.011482565 0.051532824 -0.998605311 -210.804702759 -0.049217273 0.997489750 0.050909333 7.256140232 0.998722076 0.048564065 0.013990047 18.350597382
0.013145326 0.052346699 -0.998542488 -211.816070557 -0.052379917 0.997293711 0.051591672 7.297876358 0.998540699 0.051625386 0.015851667 18.362974167
0.017066833 0.054438967 -0.998371243 -212.834976196 -0.055812679 0.997011662 0.053410724 7.334359169 0.998295307 0.054810226 0.020054221 18.357460022
0.020667713 0.054322891 -0.998309493 -213.857208252 -0.056843694 0.996971428 0.053073253 7.379968643 0.998169065 0.055650700 0.023693033 18.373893738
0.023467515 0.052182678 -0.998361707 -214.892471313 -0.059490915 0.996939898 0.050709970 7.416625023 0.997953057 0.058203407 0.026500097 18.396631241
0.025992643 0.049283694 -0.998446465 -215.920715332 -0.059481911 0.997090578 0.047668271 7.451025486 0.997890830 0.058150489 0.028848508 18.423503876
