1.000000000 0.000000000 0.000000000 0.000000000 0.000000000 1.000000000 0.000000000 0.000000000 0.000000000 0.000000000 1.000000000 0.000000000
0.999932647 -0.002213405 0.011393627 0.014543031 0.002198349 0.999996722 0.001333871 -0.006086604 -0.011396542 -0.001308733 0.999934196 0.293675512
0.999821663 -0.004477346 0.018348090 0.021765871 0.004453011 0.999989092 0.001366932 -0.010010713 -0.018354012 -0.001284984 0.999830723 0.590357959
0.999767423 -0.007334127 0.020281281 0.030777493 0.007338983 0.999973059 -0.000165007 -0.010121122 -0.020279525 0.000313812 0.999794304 0.889176071
0.999799907 -0.008709205 0.018005230 0.038988385 0.008738587 0.999960601 -0.001553836 -0.013818827 -0.017990986 0.001710866 0.999836683 1.192500472
0.999874592 -0.011361641 0.011029946 0.044279188 0.011395006 0.999930680 -0.002966884 -0.015598958 -0.010995471 0.003092198 0.999934733 1.501725793
0.999914706 -0.013018140 -0.001003743 0.033372525 0.013013124 0.999903560 -0.004852381 -0.019611765 0.001066815 0.004838905 0.999987662 1.818100929
0.999769866 -0.011878858 -0.017861154 0.016551599 0.011798129 0.999919772 -0.004618467 -0.030158605 0.017914584 0.004406675 0.999829769 2.146125555
0.999283493 -0.007725658 -0.037051316 -0.017802790 0.007552657 0.999960065 -0.004806873 -0.032204594 0.037086967 0.004523593 0.999301791 2.481042385
0.998342454 -0.004139853 -0.057403844 -0.047684282 0.003804300 0.999975026 -0.005953518 -0.039712876 0.057427056 0.005725269 0.998333275 2.822319746
0.996949613 -0.003999334 -0.077945173 -0.086659119 0.003544361 0.999975860 -0.005974552 -0.046683408 0.077967189 0.005680062 0.996939719 3.178676128
0.995126307 -0.005346186 -0.098462686 -0.145928591 0.004728831 0.999967694 -0.006502248 -0.037399836 0.098494239 0.006004945 0.995119512 3.541244030
0.992956817 -0.006633035 -0.118290767 -0.204779476 0.005949235 0.999963522 -0.006132847 -0.038137138 0.118327148 0.005385912 0.992959976 3.920727253
0.990530968 -0.005750097 -0.137169063 -0.261579335 0.005046711 0.999972284 -0.005475099 -0.044406094 0.137196735 0.004731003 0.990532517 4.314495564
0.988345385 -0.004610565 -0.152158439 -0.347275287 0.003854652 0.999978662 -0.005262535 -0.047226302 0.152179465 0.004614684 0.988342106 4.718440533
0.986115277 -0.003708863 -0.166020811 -0.431282371 0.003010033 0.999985516 -0.004460706 -0.065212451 0.166034952 0.003899042 0.986112177 5.130224228
0.983886898 -0.005281228 -0.178713977 -0.509765387 0.004282758 0.999972999 -0.005972314 -0.063823029 0.178740695 0.005110691 0.983882964 5.566583633
0.982076705 -0.009220154 -0.188256472 -0.601710379 0.007782357 0.999934733 -0.008375173 -0.069681853 0.188321397 0.006759983 0.982084274 6.010867119
0.980550051 -0.007724534 -0.196117088 -0.704739392 0.005844473 0.999931276 -0.010163338 -0.078901738 0.196182147 0.008819460 0.980527818 6.472468376
0.979005218 -0.007846114 -0.203684196 -0.812453151 0.005559064 0.999914944 -0.011798133 -0.085290834 0.203759462 0.010418141 0.978965461 6.943352222
0.977227688 -0.008686916 -0.212015137 -0.919388771 0.005679857 0.999874532 -0.014788152 -0.094750762 0.212117016 0.013247175 0.977154493 7.425818443
0.975437999 -0.012336267 -0.219928443 -1.030014634 0.008949419 0.999825776 -0.016389469 -0.105061948 0.220092282 0.014018681 0.975378335 7.931044579
0.973488092 -0.018794311 -0.227964342 -1.143617630 0.015099848 0.999725044 -0.017939748 -0.115143135 0.228238821 0.014021903 0.973504186 8.443846703
0.971275568 -0.019740866 -0.237137213 -1.269186735 0.015358701 0.999675691 -0.020312851 -0.130384043 0.237461284 0.016087258 0.971263707 8.965847015
0.969248414 -0.015866127 -0.245572269 -1.423450708 0.009965590 0.999631464 -0.025251821 -0.136354730 0.245882407 0.022028010 0.969049335 9.498171806
0.966913223 -0.012935757 -0.254777879 -1.575873613 0.006023841 0.999592841 -0.027890803 -0.157502204 0.255034953 0.025433240 0.966597319 10.043656349
0.964612663 -0.015672212 -0.263205349 -1.730456352 0.008093847 0.999521554 -0.029852308 -0.175263882 0.263547361 0.026665566 0.964277864 10.601406097
0.961928844 -0.018611420 -0.272665441 -1.882720947 0.010106526 0.999418497 -0.032563124 -0.194519699 0.273113042 0.028567707 0.961557686 11.174970627
0.959771752 -0.018222889 -0.280189335 -2.064915657 0.008815024 0.999355316 -0.034800500 -0.218169436 0.280642956 0.030930664 0.959313750 11.756237984
0.957312584 -0.017481430 -0.288525641 -2.250906467 0.006658184 0.999238312 -0.038451176 -0.242793337 0.288978040 0.034888737 0.956699789 12.349552155
0.954915524 -0.018636350 -0.296291918 -2.442851067 0.005950010 0.999028683 -0.043661300 -0.273932159 0.296817780 0.039929926 0.954098940 12.945006371
0.953168929 -0.020069266 -0.301771492 -2.643340588 0.004963547 0.998699546 -0.050740600 -0.310636133 0.302397430 0.046866510 0.952029049 13.550563812
0.951848745 -0.021016799 -0.305846721 -2.845930815 0.002961887 0.998231232 -0.059377316 -0.343745291 0.306553692 0.055612337 0.950227320 14.158515930
0.950451314 -0.021233456 -0.310147107 -3.067782402 0.000065258 0.997678280 -0.068103567 -0.384251177 0.310873181 0.064708896 0.948246002 14.788655281
0.949071705 -0.020468824 -0.314394474 -3.276768684 -0.003943375 0.997037351 -0.076816656 -0.438192666 0.315035403 0.074144281 0.946179330 15.421735764
0.947535694 -0.020495776 -0.318992227 -3.507174015 -0.006706179 0.996448100 -0.083943464 -0.490392447 0.319579631 0.081678636 0.944032550 16.072061539
0.946155250 -0.017750712 -0.323226184 -3.747998238 -0.012348166 0.995789528 -0.090831950 -0.546329200 0.323477596 0.089932375 0.941952348 16.709764481
0.944124043 -0.017366238 -0.329132915 -3.972750187 -0.015422591 0.995189250 -0.096749753 -0.612362623 0.329229742 0.096419834 0.939314127 17.375411987
0.942485750 -0.015612958 -0.333881468 -4.227078438 -0.019581107 0.994613945 -0.101783931 -0.688075542 0.333672345 0.102467686 0.937103629 18.045124054
0.940847218 -0.012748078 -0.338591188 -4.497948647 -0.024376879 0.994155705 -0.105166644 -0.761016607 0.337953061 0.107199550 0.935037971 18.727846146
0.939071655 -0.011151689 -0.343540579 -4.767742157 -0.027255243 0.993910491 -0.106765889 -0.837654829 0.342639148 0.109624095 0.933049262 19.416070938
0.937070429 -0.011007949 -0.348966867 -5.046749115 -0.027740564 0.993995547 -0.105845891 -0.920947909 0.348036647 0.108865611 0.931138456 20.101613998
0.934610665 -0.010130942 -0.355528176 -5.333991051 -0.028970528 0.994104326 -0.104485035 -1.004060626 0.354490668 0.107952677 0.928807080 20.830612183
0.932126880 -0.010284740 -0.361985654 -5.622120857 -0.028986190 0.994270325 -0.102889754 -1.085901737 0.360969692 0.106398910 0.926488042 21.536869049
0.928695381 -0.008963638 -0.370735496 -5.897596359 -0.030204171 0.994558215 -0.099708125 -1.169428825 0.369611800 0.103796206 0.923370719 22.240772247
0.925298393 -0.007009197 -0.379175156 -6.214092255 -0.031170974 0.995040536 -0.094460018 -1.246111512 0.377956748 0.099222966 0.920490921 22.989429474
0.921663702 -0.003737468 -0.387971729 -6.533945084 -0.033447828 0.995465577 -0.089048162 -1.323992133 0.386545300 0.095049269 0.917359471 23.728796005
0.917847872 0.000021392 -0.396932393 -6.860857964 -0.036918696 0.995669782 -0.085315399 -1.400544047 0.395211756 0.092960782 0.913874149 24.473747253
0.913779616 0.001125725 -0.406208605 -7.204206467 -0.038357478 0.995766938 -0.083526909 -1.477139592 0.404395014 0.091906309 0.909954846 25.229116440
0.909883976 0.000935388 -0.414861739 -7.572492599 -0.039008949 0.995759845 -0.083310142 -1.544958830 0.413024813 0.091985881 0.906062424 25.994981766
0.905853450 0.001376162 -0.423588991 -7.927164078 -0.040053308 0.995792508 -0.082419626 -1.616777182 0.421693325 0.091626257 0.902097225 26.753479004
0.901679277 0.002069340 -0.432400316 -8.307948112 -0.041127656 0.995865464 -0.080997095 -1.686645746 0.430444896 0.090817019 0.898036420 27.537147522
0.897683978 0.001340968 -0.440637559 -8.689882278 -0.040187702 0.996076882 -0.078840621 -1.759128213 0.438803256 0.088482201 0.894216239 28.323440552
0.893713713 0.001713983 -0.448634505 -9.101199150 -0.039556034 0.996399283 -0.074991956 -1.831058025 0.446890503 0.084767528 0.890563488 29.115701675
0.890024364 0.004401971 -0.455891728 -9.525739670 -0.040343247 0.996791065 -0.069136225 -1.901643157 0.454124480 0.079925060 0.887345910 29.910591125
0.885921419 0.004476935 -0.463813633 -9.947150230 -0.039191555 0.997100055 -0.065234594 -1.966208935 0.462176502 0.075970307 0.883527815 30.711242676
0.882377684 0.003769083 -0.470526755 -10.389391899 -0.037820328 0.997300744 -0.062935643 -2.036398172 0.469019502 0.073328495 0.880138338 31.516027451
0.878933966 0.002896328 -0.476934731 -10.830604553 -0.037071034 0.997371197 -0.062260672 -2.094137907 0.475500643 0.072403498 0.876730800 32.333984375
0.875744879 0.003200620 -0.482763529 -11.308222771 -0.036913909 0.997494519 -0.060349580 -2.153380632 0.481360883 0.070671521 0.873668849 33.173118591
0.872622550 0.002203731 -0.488390237 -11.785211563 -0.035358001 0.997650862 -0.058673643 -2.221916199 0.487113595 0.068468451 0.870650470 34.017761230
0.870640814 0.001693100 -0.491916388 -12.313823700 -0.035039969 0.997667313 -0.058583286 -2.288018703 0.490669757 0.068241730 0.868669271 34.876995087
0.868341446 -0.001913108 -0.495963156 -12.864106178 -0.031993393 0.997693777 -0.059863079 -2.321519613 0.494933873 0.067849144 0.866277635 35.774501801
0.867702007 -0.002496575 -0.497078478 -13.447105408 -0.032381285 0.997579515 -0.061535224 -2.360656023 0.496028930 0.069490276 0.865520895 36.670204163
0.866942346 -0.000680828 -0.498408020 -13.936691284 -0.033516139 0.997655749 -0.059661552 -2.445866108 0.497280240 0.068427823 0.864887238 37.534877777
0.866965234 -0.000633136 -0.498368293 -14.438568115 -0.032653645 0.997778356 -0.058072116 -2.509913921 0.497297734 0.066620059 0.865018308 38.399230957
0.866025388 -0.002085705 -0.499995500 -14.948392868 -0.030856751 0.997862279 -0.057608474 -2.576486588 0.499046832 0.065318644 0.864109814 39.303596497
0.865197361 -0.003843074 -0.501416743 -15.476421356 -0.029606130 0.997834563 -0.058733355 -2.638106346 0.500556707 0.065660968 0.863210082 40.203395844
0.864409149 -0.005775921 -0.502755761 -16.020254135 -0.027622707 0.997878253 -0.058957044 -2.709593058 0.502029479 0.064850487 0.862415612 41.108230591
0.862327576 -0.006511745 -0.506308854 -16.544651031 -0.025978301 0.998031497 -0.057081234 -2.776119947 0.505683780 0.062375780 0.860460997 42.032382965
0.859885335 -0.006190388 -0.510449708 -17.085128784 -0.024335580 0.998292565 -0.053101473 -2.843992949 0.509906888 0.058083273 0.858266473 42.952728271
0.856820643 -0.006672293 -0.515571415 -17.640756607 -0.021777438 0.998555720 -0.049114477 -2.910300970 0.515154481 0.053310126 0.855437815 43.869476318
0.852932990 -0.006757384 -0.521976709 -18.207263947 -0.020825237 0.998679757 -0.046958022 -2.976949930 0.521604896 0.050922334 0.851666152 44.775993347
0.847490966 -0.010280658 -0.530710280 -18.775032043 -0.019149167 0.998569489 -0.049923096 -3.032247543 0.530464351 0.052472021 0.846081734 45.679309845
0.841147244 -0.013765425 -0.540630817 -19.343730927 -0.017630942 0.998446643 -0.052853551 -3.102305889 0.540518522 0.053989451 0.839598000 46.568119049
0.835058630 -0.014122562 -0.549979568 -19.938344955 -0.017703339 0.998463154 -0.052518643 -3.159975290 0.549875855 0.053592633 0.833525240 47.454799652
0.829302311 -0.010549353 -0.558700621 -20.560459137 -0.019083813 0.998703897 -0.047184378 -3.226177931 0.558474243 0.049792238 0.828026116 48.352073669
0.823807895 -0.006124305 -0.566835940 -21.166912079 -0.021988546 0.998843789 -0.042748794 -3.289674282 0.566442430 0.047680687 0.822720706 49.239173889
0.819818795 -0.006268632 -0.572588682 -21.789323807 -0.023402749 0.998737752 -0.044441551 -3.347122908 0.572144568 0.049834173 0.818637371 50.107368469
0.816218495 -0.008577342 -0.577679574 -22.409423828 -0.023876566 0.998534679 -0.048561983 -3.411146641 0.577249706 0.053430196 0.814817667 50.976207733
0.813252628 -0.010999774 -0.581806839 -23.041206360 -0.026483329 0.998085737 -0.055888567 -3.471684217 0.581307828 0.060859699 0.811404526 51.837944031
0.809559166 -0.012293059 -0.586909652 -23.675310135 -0.026513020 0.997994721 -0.057474386 -3.538801908 0.586439312 0.062089652 0.807610035 52.713584900
0.806452811 -0.010279184 -0.591209114 -24.319799423 -0.026148908 0.998250663 -0.053025350 -3.615549803 0.590719998 0.058221918 0.804773331 53.570606232
0.803074419 -0.007756814 -0.595828235 -24.967521667 -0.026024321 0.998504639 -0.048075400 -3.678992987 0.595310152 0.054114148 0.801671684 54.436004639
0.800110579 -0.005659352 -0.599825859 -25.623565674 -0.026785040 0.998621047 -0.045150675 -3.738895178 0.599254251 0.052191891 0.798855662 55.282405853
0.796726465 -0.005051830 -0.604319036 -26.269327164 -0.028361324 0.998550773 -0.045738641 -3.797980309 0.603674233 0.053580470 0.795428634 56.129646301
0.793233871 -0.006132495 -0.608886242 -26.932670593 -0.028664956 0.998464584 -0.047399830 -3.859155416 0.608242035 0.055052847 0.791840136 56.975212097
0.789104700 -0.009482932 -0.614185512 -27.591093063 -0.026769891 0.998399913 -0.049809061 -3.924390316 0.613675117 0.055746242 0.787588239 57.823535919
0.784905255 -0.010403093 -0.619528472 -28.269866943 -0.026529051 0.998377860 -0.050375424 -3.985465050 0.619047642 0.055975433 0.783356071 58.665660858
0.779989779 -0.011192259 -0.625692070 -28.951839447 -0.025512051 0.998440266 -0.049663290 -4.048655033 0.625271976 0.054699555 0.778487504 59.520896912
0.775341749 -0.010246933 -0.631458819 -29.653888702 -0.026237572 0.998482585 -0.048418794 -4.119790077 0.630996525 0.054109056 0.773896217 60.348808289
0.770016789 -0.011100344 -0.637926996 -30.356618881 -0.026737580 0.998408735 -0.049646836 -4.181523800 0.637463152 0.055285525 0.768494725 61.184680939
0.764600098 -0.012886440 -0.644376159 -31.063987732 -0.025884943 0.998379350 -0.050680321 -4.246161461 0.643985033 0.055429820 0.763027430 62.010704041
0.758385777 -0.013978671 -0.651655972 -31.771236420 -0.025669625 0.998353899 -0.051289536 -4.315622807 0.651300311 0.055625010 0.756778479 62.847496033
0.752702236 -0.015511722 -0.658178329 -32.505119324 -0.024965575 0.998330832 -0.052079313 -4.386419773 0.657887578 0.055632029 0.751058578 63.666446686
0.746774197 -0.017288344 -0.664852858 -33.251121521 -0.024273723 0.998287499 -0.053223409 -4.456752777 0.664634407 0.055884324 0.745075822 64.496582031
0.740595341 -0.019295553 -0.671674252 -34.005729675 -0.022397093 0.998323381 -0.053374682 -4.523246765 0.671577752 0.054572586 0.738921404 65.320816040
0.733934999 -0.018930133 -0.678955793 -34.767707825 -0.021582445 0.998456836 -0.051168334 -4.598307610 0.678876579 0.052207764 0.732393920 66.149520874
0.727292359 -0.019720005 -0.686044276 -35.552719116 -0.020609519 0.998508871 -0.050550293 -4.661789894 0.686018288 0.050903887 0.725801587 66.971115112
0.720616043 -0.021699851 -0.692994714 -36.320716858 -0.019384174 0.998488843 -0.051422626 -4.733650684 0.693063319 0.050489098 0.719106436 67.773773193
0.714683473 -0.023159215 -0.699064493 -37.117813110 -0.019822698 0.998379529 -0.053340770 -4.796866894 0.699167073 0.051979110 0.713066339 68.556068420
0.708587945 -0.022051742 -0.705277860 -37.912128448 -0.021791078 0.998350978 -0.053108536 -4.867825985 0.705285966 0.053000845 0.706938922 69.345870972
0.702688932 -0.021671120 -0.711167097 -38.721012115 -0.021901758 0.998403668 -0.052064624 -4.937916756 0.711160004 0.052161053 0.701092482 70.145416260
0.698008955 -0.021033019 -0.715780079 -39.550785065 -0.023349296 0.998368680 -0.052106399 -5.008653641 0.715708256 0.053083703 0.696379066 70.927635193
0.693145454 -0.021937998 -0.720463812 -40.389316559 -0.023722317 0.998300970 -0.053220920 -5.076615810 0.720407248 0.053980917 0.691447377 71.719573975
0.687785447 -0.024182716 -0.725511134 -41.234172821 -0.023948612 0.998144925 -0.055973459 -5.148189068 0.725518882 0.055872712 0.685930431 72.512008667
0.682594001 -0.026590701 -0.730314016 -42.085777283 -0.023332193 0.998035371 -0.058146060 -5.223281860 0.730425239 0.056729961 0.680632412 73.302505493
0.677790046 -0.027032075 -0.734758317 -42.949863434 -0.024159733 0.997965455 -0.059002124 -5.300486565 0.734858334 0.057742614 0.675758064 74.077964783
0.672679543 -0.026780346 -0.739449143 -43.822929382 -0.023344245 0.998079181 -0.057383403 -5.378710747 0.739565611 0.055862512 0.670762300 74.864830017
0.667163670 -0.026872221 -0.744426310 -44.696601868 -0.022713093 0.998150527 -0.056386869 -5.457108498 0.744564831 0.054527499 0.665319443 75.648933411
0.661787033 -0.028068205 -0.749166250 -45.585327148 -0.021964928 0.998143971 -0.056799423 -5.536474228 0.749370039 0.054044515 0.659942210 76.428054810
0.657261491 -0.029002683 -0.753104329 -46.487030029 -0.020975744 0.998168170 -0.056746602 -5.616172791 0.753370643 0.053094283 0.655449212 77.201431274
0.652179599 -0.030278618 -0.757459700 -47.382801056 -0.019881094 0.998175144 -0.057018753 -5.689105034 0.757803738 0.052245583 0.650387347 77.978805542
0.648095071 -0.030811185 -0.760935903 -48.290092468 -0.018670579 0.998238087 -0.056321714 -5.772173882 0.761330545 0.050708950 0.646377921 78.747734070
0.643791914 -0.033831477 -0.764452219 -49.203079224 -0.016001670 0.998208463 -0.057652537 -5.848650455 0.765033126 0.049348760 0.642097175 79.516662598
0.639398754 -0.038530063 -0.767909229 -50.120666504 -0.013277031 0.998041391 -0.061132126 -5.925023556 0.768760502 0.049283355 0.637634933 80.279830933
0.634609520 -0.042572405 -0.771659613 -51.043373108 -0.009319953 0.997987330 -0.062723599 -6.006296635 0.772776723 0.046996813 0.632935405 81.033691406
0.627774596 -0.046132360 -0.777026832 -51.983306885 -0.004513390 0.998009741 -0.062898636 -6.090734005 0.778382123 0.042993192 0.626317024 81.795234680
0.619188309 -0.049804043 -0.783661485 -52.924423218 0.000323649 0.998002708 -0.063170351 -6.177947044 0.785242319 0.038860720 0.617967784 82.543960571
0.610606909 -0.050842732 -0.790300071 -53.894065857 0.002712668 0.998065412 -0.062113117 -6.260879040 0.791929185 0.035782877 0.609563589 83.275718689
0.601449490 -0.049402576 -0.797381759 -54.878211975 0.003131951 0.998224378 -0.059483618 -6.346673965 0.798904717 0.033279032 0.600536406 84.013610840
0.592050612 -0.049619734 -0.804371774 -55.861961365 0.002672512 0.998218060 -0.059610568 -6.426199913 0.805896342 0.033142775 0.591128290 84.739143372
0.582475781 -0.050800160 -0.811259151 -56.863357544 0.001455446 0.998108745 -0.061455492 -6.509367466 0.812846839 0.034615587 0.581448138 85.448814392
0.573076010 -0.053091057 -0.817780614 -57.886161804 0.002353982 0.998001814 -0.063141577 -6.599541187 0.819498718 0.034259889 0.572055936 86.140541077
0.562993288 -0.054774955 -0.824644327 -58.911582947 0.002563437 0.997912169 -0.064533755 -6.685792923 0.826457441 0.034218147 0.561958373 86.835098267
0.552471220 -0.055868644 -0.831657529 -59.938163757 0.005513435 0.997974455 -0.063378796 -6.771539688 0.833513737 0.030429674 0.551660120 87.523910522
0.542439044 -0.056062162 -0.838222504 -60.991847992 0.006156266 0.998009384 -0.062765151 -6.856228352 0.840072691 0.028885949 0.541704357 88.191390991
0.531690955 -0.056557868 -0.845047891 -62.030715942 0.006713128 0.998017848 -0.062572137 -6.957212925 0.846911848 0.027596122 0.531016707 88.852539062
0.521639347 -0.057660766 -0.851215243 -63.111206055 0.006311632 0.997946978 -0.063732401 -7.047484875 0.853142619 0.027872765 0.520932555 89.504516602
0.511744797 -0.057943016 -0.857181370 -64.199737549 0.004553540 0.997892022 -0.064736150 -7.138275146 0.859125435 0.029225182 0.510929883 90.138175964
0.501879573 -0.059121236 -0.862914622 -65.288307190 0.003398986 0.997788310 -0.066385016 -7.231370926 0.864930809 0.030384254 0.500970483 90.760742188
0.492152452 -0.058656465 -0.868530571 -66.390899658 0.002087733 0.997803926 -0.066203959 -7.329359531 0.870506525 0.030769182 0.491194099 91.383026123
0.483419806 -0.056365799 -0.873572111 -67.505393982 0.000957896 0.997958302 -0.063861534 -7.426737309 0.875388145 0.030035144 0.482486755 91.988418579
0.475468725 -0.055049598 -0.878008544 -68.636207581 0.001711946 0.998096228 -0.061651807 -7.516721725 0.879730940 0.027810408 0.474657863 92.595001221
0.467895716 -0.055131990 -0.882062316 -69.760200500 0.001252403 0.998092711 -0.061719943 -7.609581470 0.883782804 0.027773801 0.467072308 93.182754517
0.460135520 -0.058266249 -0.885934711 -70.892967224 0.003169421 0.997945726 -0.063986868 -7.703919888 0.887843013 0.026634730 0.459374934 93.771911621
0.452934623 -0.061918575 -0.889391005 -72.029151917 0.006624212 0.997791469 -0.066091843 -7.800827980 0.891519129 0.024043772 0.452344477 94.351028442
0.446693510 -0.064339936 -0.892370582 -73.172050476 0.006740937 0.997624516 -0.068554454 -7.897401333 0.894661546 0.024607414 0.446066171 94.920791626
0.440768301 -0.068039410 -0.895038545 -74.314315796 0.009044600 0.997409225 -0.071367376 -8.001105309 0.897575378 0.023361221 0.440241635 95.488716125
0.436186045 -0.069052674 -0.897203147 -75.469718933 0.011569284 0.997399271 -0.071139663 -8.103204727 0.899782121 0.020650133 0.435850561 96.047729492
0.432549298 -0.065576270 -0.899222374 -76.623519897 0.012824940 0.997698009 -0.066588543 -8.220689774 0.901519060 0.017270355 0.432394624 96.583908081
0.428197622 -0.063507468 -0.901450753 -77.776329041 0.015932156 0.997903049 -0.062734626 -8.321588516 0.903544664 0.012500772 0.428311497 97.141021729
0.424916416 -0.063216269 -0.903022587 -78.906501770 0.017225932 0.997942626 -0.061755508 -8.417203903 0.905068696 0.010685526 0.425131172 97.678520203
0.422192812 -0.063336737 -0.904290736 -80.047935486 0.018980136 0.997955024 -0.061035626 -8.506493568 0.906307340 0.008605243 0.422531545 98.206115723
0.420158774 -0.062441099 -0.905299783 -81.180511475 0.020612152 0.998029113 -0.059270602 -8.600307465 0.907216489 0.006242885 0.420617819 98.720565796
0.417386562 -0.061528727 -0.906643629 -82.318527222 0.022142844 0.998097539 -0.057541400 -8.692304611 0.908459246 0.003941339 0.417954892 99.247985840
0.415166885 -0.062546909 -0.907592595 -83.435409546 0.024980428 0.998041391 -0.057353240 -8.785074234 0.909402251 0.001139115 0.415916175 99.763351440
0.412311614 -0.062837996 -0.908873200 -84.556045532 0.027065374 0.998023152 -0.056723427 -8.871258736 0.910640776 -0.001211266 0.413197279 100.281494141
0.410662532 -0.061864343 -0.909686387 -85.672355652 0.030397607 0.998069882 -0.054152492 -8.959474564 0.911280572 -0.005413887 0.411750555 100.776817322
0.408390552 -0.061829314 -0.910710871 -86.774650574 0.032147277 0.998058617 -0.053343643 -9.033199310 0.912241042 -0.007491827 0.409585357 101.276229858
0.406590194 -0.063522130 -0.911399662 -87.880371094 0.034995619 0.997930706 -0.053941000 -9.114960670 0.912940145 -0.009963113 0.407971829 101.772880554
0.405463189 -0.064374544 -0.911841810 -88.954818726 0.036393870 0.997863054 -0.054264475 -9.203765869 0.913386583 -0.011183206 0.406939685 102.242736816
0.405204833 -0.065671615 -0.911864102 -90.047676086 0.036342394 0.997785270 -0.055710122 -9.286005974 0.913503289 -0.010565313 0.406694084 102.721374512
0.405984044 -0.066149920 -0.911482930 -91.096069336 0.035436191 0.997766256 -0.056628194 -9.374932289 0.913192868 -0.009309336 0.407421350 103.180740356
0.408905834 -0.065723270 -0.910206795 -92.142189026 0.033115312 0.997814953 -0.057172295 -9.459364891 0.911975443 -0.006763701 0.410188854 103.630401611
0.413678616 -0.065602295 -0.908056378 -93.185783386 0.030974533 0.997837186 -0.057977591 -9.546502113 0.909895897 -0.004142534 0.414815933 104.092742920
0.417932779 -0.066644199 -0.906030238 -94.207962036 0.030426670 0.997772992 -0.059357267 -9.626584053 0.907968283 -0.002760137 0.419029802 104.571182251
0.423190832 -0.066606164 -0.903589010 -95.211044312 0.029754896 0.997777879 -0.059613582 -9.712910652 0.905551851 -0.001658275 0.424232364 105.047775269
0.430128098 -0.065810487 -0.900365889 -96.207237244 0.028811984 0.997831941 -0.059170350 -9.789413452 0.902307987 -0.000490499 0.431091785 105.522933960
0.438075691 -0.064487472 -0.896622002 -97.204055786 0.027751455 0.997918248 -0.058214046 -9.875875473 0.898509622 0.000619595 0.438953459 106.008789062
0.447211266 -0.063835695 -0.892147481 -98.209106445 0.027257854 0.997959435 -0.057743143 -9.955524445 0.894012928 0.001505364 0.448038667 106.501708984
0.457187563 -0.063742153 -0.887083113 -99.202552795 0.026648616 0.997962296 -0.057975229 -10.033130646 0.888970971 0.002866017 0.457954645 107.000846863
0.466362268 -0.064470254 -0.882241368 -100.173385620 0.025891799 0.997908175 -0.059235975 -10.116244316 0.884214818 0.004782607 0.467056036 107.517379761
0.477140874 -0.065405048 -0.876389742 -101.136886597 0.023560869 0.997820318 -0.061639961 -10.198503494 0.878510833 0.008762450 0.477641970 108.032501221
0.488739371 -0.066006310 -0.869929314 -102.090675354 0.021757938 0.997745872 -0.063480496 -10.281484604 0.872158468 0.012097554 0.489073813 108.563133240
0.501129448 -0.064843617 -0.862939477 -103.034851074 0.020263094 0.997794449 -0.063209727 -10.361960411 0.865135074 0.014190433 0.501338184 109.100723267
0.514146805 -0.062431548 -0.855426848 -103.968025208 0.019267175 0.997936368 -0.061251931 -10.444695473 0.857485592 0.015010827 0.514288902 109.644973755
0.527227223 -0.059327494 -0.847650707 -104.894721985 0.017873956 0.998113215 -0.058741074 -10.531649590 0.849536300 0.015819028 0.527292907 110.202346802
0.538928628 -0.059008241 -0.840282083 -105.821380615 0.018022709 0.998122752 -0.058533326 -10.608007431 0.842158616 0.016401131 0.538980424 110.793624878
0.550353348 -0.060104396 -0.832765639 -106.710052490 0.019048724 0.998049736 -0.059444882 -10.689703941 0.834714532 0.016852563 0.550424993 111.383697510
0.561846554 -0.060253009 -0.825044215 -107.577201843 0.018569883 0.998011172 -0.060238902 -10.773679733 0.827032983 0.018524043 0.561848104 111.962097168
0.572694600 -0.062285189 -0.817399204 -108.441993713 0.021124670 0.997899592 -0.061238594 -10.851353645 0.819496572 0.017803721 0.572807431 112.562538147
0.583561122 -0.062091302 -0.809691966 -109.285163879 0.021499509 0.997904539 -0.061029255 -10.932428360 0.811784565 0.018206326 0.583673120 113.171524048
0.594403207 -0.059586614 -0.801956534 -110.115661621 0.020525126 0.998050272 -0.058943640 -11.012066841 0.803905189 0.018576028 0.594467342 113.773422241
0.604694247 -0.056735542 -0.794434488 -110.940528870 0.020959649 0.998247683 -0.055337425 -11.090966225 0.796181858 0.016811155 0.604823887 114.394561768
0.614697576 -0.054743089 -0.786860883 -111.735290527 0.019577863 0.998340249 -0.054161761 -11.166246414 0.788519859 0.017888045 0.614749074 115.011978149
0.625088274 -0.054792829 -0.778628528 -112.525733948 0.017922925 0.998277664 -0.055861093 -11.229643822 0.780348241 0.020962818 0.624993742 115.632301331
0.634793103 -0.054575786 -0.770752370 -113.290710449 0.016753254 0.998240113 -0.056885824 -11.302959442 0.772500515 0.023198109 0.634590268 116.255203247
0.643878937 -0.053960297 -0.763222218 -114.042839050 0.016497148 0.998257160 -0.056659888 -11.371568680 0.764949501 0.023891125 0.643647015 116.886604309
0.653202474 -0.052365329 -0.755370378 -114.791328430 0.016535837 0.998354256 -0.054910690 -11.440300941 0.757002711 0.023377115 0.652993441 117.533638000
0.661601126 -0.050642304 -0.748143911 -115.526550293 0.016598547 0.998461425 -0.052907974 -11.506923676 0.749672234 0.022585863 0.661423802 118.187759399
0.669885933 -0.049662437 -0.740801394 -116.243537903 0.016784471 0.998518407 -0.051761758 -11.577616692 0.742274284 0.022240521 0.669726849 118.837623596
0.677854538 -0.049581174 -0.733522415 -116.954261780 0.016291065 0.998491287 -0.052436575 -11.637468338 0.735015512 0.023594510 0.677639484 119.483360291
0.685368538 -0.048211925 -0.726598680 -117.643852234 0.015283146 0.998538435 -0.051839989 -11.700727463 0.728035986 0.024424788 0.685103655 120.131240845
0.692603171 -0.045622252 -0.719874382 -118.329803467 0.014735853 0.998684466 -0.049114298 -11.762487411 0.721168280 0.023408759 0.692364395 120.789619446
0.700184524 -0.042846806 -0.712675095 -119.001869202 0.013801549 0.998823225 -0.046490703 -11.822574615 0.713828504 0.022716051 0.699952006 121.444831848
0.707898796 -0.041525450 -0.705092132 -119.657066345 0.013426995 0.998881042 -0.045347307 -11.884344101 0.706186235 0.022634039 0.707664251 122.091758728
0.715344965 -0.040637434 -0.697588861 -120.299201965 0.012889890 0.998905063 -0.044972364 -11.943272591 0.698652625 0.023178911 0.715085506 122.750274658
0.723305881 -0.037585463 -0.689504147 -120.922027588 0.010235216 0.998991430 -0.043718908 -11.996048927 0.690451920 0.024564914 0.722961068 123.395889282
0.732416272 -0.034930516 -0.679960489 -121.531761169 0.009629348 0.999114633 -0.040953703 -12.047054291 0.680788994 0.023447581 0.732104182 124.043754578
0.742149651 -0.030975701 -0.669518054 -122.127250671 0.007608599 0.999256372 -0.037797268 -12.096321106 0.670191050 0.022957135 0.741833508 124.696609497
0.752330124 -0.028977858 -0.658148646 -122.704460144 0.006363367 0.999305069 -0.036724795 -12.146268845 0.658755541 0.023441123 0.751991749 125.349929810
0.762289286 -0.027829429 -0.646637917 -123.264450073 0.004605161 0.999283254 -0.037577461 -12.196336746 0.647220075 0.025667029 0.761870980 126.007232666
0.772312820 -0.029163359 -0.634572625 -123.802795410 0.005184449 0.999201715 -0.039611012 -12.239110947 0.635221243 0.027302183 0.771847486 126.665046692
0.782433808 -0.027697442 -0.622117519 -124.340057373 0.004412558 0.999232054 -0.038937386 -12.288242340 0.622718155 0.027720800 0.781955063 127.333190918
0.792788684 -0.025964752 -0.608943284 -124.854766846 0.004120851 0.999297619 -0.037244115 -12.333486557 0.609482646 0.027017348 0.792338908 128.006195068
0.803105533 -0.022898590 -0.595396519 -125.351562500 0.003230035 0.999413908 -0.034079995 -12.385763168 0.595827878 0.025446683 0.802708864 128.668807983
0.812621772 -0.021902645 -0.582379639 -125.829376221 0.003921228 0.999476314 -0.032117717 -12.423473358 0.582778215 0.023815909 0.812282026 129.347488403
0.821709335 -0.020613704 -0.569533885 -126.302650452 0.005041206 0.999569476 -0.028905071 -12.464542389 0.569884539 0.020880425 0.821459472 130.041473389
0.830027759 -0.019583609 -0.557378173 -126.780960083 0.005500854 0.999622107 -0.026930274 -12.499994278 0.557695210 0.019286813 0.829821885 130.743835449
0.837323070 -0.019994333 -0.546342671 -127.238548279 0.007163521 0.999646485 -0.025604961 -12.537429810 0.546661437 0.017525887 0.837170303 131.451156616
0.844226360 -0.019838590 -0.535619557 -127.697357178 0.007407743 0.999651194 -0.025349818 -12.566425323 0.535935640 0.017433252 0.844078839 132.161071777
0.850931108 -0.019122861 -0.524928927 -128.150451660 0.006771383 0.999653339 -0.025440102 -12.596714973 0.525233626 0.018093277 0.850765824 132.903900146
0.857676387 -0.016889010 -0.513912380 -128.592056274 0.005048943 0.999688864 -0.024427120 -12.632538795 0.514165044 0.018355846 0.857494831 133.636291504
0.864181161 -0.015950078 -0.502927661 -129.031112671 0.004521566 0.999703288 -0.023935627 -12.665552139 0.503160417 0.018410699 0.863996923 134.377960205
0.870011866 -0.016623966 -0.492750436 -129.452194214 0.005470675 0.999695361 -0.024067657 -12.695852280 0.493000418 0.018243469 0.869837761 135.132476807
0.875235558 -0.017765308 -0.483370572 -129.868331909 0.006408956 0.999663413 -0.025135962 -12.728126526 0.483654529 0.018901980 0.875054896 135.886352539
0.879675508 -0.018375158 -0.475219220 -130.282669067 0.007149532 0.999651313 -0.025418766 -12.758941650 0.475520670 0.018962665 0.879500329 136.648605347
0.883437753 -0.017671971 -0.468215227 -130.699371338 0.006851116 0.999668837 -0.024803946 -12.787609100 0.468498439 0.018704945 0.883266270 137.420822144
0.886548400 -0.015651338 -0.462371111 -131.115783691 0.006389824 0.999746501 -0.021589758 -12.815637589 0.462591738 0.016185893 0.886423647 138.216461182
0.889834404 -0.011791677 -0.456131101 -131.532287598 0.004447224 0.999842584 -0.017171655 -12.841309547 0.456261933 0.013251415 0.889746785 139.014419556
0.893381655 -0.008783734 -0.449212730 -131.944992065 0.002642798 0.999894261 -0.014295632 -12.870378494 0.449290782 0.011584274 0.893310368 139.811065674
0.896636426 -0.006321347 -0.442722291 -132.348846436 0.001040446 0.999925315 -0.012170098 -12.892008781 0.442766130 0.010451527 0.896576107 140.623260498
0.900076926 -0.004348393 -0.435709268 -132.761566162 0.000016147 0.999950469 -0.009946184 -12.912355423 0.435731024 0.008945295 0.900032520 141.456237793
0.903438151 -0.002884796 -0.428708792 -133.181228638 -0.000117950 0.999975562 -0.006977432 -12.924726486 0.428718477 0.006354243 0.903415799 142.327789307
0.907044053 -0.003336933 -0.421022564 -133.586181641 0.001172489 0.999984741 -0.005399669 -12.938323021 0.421034157 0.004404094 0.907034099 143.192993164
0.910778821 -0.003393405 -0.412880689 -133.987792969 0.001717473 0.999988735 -0.004430163 -12.952088356 0.412891060 0.003325787 0.910774350 144.068161011
0.914531589 -0.003694940 -0.404497564 -134.395858765 0.002139065 0.999988496 -0.004298306 -12.963943481 0.404508799 0.003065690 0.914528966 144.974990845
0.918516874 -0.006262330 -0.395332277 -134.792068481 0.004640911 0.999976456 -0.005057585 -12.977350235 0.395354569 0.002810775 0.918524265 145.891189575
0.922572136 -0.007846759 -0.385744810 -135.182312012 0.005960105 0.999963641 -0.006086527 -12.992265701 0.385778636 0.003316180 0.922585428 146.825637817
0.927045286 -0.009324480 -0.374833196 -135.558776855 0.006643442 0.999942422 -0.008444208 -13.003075600 0.374890327 0.005337982 0.927053809 147.762893677
0.932492018 -0.007324741 -0.361116648 -135.946777344 0.004254685 0.999947667 -0.009295887 -13.016528130 0.361165911 0.007131902 0.932474315 148.723602295
0.938726485 -0.003800483 -0.344642043 -136.320556641 0.001060053 0.999966323 -0.008139622 -13.034508705 0.344661295 0.007275539 0.938698888 149.699691772
0.945393503 -0.000098296 -0.325931162 -136.677383423 -0.001726209 0.999984443 -0.005308612 -13.051054955 0.325926632 0.005581353 0.945378602 150.706466675
0.952158034 0.003245024 -0.305588663 -137.029006958 -0.004619457 0.999982119 -0.003774639 -13.062088966 0.305570871 0.005005706 0.952156126 151.735763550
0.958596528 0.004404562 -0.284733713 -137.339126587 -0.005451999 0.999980986 -0.002886170 -13.076543808 0.284715593 0.004319040 0.958602309 152.781494141
0.964786112 0.006275644 -0.262960762 -137.631408691 -0.006847878 0.999975741 -0.001259684 -13.095824242 0.262946397 0.003016049 0.964805722 153.815277100
0.970279396 0.006744049 -0.241893470 -137.896881104 -0.006699286 0.999977052 0.001007533 -13.096426010 0.241894677 0.000642925 0.970302284 154.888870239
0.975559235 0.008923587 -0.219555303 -138.155075073 -0.008153458 0.999957025 0.004413567 -13.103283882 0.219585255 -0.002515562 0.975590050 155.988265991
0.980323136 0.011451425 -0.197067022 -138.388519287 -0.009985815 0.999914527 0.008429215 -13.108957291 0.197146729 -0.006295479 0.980353773 157.086914062
0.984589219 0.013378011 -0.174370512 -138.599731445 -0.011509829 0.999865055 0.011720747 -13.108225822 0.174503803 -0.009533145 0.984610498 158.204223633
0.988232136 0.015223015 -0.152202174 -138.780227661 -0.013586132 0.999838233 0.011788939 -13.112063408 0.152356997 -0.009582371 0.988278985 159.347549438
0.991427243 0.014707183 -0.129828930 -138.946731567 -0.013594787 0.999862850 0.009450305 -13.111769676 0.129950106 -0.007604293 0.991491377 160.506072998
0.993939579 0.015260787 -0.108863361 -139.083404541 -0.014386497 0.999857605 0.008812014 -13.112770081 0.108982354 -0.007192447 0.994017601 161.674545288
0.996011198 0.013759064 -0.088161156 -139.199310303 -0.012885896 0.999862134 0.010465732 -13.110063553 0.088293009 -0.009287949 0.996051252 162.863525391
0.997565508 0.014012754 -0.068312235 -139.286376953 -0.013208220 0.999838173 0.012214789 -13.108836174 0.068472363 -0.011282766 0.997589350 164.068115234
0.998757184 0.014821750 -0.047585789 -139.361206055 -0.014209598 0.999812186 0.013176767 -13.105355263 0.047772147 -0.012484213 0.998780251 165.290344238
0.999493301 0.016444134 -0.027253740 -139.405792236 -0.016079107 0.999778926 0.013558840 -13.096029282 0.027470674 -0.013113754 0.999536574 166.521087646
0.999830663 0.017233944 -0.006452898 -139.425140381 -0.017140305 0.999750912 0.014295532 -13.093672752 0.006697660 -0.014182508 0.999876916 167.759490967
0.999713063 0.019356290 0.014112222 -139.424743652 -0.019550785 0.999713957 0.013776567 -13.091492653 -0.013841517 -0.014048517 0.999805510 168.991165161
0.999188542 0.021110537 0.034301732 -139.389434814 -0.021554722 0.999687850 0.012631390 -13.088237762 -0.034024369 -0.013360507 0.999331713 170.265136719
0.998318136 0.021260787 0.053934392 -139.330459595 -0.021830536 0.999711633 0.009996587 -13.084529877 -0.053706307 -0.011157189 0.998494446 171.536560059
0.997067451 0.022951148 0.073005326 -139.250503540 -0.023571407 0.999692917 0.007645764 -13.089777946 -0.072807431 -0.009344180 0.997302234 172.814071655
0.995442629 0.023206007 0.092495687 -139.149124146 -0.023839522 0.999699235 0.005749989 -13.088885307 -0.092334434 -0.007928837 0.995696485 174.120025635
0.993466198 0.023602288 0.111659735 -139.020324707 -0.024057737 0.999706864 0.002733114 -13.099203110 -0.111562476 -0.005401538 0.993742764 175.434066772
0.991133928 0.024603667 0.130568832 -138.867263794 -0.024445970 0.999697208 -0.002810674 -13.108166695 -0.130598441 -0.000406127 0.991435409 176.749557495
0.988578141 0.026630117 0.148337886 -138.684753418 -0.025540335 0.999631047 -0.009246951 -13.128262520 -0.148529395 0.005352732 0.988893509 178.061553955
0.985675275 0.028790416 0.166179538 -138.475982666 -0.026797276 0.999539673 -0.014224106 -13.158480644 -0.166512549 0.009567189 0.985992908 179.393569946
0.982508123 0.030823102 0.183650628 -138.239227295 -0.027903698 0.999440074 -0.018460225 -13.192584991 -0.184116796 0.013012794 0.982818246 180.721664429
0.979061902 0.032823026 0.200898692 -137.976028442 -0.029150620 0.999349952 -0.021211842 -13.227972984 -0.201464280 0.014911385 0.979382336 182.045104980
0.975209951 0.032237560 0.218920797 -137.695541382 -0.028326230 0.999378502 -0.020982526 -13.274527550 -0.219461173 0.014261165 0.975516975 183.395141602
0.971228182 0.031544693 0.236052543 -137.384216309 -0.027077200 0.999387980 -0.022144455 -13.310423851 -0.236606628 0.015115676 0.971487939 184.733062744
0.967103362 0.031272151 0.252453864 -137.038269043 -0.025230212 0.999313235 -0.027135462 -13.357622147 -0.253129095 0.019873332 0.967228293 186.083282471
0.962513149 0.032405689 0.269291908 -136.682159424 -0.024849884 0.999197304 -0.031420674 -13.407533646 -0.270093948 0.023550943 0.962545812 187.433410645
0.957615077 0.034810901 0.285939693 -136.292846680 -0.026869684 0.999137759 -0.031650279 -13.463941574 -0.286794960 0.022625677 0.957724690 188.797958374
0.952102244 0.036689874 0.303570688 -135.878753662 -0.028249394 0.999083757 -0.032150503 -13.523842812 -0.304472059 0.022034872 0.952266335 190.165313721
0.946183145 0.040646683 0.321069062 -135.434402466 -0.030867478 0.998893142 -0.035492048 -13.581275940 -0.322156310 0.023671381 0.946390510 191.529541016
0.940110922 0.041204285 0.338368863 -134.957534790 -0.029554490 0.998781919 -0.039511871 -13.639488220 -0.339584798 0.027145220 0.940183640 192.910476685
0.933691323 0.042536311 0.355543107 -134.457061768 -0.029480824 0.998680055 -0.042060081 -13.712024689 -0.356862873 0.028789440 0.933712959 194.273696899
0.926860750 0.042942133 0.372941017 -133.932205200 -0.027358202 0.998521030 -0.046981640 -13.791046143 -0.374406844 0.033342443 0.926664829 195.628387451
0.918826163 0.046281125 0.391939491 -133.376556396 -0.027590767 0.998203218 -0.053188954 -13.873247147 -0.393696874 0.038057495 0.918452084 196.978393555
0.909274936 0.050218254 0.413155138 -132.789459229 -0.029522669 0.997975707 -0.056328442 -13.976519585 -0.415147513 0.039020594 0.908916891 198.324462891
0.897875667 0.053342637 0.437005371 -132.172531128 -0.031154808 0.997842550 -0.057789676 -14.065143585 -0.439145178 0.038273130 0.897600412 199.653533936
