1.000000000 0.000000000 0.000000000 0.000000000 0.000000000 1.000000000 0.000000000 0.000000000 0.000000000 0.000000000 1.000000000 0.000000000
0.999873102 0.001460869 0.015863437 0.009082445 -0.001442999 0.999998331 -0.001137925 0.001310481 -0.015865074 0.001114890 0.999873459 0.127198279
0.999293327 0.004195238 0.037352111 0.022392102 -0.004168396 0.999991000 -0.000796493 0.001971606 -0.037355125 0.000640232 0.999301791 0.266547531
0.997879207 0.006045764 0.064811185 0.044908889 -0.006105016 0.999981046 0.000716215 -0.001092136 -0.064805612 -0.001110369 0.997897267 0.421478897
0.995105743 0.005706897 0.098650470 0.090164579 -0.006043120 0.999976933 0.003109756 -0.002873519 -0.098630436 -0.003690693 0.995117307 0.593280673
0.990596116 0.002627318 0.136793345 0.150110453 -0.003386824 0.999980092 0.005319768 -0.006309461 -0.136776686 -0.005733036 0.990585327 0.779042900
0.984300315 -0.000292692 0.176501140 0.220919415 -0.000710229 0.999983907 0.005619033 -0.005483164 -0.176499933 -0.005656173 0.984284401 0.973009706
0.975396097 -0.000343736 0.220458910 0.300690502 -0.001159329 0.999976933 0.006688470 -0.002274243 -0.220456108 -0.006779493 0.975373328 1.180911899
0.963331580 -0.000243958 0.268313438 0.397469789 -0.002398644 0.999951780 0.009521087 0.001852185 -0.268302798 -0.009815552 0.963284612 1.398003817
0.948701024 -0.004344792 0.316145003 0.513350964 -0.000928124 0.999863029 0.016526297 0.000698844 -0.316173553 -0.015971936 0.948566854 1.620743513
0.931745172 -0.013757003 0.362852126 0.657919645 0.005282299 0.999689817 0.024337675 -0.000021316 -0.363074422 -0.020759821 0.931528807 1.840642333
0.910287201 -0.018665880 0.413556248 0.810117185 0.007551237 0.999565363 0.028494257 0.001867041 -0.413908392 -0.022815092 0.910032570 2.059232712
0.884882092 -0.020255733 0.465374351 0.977743745 0.005726291 0.999451578 0.032613598 0.003925689 -0.465779781 -0.026194321 0.884512901 2.284068823
0.856474638 -0.022115340 0.515715182 1.169201016 0.003578063 0.999312162 0.036911089 0.013613060 -0.516176760 -0.029768150 0.855964601 2.513832569
0.824171424 -0.026711976 0.565710008 1.381396770 0.004251687 0.999150693 0.040984191 0.022720195 -0.566324472 -0.031372778 0.823585153 2.732617855
0.787955821 -0.032367218 0.614880443 1.611647606 0.006244351 0.998986125 0.044584490 0.020445004 -0.615700126 -0.031291079 0.787358999 2.948835373
0.749824524 -0.036220457 0.660644591 1.870091677 0.006604766 0.998860478 0.047267124 0.027684599 -0.661603868 -0.031078646 0.749209225 3.169382572
0.709833384 -0.039368812 0.703268468 2.148319721 0.007971359 0.998821855 0.047868054 0.045462400 -0.704324543 -0.028372334 0.709311008 3.374566555
0.667569518 -0.041148871 0.743409514 2.451831579 0.007014006 0.998774886 0.048985284 0.061365336 -0.744514406 -0.027486807 0.667040288 3.594643116
0.625255764 -0.041650116 0.779307723 2.777907848 0.002731568 0.998685658 0.051183175 0.074412897 -0.780415118 -0.029873844 0.624547720 3.801717758
0.582922041 -0.041716654 0.811456442 3.140712976 -0.000788223 0.998651564 0.051906511 0.101055935 -0.812527597 -0.030897062 0.582103252 4.036866188
0.542725146 -0.042864215 0.838815808 3.527190447 -0.002660424 0.998604178 0.052750871 0.119959190 -0.839906037 -0.030860834 0.541853607 4.247212887
0.503440678 -0.044388462 0.862888813 3.927853823 -0.004768818 0.998521566 0.054147936 0.143577605 -0.864016533 -0.031375237 0.502484679 4.460530281
0.465794802 -0.044478893 0.883774161 4.377590179 -0.007528687 0.998500586 0.054220892 0.161244392 -0.884860635 -0.031909477 0.464761585 4.673262596
0.429088324 -0.043480311 0.902215421 4.847884178 -0.008545619 0.998600602 0.052189637 0.186419949 -0.903222024 -0.030103957 0.428116351 4.872412682
0.395199955 -0.042117108 0.917629123 5.337990284 -0.007273220 0.998773515 0.048973855 0.209498644 -0.918566346 -0.026028583 0.394408882 5.057261467
0.366230875 -0.040576160 0.929638863 5.861590862 -0.004722500 0.998954833 0.045462035 0.229719147 -0.930511951 -0.021039821 0.365656495 5.226418495
0.340015292 -0.038666729 0.939624667 6.401031971 -0.003688032 0.999091744 0.042448442 0.252829403 -0.940412700 -0.017898483 0.339563906 5.416841507
0.320100278 -0.037474837 0.946642160 6.988447666 -0.002860060 0.999174535 0.040521547 0.285374582 -0.947379410 -0.015678413 0.319728881 5.594061852
0.304870218 -0.038398568 0.951619506 7.574056625 -0.001713249 0.999163151 0.040865872 0.302214622 -0.952392340 -0.014089146 0.304549307 5.783907890
0.293828845 -0.040000312 0.955020666 8.208776474 -0.000863913 0.999112487 0.042112861 0.324384063 -0.955857635 -0.013199029 0.293533534 5.959293365
0.282790303 -0.041633349 0.958277762 8.856305122 -0.002028206 0.999029338 0.044002373 0.350229621 -0.959179521 -0.014387029 0.282431424 6.151897430
0.272563726 -0.043613587 0.961148739 9.526621819 -0.003258022 0.998924434 0.046251640 0.372021884 -0.962132215 -0.015737960 0.272128493 6.335744381
0.262166679 -0.045394357 0.963954270 10.229808807 -0.004326419 0.998827696 0.048213258 0.400501132 -0.965012908 -0.016810382 0.261662990 6.528572083
0.251674980 -0.046930820 0.966673255 10.944393158 -0.005318351 0.998741448 0.049872342 0.432954431 -0.967797220 -0.017692728 0.251108646 6.718038559
0.240964234 -0.048221085 0.969335318 11.690833092 -0.005188493 0.998686731 0.050971016 0.470509797 -0.970520198 -0.017311579 0.240397573 6.905180931
0.231426060 -0.049263246 0.971604407 12.436934471 -0.004572396 0.998650968 0.051723685 0.508857131 -0.972841680 -0.016412770 0.230888620 7.069499969
0.220996052 -0.051662266 0.973905385 13.203314781 -0.005988650 0.998505294 0.054326139 0.549397707 -0.975256324 -0.017838245 0.220356345 7.237788200
0.209453776 -0.055301283 0.976253510 13.989482880 -0.007540903 0.998278379 0.058166806 0.584223747 -0.977789402 -0.019545091 0.208676174 7.408989906
0.197042152 -0.059250537 0.978602946 14.779337883 -0.008388119 0.998033643 0.062115941 0.616962552 -0.980359137 -0.020448096 0.196157709 7.570881367
0.183586761 -0.061330847 0.981088519 15.581221581 -0.009360285 0.997897446 0.064133190 0.656392097 -0.982958972 -0.020957271 0.182626694 7.727006435
0.169606850 -0.061947484 0.983562946 16.382654190 -0.009900915 0.997865021 0.064555600 0.691123009 -0.985462070 -0.020687245 0.168631375 7.862827778
0.154765114 -0.060502887 0.986096919 17.186676025 -0.010995056 0.997955680 0.062956139 0.736750066 -0.987890065 -0.020585606 0.153783515 7.994346142
0.137964651 -0.059711363 0.988635540 18.003509521 -0.011893843 0.998009264 0.061937295 0.770390749 -0.990365744 -0.020303836 0.136979803 8.108421326
0.117876150 -0.058272120 0.991317034 18.827367783 -0.014632760 0.998066425 0.060408834 0.805039704 -0.992920399 -0.021626465 0.116795570 8.201962471
0.092051178 -0.056770016 0.994134605 19.655767441 -0.018781129 0.998096883 0.058735300 0.841319501 -0.995577157 -0.024077626 0.090809785 8.280720711
0.061683528 -0.056267560 0.996508420 20.487516403 -0.022666544 0.998073220 0.057758953 0.875678301 -0.997838378 -0.026150180 0.060289290 8.331830025
0.027959680 -0.056025315 0.998037636 21.323974609 -0.026008883 0.998049259 0.056754593 0.909461617 -0.999270618 -0.027544690 0.026447983 8.357930183
-0.006267081 -0.055610877 0.998432815 22.150167465 -0.027467705 0.998085320 0.055419102 0.937707484 -0.999602973 -0.027077341 -0.007782584 8.347124100
-0.040275976 -0.054321509 0.997710884 22.985614777 -0.028477047 0.998178005 0.053197362 0.965607822 -0.998782694 -0.026269287 -0.041749503 8.308762550
-0.073169552 -0.052159857 0.995954573 23.827348709 -0.030819964 0.998272717 0.050017010 0.994883180 -0.996843219 -0.027035562 -0.074650727 8.242476463
-0.105279207 -0.048922546 0.993238628 24.676921844 -0.033239871 0.998404145 0.045653686 1.024306059 -0.993887126 -0.028208738 -0.106737383 8.145243645
-0.138180494 -0.045374267 0.989367127 25.508583069 -0.030809686 0.998663425 0.041497566 1.036195397 -0.989927709 -0.024747934 -0.139393777 8.026279449
-0.169362798 -0.039028399 0.984780729 26.341651917 -0.025345322 0.999057591 0.035235319 1.056275249 -0.985227823 -0.018992035 -0.170192376 7.863718033
-0.199744359 -0.032605316 0.979305387 27.172712326 -0.018987948 0.999387383 0.029401045 1.070082784 -0.979664087 -0.012722305 -0.200241089 7.677590370
-0.228402123 -0.026768986 0.973198771 27.991456985 -0.012306876 0.999621451 0.024607448 1.076677799 -0.973489106 -0.006356644 -0.228645131 7.472537518
-0.255987376 -0.020523936 0.966462255 28.797718048 -0.003615330 0.999787927 0.020274051 1.077100992 -0.966673374 0.001695822 -0.256007284 7.230217934
-0.282215267 -0.010349602 0.959295273 29.608291626 0.002040144 0.999933004 0.011388225 1.069257855 -0.959348917 0.005171031 -0.282175332 6.977157116
-0.307634205 0.005031141 0.951491416 30.399932861 0.006306562 0.999974847 -0.003248479 1.054015517 -0.951483786 0.005001295 -0.307658255 6.707650185
-0.331947058 0.022400593 0.943032026 31.181697845 0.007495879 0.999749064 -0.021109296 1.032876968 -0.943268239 0.000061686 -0.332031667 6.420687675
-0.357329786 0.037194625 0.933237374 31.963397980 0.007578210 0.999289274 -0.036925513 1.002684593 -0.933947563 -0.006122318 -0.357357681 6.121757507
-0.381493360 0.047850069 0.923132300 32.732635498 0.011751479 0.998829722 -0.046917383 0.961917996 -0.924296916 -0.007050500 -0.381609201 5.788193703
-0.405235946 0.051386815 0.912766814 33.481101990 0.013672237 0.998647988 -0.050151762 0.908672094 -0.914109886 -0.007843733 -0.405390590 5.455662727
-0.427398980 0.051286329 0.902607203 34.237705231 0.017697131 0.998672903 -0.048364930 0.856104612 -0.903889835 -0.004697563 -0.427739412 5.081830978
-0.447615385 0.046812572 0.893000007 34.980991364 0.020693669 0.998903632 -0.041991528 0.803853869 -0.893986702 -0.000316610 -0.448093414 4.697361946
-0.465343088 0.045742184 0.883947670 35.711494446 0.028424736 0.998920977 -0.036727928 0.753768921 -0.884674013 0.008034890 -0.466141164 4.296353340
-0.479244649 0.046154328 0.876467049 36.421314240 0.030794432 0.998885751 -0.035762712 0.709104657 -0.877140880 0.009851213 -0.480132014 3.905879974
-0.490011036 0.050201830 0.870269477 37.124183655 0.034582693 0.998673856 -0.038136870 0.664916515 -0.871029973 0.011408776 -0.491097420 3.486210823
-0.500277758 0.052417099 0.864276946 37.818317413 0.034667380 0.998578131 -0.040495399 0.620150328 -0.865170717 0.009703275 -0.501383603 3.096937180
-0.510797620 0.051797275 0.858139217 38.509197235 0.028965242 0.998653471 -0.043037482 0.569268465 -0.859212935 0.002872765 -0.511610210 2.686750412
-0.522188663 0.050452437 0.851336479 39.202049255 0.028585207 0.998723149 -0.041653503 0.519093752 -0.852350831 0.002584639 -0.522964120 2.274988174
-0.530658960 0.051905788 0.845994651 39.878021240 0.030958818 0.998644173 -0.041852310 0.474607706 -0.847019792 0.003981687 -0.531546414 1.839555740
-0.537637830 0.054640926 0.841403544 40.578178406 0.033371322 0.998495102 -0.043518964 0.423167586 -0.842515230 0.004681304 -0.538652122 1.380609512
-0.541102707 0.057485260 0.838989437 41.272689819 0.034028910 0.998340607 -0.046456758 0.383638740 -0.840267599 0.003412013 -0.542160928 0.931049347
-0.540493071 0.059707478 0.839227080 41.980575562 0.034359608 0.998212993 -0.048889801 0.331906915 -0.840646565 0.002410915 -0.541578770 0.468681335
-0.537558556 0.059845228 0.841100097 42.715080261 0.035813790 0.998198628 -0.048133887 0.289706707 -0.842465520 0.004248200 -0.538733482 0.008998871
-0.532214165 0.059186228 0.844538391 43.456817627 0.033720169 0.998243749 -0.048708178 0.241791129 -0.845937967 0.002554801 -0.533275127 -0.441514969
-0.525099576 0.057753582 0.849078834 44.210105896 0.031317212 0.998330295 -0.048537884 0.192603111 -0.850464284 0.001103559 -0.526031435 -0.905401230
-0.517688096 0.057412982 0.853640854 44.974662781 0.031481616 0.998348534 -0.048053596 0.136078954 -0.854990005 0.001997223 -0.518640637 -1.366666794
-0.511471033 0.055578269 0.857501209 45.784515381 0.028361155 0.998454332 -0.047797550 0.080066562 -0.858832359 -0.000127338 -0.512256861 -1.843004227
-0.507257998 0.053228453 0.860148847 46.578613281 0.023525443 0.998574078 -0.047920864 0.029960871 -0.861473083 -0.004072864 -0.507786870 -2.293621063
-0.506128192 0.050594687 0.860973001 47.410640717 0.019164182 0.998691082 -0.047421854 -0.021452665 -0.862245262 -0.007501696 -0.506435335 -2.769729614
-0.506510317 0.047579128 0.860920072 48.259971619 0.015939919 0.998822451 -0.045822322 -0.082685351 -0.862086535 -0.009486485 -0.506672204 -3.264921188
-0.506970346 0.046871383 0.860688090 49.123649597 0.015949389 0.998859584 -0.045001280 -0.145182490 -0.861815929 -0.009086866 -0.507139742 -3.773660660
-0.507313967 0.045799505 0.860543430 49.985462189 0.015025720 0.998905063 -0.044305272 -0.197924614 -0.861630261 -0.009546399 -0.507446766 -4.272266388
-0.507727265 0.045385811 0.860321462 50.857139587 0.014762738 0.998923123 -0.043985285 -0.251959682 -0.861391366 -0.009631831 -0.507850468 -4.785406113
-0.507976174 0.044757254 0.860207498 51.743419647 0.014398373 0.998950779 -0.043473534 -0.303851724 -0.861250758 -0.009697935 -0.508087635 -5.302947998
-0.508030653 0.044448212 0.860191345 52.619113922 0.015354609 0.998976290 -0.042551111 -0.367169499 -0.861201942 -0.008409367 -0.508193135 -5.811391830
-0.508125842 0.042919468 0.860212743 53.512275696 0.013310132 0.999029636 -0.041983336 -0.422329903 -0.861179888 -0.009883272 -0.508204043 -6.334821701
-0.508058310 0.042055812 0.860295355 54.428520203 0.012738657 0.999064922 -0.041316632 -0.486643195 -0.861228645 -0.010032248 -0.508118868 -6.876848221
-0.507604122 0.041187383 0.860605359 55.321277618 0.011205664 0.999087989 -0.041205611 -0.543492556 -0.861517668 -0.011272484 -0.507602572 -7.397172928
-0.505876839 0.039846741 0.861684859 56.218910217 0.011464516 0.999154925 -0.039473172 -0.604999065 -0.862529576 -0.010089764 -0.505906045 -7.927278519
-0.503750920 0.038116612 0.863007605 57.096366882 0.011833400 0.999236822 -0.037226133 -0.652059793 -0.863767922 -0.008540381 -0.503817499 -8.442209244
-0.501632214 0.036640044 0.864304721 57.987979889 0.011970390 0.999300957 -0.035415404 -0.704970717 -0.864998162 -0.007419445 -0.501720130 -8.949155807
-0.498828828 0.036688123 0.865923584 58.878814697 0.013002552 0.999308109 -0.034849126 -0.764383554 -0.866603017 -0.006124530 -0.498960674 -9.471979141
-0.497135043 0.036830436 0.866891146 59.799755096 0.012679733 0.999300420 -0.035184495 -0.819404244 -0.867580533 -0.006499495 -0.497254252 -9.978847504
-0.496081799 0.037215039 0.867477953 60.687583923 0.012468085 0.999283373 -0.035739448 -0.876626968 -0.868186355 -0.006913899 -0.496190250 -10.487804413
-0.497236103 0.038656585 0.866753757 61.576713562 0.011699069 0.999214828 -0.037852775 -0.929345131 -0.867536485 -0.008681552 -0.497297913 -10.988838196
-0.499823481 0.040335361 0.865187585 62.447158813 0.010453827 0.999123216 -0.040540256 -0.991789579 -0.866064191 -0.011218450 -0.499806941 -11.487245560
-0.504738986 0.040731285 0.862310588 63.321464539 0.009080637 0.999081552 -0.041876473 -1.048958778 -0.863224208 -0.013306361 -0.504645288 -11.984558105
-0.509635389 0.039594896 0.859478951 64.184394836 0.011065372 0.999159575 -0.039468467 -1.109162092 -0.860319316 -0.010604072 -0.509645164 -12.511175156
-0.515018404 0.037155118 0.856373549 65.049697876 0.012515590 0.999279559 -0.035828531 -1.170283318 -0.857087851 -0.007734328 -0.515112340 -13.031047821
-0.520385742 0.034778535 0.853222787 65.937164307 0.009763350 0.999347329 -0.034780048 -1.222689152 -0.853875518 -0.009768731 -0.520385623 -13.559211731
-0.525345981 0.038154215 0.850032806 66.784179688 0.011799060 0.999224782 -0.037558608 -1.277450562 -0.850806892 -0.009701681 -0.525388956 -14.079874039
-0.530487657 0.039851289 0.846755385 67.625495911 0.012115184 0.999148667 -0.039433371 -1.327697754 -0.847606063 -0.010660315 -0.530518889 -14.601284027
-0.535408616 0.040679969 0.843612969 68.459861755 0.011089298 0.999091744 -0.041139398 -1.388484716 -0.844520330 -0.012671310 -0.535373569 -15.123846054
-0.538900614 0.040794227 0.841381013 69.289497375 0.009800334 0.999062657 -0.042162333 -1.443991899 -0.842312336 -0.014475494 -0.538795292 -15.652397156
-0.542096078 0.040382002 0.839345694 70.115730286 0.010790389 0.999096811 -0.041098803 -1.498427153 -0.840247333 -0.013222634 -0.542042136 -16.185510635
-0.544650197 0.033421684 0.837997079 70.952629089 0.011479046 0.999409020 -0.032398529 -1.549510002 -0.838584661 -0.008026459 -0.544712067 -16.721319199
-0.547020733 0.024628289 0.836756647 71.777366638 0.011149159 0.999692857 -0.022135347 -1.600763202 -0.837044716 -0.002779362 -0.547127366 -17.254606247
-0.548593521 0.023248646 0.835765898 72.592987061 0.012388722 0.999729574 -0.019677740 -1.647183895 -0.835997403 -0.000441009 -0.548733234 -17.791482925
-0.549334168 0.028137671 0.835128903 73.411376953 0.012216038 0.999596477 -0.025643507 -1.676678658 -0.835513473 -0.003884889 -0.549456239 -18.331422806
-0.550579131 0.034445640 0.834072113 74.208755493 0.014009623 0.999388933 -0.032025028 -1.719872475 -0.834665477 -0.005947275 -0.550725162 -18.853008270
-0.550392032 0.037742551 0.834052801 75.005432129 0.018522887 0.999283791 -0.032996316 -1.761027336 -0.834700763 -0.002711844 -0.550696969 -19.400295258
-0.550439000 0.039287854 0.833950520 75.804481506 0.022313060 0.999227643 -0.032346681 -1.809159994 -0.834577203 0.000803112 -0.550890446 -19.929283142
-0.550286770 0.036263432 0.834187865 76.612350464 0.020793339 0.999341786 -0.029726231 -1.844241858 -0.834716797 0.000987602 -0.550678611 -20.460285187
-0.549600005 0.031646475 0.834828317 77.416564941 0.019828351 0.999494791 -0.024834841 -1.884939551 -0.835192680 0.002904043 -0.549949884 -20.989299774
-0.549000382 0.024630927 0.835459113 78.212112427 0.015771201 0.999692976 -0.019109223 -1.918795347 -0.835673273 0.002685226 -0.549220383 -21.497253418
-0.547804058 0.019078558 0.836389005 79.014526367 0.008560344 0.999815464 -0.017199704 -1.968558550 -0.836562872 -0.002262291 -0.547866344 -22.022607803
-0.547269166 0.013956844 0.836840212 79.837112427 -0.000705834 0.999852836 -0.017137166 -1.979033709 -0.836956382 -0.009969314 -0.547178745 -22.517625809
-0.545101464 0.014816719 0.838239074 80.632408142 0.002940340 0.999871433 -0.015761647 -2.013195753 -0.838365078 -0.006126987 -0.545074940 -23.035957336
-0.542175889 0.017664289 0.840079248 81.429336548 0.006463205 0.999837041 -0.016852241 -2.050286293 -0.840240121 -0.003707276 -0.542201817 -23.553468704
-0.536498845 0.021545181 0.843626022 82.213577271 0.009468731 0.999764800 -0.019511193 -2.080732584 -0.843847930 -0.002479666 -0.536576688 -24.059444427
-0.528720558 0.024031807 0.848455667 83.010505676 0.015363010 0.999706447 -0.018742295 -2.118379593 -0.848656893 0.003125397 -0.528934479 -24.560731888
-0.520485878 0.027429154 0.853429615 83.807548523 0.022575507 0.999576569 -0.018358054 -2.154787302 -0.853571713 0.009711497 -0.520884752 -25.054603577
-0.511131108 0.026264299 0.859101415 84.608345032 0.019621208 0.999629140 -0.018886654 -2.185405731 -0.859278738 0.007203051 -0.511456847 -25.519325256
-0.500059366 0.024252627 0.865651429 85.422645569 0.017280007 0.999688208 -0.018025776 -2.208185434 -0.865818739 0.005944509 -0.500322521 -25.983016968
-0.488226444 0.021007856 0.872464061 86.244613647 0.017235240 0.999747336 -0.014427931 -2.237576008 -0.872546911 0.007993029 -0.488465160 -26.444156647
-0.476985097 0.020275362 0.878677487 87.068618774 0.017291764 0.999756932 -0.013682517 -2.271798611 -0.878741324 0.008667528 -0.477219760 -26.888801575
-0.465638280 0.019503817 0.884760201 87.894424438 0.018023379 0.999758780 -0.012553384 -2.300822735 -0.884791553 0.010101030 -0.465877473 -27.308525085
-0.453318179 0.020902403 0.891103685 88.716369629 0.019523008 0.999718010 -0.013518490 -2.327077866 -0.891134858 0.011268843 -0.453598440 -27.729242325
-0.441271126 0.024520101 0.897038758 89.544754028 0.019732621 0.999650061 -0.017618066 -2.368964672 -0.897156894 0.009926585 -0.441600502 -28.138307571
-0.429371119 0.033576984 0.902503788 90.366500854 0.022041323 0.999400616 -0.026695680 -2.399889469 -0.902859092 0.008430025 -0.429853886 -28.533653259
-0.416935086 0.038531166 0.908119202 91.196945190 0.022909962 0.999229133 -0.031878516 -2.438267469 -0.908647478 0.007513703 -0.417496502 -28.909624100
-0.405027807 0.034901019 0.913638055 92.036903381 0.021281902 0.999360263 -0.028741073 -2.480108261 -0.914056599 0.007803023 -0.405511469 -29.279376984
-0.394107848 0.030395765 0.918561459 92.883781433 0.016731245 0.999524593 -0.025896357 -2.518866539 -0.918911874 0.005162716 -0.394429058 -29.629253387
-0.384175509 0.031813234 0.922711849 93.730186462 0.013845350 0.999492228 -0.028695893 -2.558830261 -0.923156321 0.001751004 -0.384420931 -29.976177216
-0.377164245 0.035608791 0.925461531 94.573928833 0.009199786 0.999355316 -0.034702685 -2.607493639 -0.926100671 -0.004574565 -0.377248734 -30.308540344
-0.372139037 0.040716704 0.927283466 95.415298462 0.003537242 0.999092340 -0.042450234 -2.651306391 -0.928170264 -0.012517363 -0.371945262 -30.636186600
-0.368886560 0.042703237 0.928492963 96.266204834 0.001518579 0.998970330 -0.045341317 -2.704449654 -0.929473281 -0.015315810 -0.368571639 -30.957836151
-0.365233809 0.042143680 0.929961503 97.111595154 -0.000126681 0.998972416 -0.045320861 -2.760632515 -0.930915773 -0.016670518 -0.364853233 -31.280595779
-0.360453457 0.042237245 0.931820512 97.958274841 -0.000458210 0.998966098 -0.045458056 -2.815198421 -0.932777107 -0.016812483 -0.360061437 -31.599670410
-0.355082393 0.037946124 0.934064507 98.800979614 -0.005255265 0.999079168 -0.042585094 -2.862104177 -0.934820175 -0.020029973 -0.354555994 -31.906021118
-0.349632800 0.034386829 0.936255515 99.654998779 -0.004849320 0.999246418 -0.038511276 -2.916130066 -0.936874330 -0.018005006 -0.349202573 -32.219589233
-0.344548434 0.031475101 0.938240767 100.519348145 -0.008009974 0.999302745 -0.036465041 -2.960580349 -0.938734293 -0.020079261 -0.344056070 -32.519321442
-0.338386863 0.029771622 0.940536022 101.372177124 -0.015540658 0.999186218 -0.037219364 -3.010780334 -0.940878808 -0.027211091 -0.337648839 -32.814258575
-0.332612008 0.029801436 0.942592740 102.208915710 -0.023216566 0.998938918 -0.039775308 -3.059108496 -0.942777932 -0.035113517 -0.331567168 -33.086574554
-0.325459182 0.033469595 0.944963574 103.099876404 -0.021965155 0.998835981 -0.042942826 -3.119071484 -0.945300937 -0.034732405 -0.324345201 -33.387260437
-0.318858534 0.036917083 0.947083175 103.942230225 -0.020695826 0.998731673 -0.045898091 -3.165678024 -0.947576344 -0.034235660 -0.317690104 -33.662654877
-0.312108338 0.034991633 0.949401915 104.802177429 -0.021598924 0.998801827 -0.043912821 -3.216013432 -0.949800909 -0.034211617 -0.310978591 -33.940380096
-0.305060148 0.030615909 0.951840818 105.675735474 -0.021158716 0.999018490 -0.038914640 -3.261643410 -0.952098012 -0.032011036 -0.304112941 -34.210842133
-0.297692209 0.027846511 0.954255700 106.539497375 -0.022182716 0.999102950 -0.036075398 -3.313090801 -0.954404116 -0.031907354 -0.296807438 -34.479705811
-0.291225642 0.030936198 0.956154108 107.397758484 -0.024471102 0.998908997 -0.039772939 -3.361443996 -0.956341386 -0.034981042 -0.290150911 -34.731861115
-0.285056472 0.034345832 0.957895160 108.251213074 -0.023343351 0.998812675 -0.042759608 -3.406384945 -0.958226442 -0.034549385 -0.283916265 -34.973056793
-0.278246582 0.034596689 0.959886432 109.117568970 -0.025423482 0.998735726 -0.043366529 -3.458466768 -0.960173190 -0.036470242 -0.277015209 -35.216121674
-0.271505892 0.034316238 0.961824775 109.964149475 -0.026018208 0.998737216 -0.042977687 -3.507007599 -0.962085009 -0.036693666 -0.270270199 -35.447486877
-0.263378859 0.033564705 0.964108288 110.829063416 -0.022130124 0.998921335 -0.040822282 -3.562180042 -0.964438617 -0.032087564 -0.262351930 -35.682571411
-0.255393177 0.035174984 0.966197133 111.664154053 -0.019529287 0.998946428 -0.041529376 -3.612305641 -0.966639996 -0.029475464 -0.254437119 -35.909946442
-0.248865470 0.035865232 0.967873812 112.531951904 -0.018446147 0.998957396 -0.041760042 -3.661478996 -0.968362391 -0.028246174 -0.247944430 -36.125720978
-0.242589012 0.034217250 0.969525516 113.392951965 -0.025441939 0.998809636 -0.041616697 -3.714055538 -0.969795465 -0.034762360 -0.241429642 -36.320129395
-0.236721858 0.032673836 0.971027851 114.261795044 -0.029442895 0.998734057 -0.040783834 -3.761838198 -0.971131206 -0.038244296 -0.235460147 -36.522022247
-0.232518524 0.033058941 0.972029984 115.133445740 -0.026917355 0.998820543 -0.040408973 -3.808147430 -0.972219467 -0.035560314 -0.231354386 -36.721595764
-0.227534637 0.032538068 0.973226190 115.965484619 -0.025432833 0.998902023 -0.039342545 -3.864094257 -0.973437786 -0.033703689 -0.226457313 -36.914287567
-0.222864658 0.033891324 0.974259973 116.843299866 -0.025004972 0.998867869 -0.040467303 -3.909379482 -0.974528551 -0.033380084 -0.221764892 -37.109519958
-0.217280477 0.033175103 0.975545228 117.711959839 -0.018818658 0.999094069 -0.038167354 -3.957128286 -0.975927830 -0.026651472 -0.216459334 -37.301963806
-0.211263329 0.031791516 0.976912022 118.573066711 -0.010740453 0.999335110 -0.034843910 -4.009481430 -0.977370143 -0.017853726 -0.210781395 -37.502288818
-0.206868887 0.031626876 0.977857292 119.417007446 -0.010588438 0.999346495 -0.034561913 -4.038841248 -0.978311360 -0.017503768 -0.206398800 -37.671447754
-0.202954575 0.033045661 0.978630364 120.285095215 -0.012138041 0.999268711 -0.036259823 -4.085502148 -0.979112923 -0.019237751 -0.202405050 -37.841991425
-0.199627027 0.035165112 0.979240716 121.140724182 -0.014003146 0.999151409 -0.038734779 -4.126865864 -0.979771852 -0.021444961 -0.198965222 -38.008354187
-0.197942764 0.033482160 0.979641676 121.985855103 -0.018172279 0.999119282 -0.037819702 -4.181456089 -0.980045140 -0.025288455 -0.197160020 -38.168956757
-0.196456209 0.032368522 0.979978204 122.854713440 -0.018543601 0.999153614 -0.036719307 -4.225890636 -0.980337203 -0.025386062 -0.195689708 -38.342353821
-0.195622027 0.028277930 0.980271578 123.733535767 -0.017972315 0.999312937 -0.032413758 -4.260957718 -0.980514705 -0.023958594 -0.194979414 -38.512268066
-0.194820747 0.023169318 0.980565190 124.566146851 -0.017978838 0.999468565 -0.027188055 -4.306363106 -0.980674088 -0.022926219 -0.194300681 -38.668342590
-0.194391236 0.021121584 0.980696619 125.438621521 -0.017272994 0.999539375 -0.024951218 -4.349101067 -0.980771959 -0.021789864 -0.193936884 -38.834323883
-0.192786306 0.025917180 0.980898380 126.290061951 -0.017770370 0.999395013 -0.029898489 -4.387364388 -0.981079936 -0.023194948 -0.192209110 -39.003097534
-0.193070859 0.029875515 0.980729878 127.127090454 -0.017965259 0.999261141 -0.033976749 -4.421392441 -0.981020272 -0.024178991 -0.192391500 -39.159118652
-0.192668483 0.029011328 0.980834961 127.974830627 -0.020952016 0.999213398 -0.033670597 -4.461990833 -0.981040120 -0.027037730 -0.191909045 -39.321739197
-0.191729173 0.027873285 0.981052041 128.834747314 -0.022973055 0.999195337 -0.032878440 -4.510731697 -0.981178939 -0.028841522 -0.190934569 -39.490352631
-0.191855684 0.028827796 0.980999649 129.664337158 -0.018477425 0.999285221 -0.032978799 -4.555233955 -0.981249213 -0.024453523 -0.191185921 -39.640613556
-0.191444263 0.031220486 0.981006742 130.506835938 -0.020448664 0.999150217 -0.035788469 -4.595050335 -0.981290579 -0.026911778 -0.190643132 -39.798301697
-0.191320404 0.032366589 0.980993807 131.344024658 -0.028464971 0.998852789 -0.038507264 -4.639302254 -0.981114805 -0.035291187 -0.190179646 -39.948143005
-0.190973416 0.033231955 0.981032431 132.184661865 -0.034970917 0.998561919 -0.040633399 -4.691999435 -0.980971992 -0.042067505 -0.189536646 -40.094806671
-0.190637529 0.037117254 0.980958462 133.011764526 -0.032006674 0.998518586 -0.044001792 -4.738919735 -0.981138527 -0.039785612 -0.189167127 -40.252429962
-0.190058738 0.037842460 0.981043041 133.840133667 -0.029906578 0.998569965 -0.044312377 -4.793592453 -0.981317103 -0.037761606 -0.188655183 -40.408870697
-0.187371969 0.039351508 0.981500506 134.689910889 -0.029745493 0.998511791 -0.045712058 -4.846807480 -0.981838584 -0.037760369 -0.185922578 -40.582405090
-0.185556442 0.038668126 0.981872499 135.502243042 -0.021283604 0.998832881 -0.043358281 -4.895173073 -0.982403100 -0.028943196 -0.184516877 -40.735980988
-0.181881368 0.035752881 0.982670307 136.350524902 -0.015768193 0.999104261 -0.039269324 -4.945868969 -0.983194053 -0.022637293 -0.181154683 -40.906402588
-0.179903552 0.030694146 0.983205318 137.172576904 -0.012082030 0.999368727 -0.033409480 -4.995319843 -0.983610034 -0.017889600 -0.179419145 -41.059776306
-0.175957263 0.030608259 0.983921826 137.992843628 -0.009737588 0.999413490 -0.032831576 -5.038793087 -0.984349668 -0.015357980 -0.175556004 -41.210388184
-0.171311423 0.035266645 0.984585524 138.789611816 -0.009998399 0.999245405 -0.037531395 -5.085049629 -0.985166252 -0.016273836 -0.170829535 -41.340583801
-0.164789900 0.038209207 0.985588253 139.582565308 -0.009935258 0.999134362 -0.040395528 -5.127131462 -0.986278653 -0.016448850 -0.164267614 -41.473072052
-0.157154664 0.038912863 0.986807048 140.392211914 -0.009966332 0.999110043 -0.040985208 -5.166758537 -0.987523735 -0.016275862 -0.156626984 -41.593452454
-0.147982389 0.034846146 0.988375902 141.179534912 -0.008262048 0.999300599 -0.036468327 -5.211003304 -0.988955557 -0.013562676 -0.147591010 -41.698455811
-0.135363832 0.033508737 0.990229130 142.016769409 -0.006133896 0.999380589 -0.034656908 -5.254239082 -0.990776896 -0.010765255 -0.135074481 -41.823448181
-0.121555895 0.036110248 0.991927505 142.826416016 -0.001536245 0.999330044 -0.036567982 -5.295409203 -0.992583394 -0.005968899 -0.121418998 -41.924747467
-0.106892213 0.037159953 0.993575990 143.604187012 -0.001742536 0.999292910 -0.037561234 -5.340610981 -0.994269073 -0.005746345 -0.106751882 -42.006484985
-0.093092717 0.037369639 0.994955957 144.410964966 0.000451848 0.999296844 -0.037490409 -5.383190632 -0.995657325 -0.003040514 -0.093044147 -42.081321716
-0.079553857 0.038766421 0.996076405 145.188476562 0.001267946 0.999246657 -0.038788531 -5.429951191 -0.996829748 -0.001822807 -0.079543069 -42.135437012
-0.065801449 0.045287549 0.996804416 145.980087280 -0.001690409 0.998963058 -0.045497201 -5.481536865 -0.997831285 -0.004678790 -0.065656662 -42.181922913
-0.053100422 0.054180048 0.997118235 146.732177734 -0.008669839 0.998464406 -0.054714892 -5.529739380 -0.998551488 -0.011550240 -0.052549142 -42.202445984
-0.039144702 0.061881691 0.997315586 147.505020142 -0.012074930 0.997978389 -0.062396772 -5.582748413 -0.999160588 -0.014485019 -0.038318355 -42.222179413
-0.025977867 0.062518358 0.997705698 148.287719727 -0.011663563 0.997955561 -0.062837720 -5.639190674 -0.999594450 -0.013269191 -0.025195574 -42.238445282
-0.014460817 0.058965340 0.998155415 149.064132690 -0.017683534 0.998088419 -0.059217587 -5.693457127 -0.999739051 -0.018507250 -0.013390459 -42.237083435
-0.003620678 0.056548882 0.998393297 149.841476440 -0.021432696 0.998166084 -0.056613740 -5.754712105 -0.999763727 -0.021603243 -0.002402042 -42.229503632
0.004766646 0.063150130 0.997992694 150.580673218 -0.025917934 0.997676551 -0.063006334 -5.814293861 -0.999652803 -0.025565581 0.006392290 -42.201694489
0.012170158 0.071157917 0.997390807 151.354782104 -0.027860118 0.997101605 -0.070797332 -5.871272087 -0.999537706 -0.026925810 0.014117354 -42.197162628
0.014972579 0.074094988 0.997138798 152.110443115 -0.030092409 0.996832252 -0.073620342 -5.928119659 -0.999434948 -0.028904025 0.017154848 -42.171779633
0.014271315 0.069401465 0.997486770 152.870681763 -0.033076163 0.997075140 -0.068899602 -5.990598679 -0.999350965 -0.032009743 0.016525110 -42.145797729
0.013385409 0.065128744 0.997787237 153.633590698 -0.034867987 0.997299969 -0.064629205 -6.058306217 -0.999302208 -0.033925746 0.015620179 -42.142131805
0.010468924 0.062429126 0.997994542 154.391052246 -0.033491924 0.997511148 -0.062047567 -6.115624428 -0.999384165 -0.032775186 0.012533737 -42.132213593
0.008204089 0.062572338 0.998006701 155.133560181 -0.031417064 0.997563779 -0.062286302 -6.169971466 -0.999472618 -0.030843439 0.010149941 -42.130081177
0.003792281 0.062663049 0.998027563 155.889465332 -0.030749490 0.997570157 -0.062517479 -6.228797913 -0.999519885 -0.030451752 0.005709924 -42.118526459
-0.000550488 0.061447516 0.998110056 156.624847412 -0.030642496 0.997640491 -0.061435513 -6.284276009 -0.999530256 -0.030618409 0.001333716 -42.123638153
-0.005484800 0.061689023 0.998080254 157.370697021 -0.031279575 0.997596383 -0.061830997 -6.336979866 -0.999495566 -0.031558663 -0.003542010 -42.126735687
-0.012275958 0.060244884 0.998108089 158.109237671 -0.033870265 0.997585356 -0.060629919 -6.387093067 -0.999350846 -0.034550473 -0.010205808 -42.119926453
-0.017622175 0.057425853 0.998194277 158.857711792 -0.030899262 0.997841120 -0.057951041 -6.450284958 -0.999367118 -0.031864688 -0.015809713 -42.140716553
-0.022699401 0.057422884 0.998091817 159.561645508 -0.031528216 0.997811377 -0.058123779 -6.499066353 -0.999245048 -0.032787431 -0.020839281 -42.153656006
-0.028724300 0.058875628 0.997852027 160.290252686 -0.033836719 0.997634411 -0.059836831 -6.549459934 -0.999014497 -0.035482805 -0.026664196 -42.161010742
-0.032738276 0.061237708 0.997586191 161.018661499 -0.034697507 0.997449875 -0.062368028 -6.606734753 -0.998861432 -0.036655579 -0.030529993 -42.178806305
-0.035223342 0.063267417 0.997374833 161.751647949 -0.033997960 0.997340560 -0.064465910 -6.667222977 -0.998801112 -0.036179412 -0.032978706 -42.202228546
-0.036356673 0.064706028 0.997241974 162.461898804 -0.031253465 0.997339845 -0.065851808 -6.720105171 -0.998850048 -0.033561416 -0.034237668 -42.230880737
-0.035982873 0.063252375 0.997348726 163.182785034 -0.028459359 0.997525275 -0.064290352 -6.774273396 -0.998947084 -0.030697256 -0.034093704 -42.254837036
-0.031873405 0.059040353 0.997746646 163.905960083 -0.024906661 0.997896910 -0.059844915 -6.837816238 -0.999181569 -0.026758002 -0.030335870 -42.277885437
-0.024401918 0.059107311 0.997953355 164.611343384 -0.024695052 0.997910380 -0.059708610 -6.893365383 -0.999397218 -0.026101517 -0.022891272 -42.288703918
-0.012718176 0.059809089 0.998128831 165.297378540 -0.020487476 0.997984350 -0.060061492 -6.950006485 -0.999709129 -0.021213017 -0.011467206 -42.300178528
0.001580173 0.060039729 0.998194754 165.997589111 -0.017846508 0.998038709 -0.060002096 -7.001900196 -0.999839485 -0.017719476 0.002648572 -42.294666290
0.017635264 0.057739142 0.998175919 166.697998047 -0.018413655 0.998180628 -0.057414092 -7.052254677 -0.999674857 -0.017367555 0.018666364 -42.279708862
0.033641297 0.053106427 0.998022079 167.398345947 -0.024352798 0.998334229 -0.052302174 -7.100287437 -0.999137163 -0.022545118 0.034878552 -42.240825653
0.049645104 0.046244066 0.997695744 168.070144653 -0.025485368 0.998660862 -0.045020659 -7.145015240 -0.998441815 -0.023191588 0.050757170 -42.189292908
0.066247888 0.039123099 0.997035861 168.750778198 -0.025638711 0.998967886 -0.037495341 -7.183380604 -0.997473776 -0.023078728 0.067182578 -42.129940033
0.084039122 0.031678557 0.995958745 169.432678223 -0.026371021 0.999215066 -0.029556941 -7.220533848 -0.996113479 -0.023780506 0.084808566 -42.066307068
0.101642296 0.025982125 0.994481683 170.079757690 -0.028444238 0.999326050 -0.023201518 -7.252469063 -0.994414210 -0.025929013 0.102312848 -41.992774963
0.119272023 0.023729881 0.992578030 170.739669800 -0.029314388 0.999362707 -0.020369556 -7.282619476 -0.992428780 -0.026667295 0.119891644 -41.897338867
0.137094140 0.022432491 0.990304053 171.391265869 -0.028057598 0.999430418 -0.018755030 -7.307134628 -0.990160525 -0.025214350 0.137645453 -41.795795441
0.154715091 0.021821273 0.987718105 172.011627197 -0.028920917 0.999427617 -0.017549828 -7.327287674 -0.987535715 -0.025850492 0.155257627 -41.692413330
0.170016393 0.020879559 0.985220015 172.650650024 -0.033753563 0.999312222 -0.015353468 -7.346433163 -0.984862983 -0.030644346 0.170604244 -41.557300568
0.184525132 0.016729550 0.982685387 173.284286499 -0.035444181 0.999318004 -0.010357127 -7.369201660 -0.982188404 -0.032919336 0.184992269 -41.423572540
0.197131634 0.013537469 0.980283678 173.908737183 -0.033291206 0.999420404 -0.007106998 -7.390221596 -0.979811609 -0.031233808 0.197468087 -41.300819397
0.207776129 0.012266780 0.978099525 174.533050537 -0.030912993 0.999504209 -0.005968430 -7.407840729 -0.977687836 -0.028995877 0.208052307 -41.161174774
0.217559755 0.015778912 0.975919425 175.148544312 -0.034749512 0.999360681 -0.008411277 -7.428333282 -0.975428164 -0.032082770 0.217968956 -41.009635925
0.226959944 0.023103369 0.973629951 175.737915039 -0.039754007 0.999105155 -0.014440938 -7.450302124 -0.973092377 -0.035428181 0.227675289 -40.861053467
0.235987753 0.033074964 0.971192956 176.333297729 -0.039785817 0.998911560 -0.024351491 -7.468111992 -0.970941305 -0.032893058 0.237046808 -40.707248688
0.244085923 0.038400665 0.968993008 176.921859741 -0.033793431 0.998945534 -0.031075230 -7.488766193 -0.969164610 -0.025160562 0.245126262 -40.562786102
0.250113308 0.036479466 0.967529118 177.531875610 -0.033247147 0.999024212 -0.029072322 -7.506950378 -0.967645526 -0.024896204 0.251082122 -40.397121429
0.256174445 0.029404495 0.966183245 178.140411377 -0.036306094 0.999124587 -0.020780813 -7.525634289 -0.965948462 -0.029754829 0.257017821 -40.226856232
0.260506094 0.018710185 0.965290904 178.742507935 -0.040563893 0.999141574 -0.008419205 -7.550114632 -0.964619696 -0.036962695 0.261041373 -40.047588348
0.262395322 0.010858850 0.964899361 179.355392456 -0.040419266 0.999182701 -0.000253032 -7.569370270 -0.964113593 -0.038934126 0.262619823 -39.874172211
0.263424009 0.010285379 0.964625299 179.959884644 -0.037777510 0.999286115 -0.000338510 -7.585909843 -0.963940203 -0.036351971 0.263624489 -39.706832886
0.264212817 0.011646559 0.964394093 180.537322998 -0.033819951 0.999423981 -0.002804026 -7.602145195 -0.963871241 -0.031874899 0.264454514 -39.544120789
0.266091019 0.011131980 0.963883638 181.153762817 -0.030497435 0.999529958 -0.003124499 -7.608746052 -0.963465393 -0.028564572 0.266305417 -39.380073547
0.267544746 0.009141712 0.963502109 181.766082764 -0.032572918 0.999469221 -0.000438137 -7.611655235 -0.962994695 -0.031266849 0.267700523 -39.197521210
0.270366251 0.005872614 0.962739646 182.367660522 -0.032569554 0.999464810 0.003049876 -7.615191460 -0.962206483 -0.032180581 0.270412832 -39.025436401
0.273238748 0.000704412 0.961946011 182.994506836 -0.031912968 0.999455869 0.008332930 -7.625614643 -0.961416841 -0.032975420 0.273112565 -38.842037201
0.277490616 -0.001989189 0.960726321 183.614868164 -0.030262163 0.999483526 0.010810184 -7.628642082 -0.960251689 -0.032073379 0.277287126 -38.657039642
0.284533083 -0.004513576 0.958655596 184.232070923 -0.028533740 0.999505997 0.013174848 -7.632787704 -0.958241463 -0.031102709 0.284263730 -38.479808807
0.292375803 -0.007427945 0.956274629 184.853240967 -0.027119795 0.999503255 0.016055454 -7.630375385 -0.955918849 -0.030628197 0.292029083 -38.285884857
0.301891387 -0.008969145 0.953300178 185.471527100 -0.024920614 0.999539733 0.017296059 -7.631035805 -0.953016579 -0.028978357 0.301528931 -38.083549500
0.313331425 -0.007527844 0.949613988 186.094512939 -0.026035935 0.999524593 0.016514227 -7.643858910 -0.949286878 -0.029898515 0.312986523 -37.875808716
0.324425399 -0.003346786 0.945905328 186.705261230 -0.027675785 0.999532044 0.013028732 -7.642339706 -0.945506334 -0.030405525 0.324180961 -37.650447845
0.336246789 -0.000468473 0.941773772 187.325439453 -0.028638139 0.999532342 0.010722039 -7.643619537 -0.941338420 -0.030575903 0.336076081 -37.420043945
0.348163754 -0.000209573 0.937433660 187.957702637 -0.027325772 0.999572754 0.010372281 -7.638624191 -0.937035382 -0.029227344 0.348009259 -37.183296204
0.359566659 -0.003298907 0.933113575 188.596160889 -0.026436450 0.999556303 0.013720848 -7.638528824 -0.932744801 -0.029601766 0.359319896 -36.930461884
