1.000000000 -0.000000000 0.000000000 -0.000000000 -0.000000000 1.000000000 -0.000000000 0.000000000 0.000000000 -0.000000000 1.000000000 -0.000000000
0.999990809 -0.002712476 -0.003320320 -0.000844094 0.002705444 0.999994092 -0.002120684 -0.005297636 0.003326052 0.002111682 0.999992239 0.684188950
0.999971815 -0.001376316 -0.007380713 -0.010636438 0.001349335 0.999992395 -0.003659263 -0.008778352 0.007385694 0.003649200 0.999966067 1.384928545
0.999935498 -0.001445019 -0.011265512 -0.024729719 0.001387793 0.999986104 -0.005085866 -0.012694424 0.011272705 0.005069904 0.999923608 2.104303330
0.999868614 -0.000197210 -0.016208526 -0.040880789 0.000105319 0.999983920 -0.005669959 -0.018983987 0.016209384 0.005667507 0.999852557 2.842679180
0.999787733 -0.001317324 -0.020560973 -0.059267782 0.001198305 0.999982463 -0.005799854 -0.029193764 0.020568253 0.005773985 0.999771778 3.595230156
0.999686790 0.000474936 -0.025021911 -0.085563913 -0.000650664 0.999975181 -0.007015266 -0.038365995 0.025017959 0.007029349 0.999662288 4.362082954
0.999548296 0.003140146 -0.029888849 -0.116937260 -0.003369695 0.999965192 -0.007632822 -0.046948277 0.029863840 0.007730091 0.999524085 5.142736501
0.999411006 0.003469343 -0.034140959 -0.149801791 -0.003674542 0.999975551 -0.005949427 -0.056563542 0.034119484 0.006071375 0.999399319 5.940921274
0.999254712 0.002637454 -0.038510571 -0.184342077 -0.002762377 0.999991093 -0.003191020 -0.066743799 0.038501812 0.003295023 0.999253098 6.748769718
0.999114282 0.002322901 -0.042014936 -0.221703430 -0.002344627 0.999997142 -0.000467826 -0.077275941 0.042013729 0.000565921 0.999116873 7.567224850
0.998997162 0.003786057 -0.044613176 -0.265543469 -0.003835666 0.999992117 -0.001026434 -0.087368948 0.044608938 0.001196526 0.999003809 8.391301981
0.998901411 0.003222380 -0.046750275 -0.308349051 -0.003280242 0.999993946 -0.001161031 -0.094840923 0.046746251 0.001313108 0.998905933 9.222313252
0.998821453 0.000188812 -0.048535242 -0.348442099 -0.000272860 0.999998475 -0.001725071 -0.101018844 0.048534842 0.001736281 0.998819981 10.064037990
0.998721442 0.000057855 -0.050551730 -0.392533265 -0.000104432 0.999999573 -0.000918723 -0.109597224 0.050551655 0.000922828 0.998721021 10.915550568
0.998648718 -0.001396015 -0.051949870 -0.439090452 0.001340717 0.999998497 -0.001099288 -0.119515254 0.051951327 0.001028152 0.998649089 11.777759190
0.998548326 0.000837720 -0.053856660 -0.490656440 -0.001020499 0.999993813 -0.003366395 -0.129302492 0.053853507 0.003416468 0.998543002 12.647623353
0.998474674 0.001236135 -0.055197808 -0.543860548 -0.001567764 0.999980980 -0.005965109 -0.139238562 0.055189384 0.006042547 0.998457620 13.525704343
0.998359939 0.005011507 -0.057029091 -0.602023219 -0.005450620 0.999956667 -0.007546874 -0.150126040 0.056988799 0.007845340 0.998343993 14.411361254
0.998292627 0.005855341 -0.058116651 -0.659385344 -0.006280540 0.999954813 -0.007136353 -0.163700176 0.058072239 0.007489172 0.998284292 15.307986714
0.998217090 0.004915516 -0.059485113 -0.715741545 -0.005263287 0.999969954 -0.005691083 -0.177765603 0.059455351 0.005994024 0.998212970 16.210598356
0.998126244 0.005574780 -0.060933755 -0.774989508 -0.005839352 0.999974278 -0.004164758 -0.190908819 0.060908970 0.004512768 0.998133124 17.119551008
0.998073038 0.005164887 -0.061834732 -0.835622233 -0.005425329 0.999977103 -0.004044756 -0.204669604 0.061812426 0.004372436 0.998078206 18.031334448
0.997971390 0.004948521 -0.063471383 -0.896600195 -0.005266828 0.999974375 -0.004848631 -0.217503087 0.063445763 0.005173088 0.997971881 18.946265840
0.997911378 0.003570069 -0.064499123 -0.957929788 -0.003943807 0.999976159 -0.005668073 -0.229365369 0.064477350 0.005910607 0.997901667 19.869524883
0.997873231 0.003663112 -0.065081457 -1.021681413 -0.003929992 0.999984384 -0.003973160 -0.240790358 0.065065886 0.004220480 0.997872045 20.801939199
0.997871131 0.005019981 -0.065023120 -1.088557535 -0.005063771 0.999987050 -0.000508663 -0.253224663 0.065019724 0.000836843 0.997883628 21.742292984
0.997917787 0.006024535 -0.064216776 -1.154634571 -0.005829707 0.999977820 0.003220861 -0.262623017 0.064234756 -0.002839789 0.997930775 22.689546313
0.998021282 0.004831671 -0.062691108 -1.215606285 -0.004462982 0.999971922 0.006019741 -0.267929578 0.062718433 -0.005728040 0.998014823 23.640336535
0.998106923 0.004874110 -0.061309160 -1.273657031 -0.004460934 0.999966421 0.006874299 -0.273626198 0.061340607 -0.006587790 0.998095151 24.597222250
0.998185650 0.005026588 -0.060001179 -1.333505105 -0.004793727 0.999980413 0.004024259 -0.279299997 0.060020232 -0.003729328 0.998190194 25.555681494
0.998239059 0.005815269 -0.059033576 -1.395100174 -0.005874781 0.999982395 -0.000834583 -0.284725727 0.059027683 0.001179923 0.998255649 26.513663939
0.998313467 0.004648754 -0.057867189 -1.453715429 -0.004869415 0.999981399 -0.003672802 -0.292733069 0.057849039 0.003948387 0.998317534 27.481091370
0.998361005 0.001944853 -0.057197206 -1.508500572 -0.002101775 0.999994191 -0.002683507 -0.302194197 0.057191655 0.002799324 0.998359293 28.459564628
0.998346987 0.000036096 -0.057474280 -1.564802857 0.000095318 0.999997388 0.002283729 -0.312509166 0.057474213 -0.002285432 0.998344375 29.445782703
0.998291943 -0.003918666 -0.058291003 -1.619644382 0.004260036 0.999974491 0.005733204 -0.322332606 0.058267049 -0.005971733 0.998283171 30.432148237
0.998168509 -0.011642494 -0.059363960 -1.669324498 0.011969312 0.999915089 0.005152690 -0.328639306 0.059298930 -0.005853799 0.998223106 31.423430041
0.998050424 -0.014019081 -0.060817891 -1.725686823 0.014121899 0.999899486 0.001261061 -0.333279522 0.060794099 -0.002117467 0.998148082 32.414870541
0.997960792 -0.013945896 -0.062287799 -1.789397160 0.013807224 0.999901148 -0.002656210 -0.340793758 0.062318685 0.001790772 0.998054695 33.409302782
0.997837897 -0.012800342 -0.064464587 -1.855013869 0.012606717 0.999914719 -0.003409473 -0.350310485 0.064502732 0.002589415 0.997914171 34.412167650
0.997774444 -0.013019176 -0.065396174 -1.921110287 0.012916073 0.999914586 -0.001999150 -0.361108515 0.065416615 0.001150039 0.997857377 35.422675041
0.997727092 -0.009951591 -0.066645446 -1.992399250 0.010029711 0.999949350 0.000837678 -0.373831895 0.066633735 -0.001504209 0.997776369 36.433680573
0.997627520 -0.010161572 -0.068088724 -2.059938482 0.010332231 0.999944300 0.002154716 -0.383335902 0.068063037 -0.002853113 0.997676943 37.446445261
0.997562046 -0.009121937 -0.069186372 -2.128554763 0.009475164 0.999943690 0.004778977 -0.389556601 0.069138883 -0.005422879 0.997592305 38.460315301
0.997562930 -0.009336662 -0.069144970 -2.199232880 0.009903525 0.999920068 0.007859923 -0.396548731 0.069066058 -0.008525546 0.997575659 39.478359913
0.997564365 -0.003667817 -0.069655470 -2.279883880 0.004386129 0.999938744 0.010162218 -0.400294469 0.069613930 -0.010442985 0.997519346 40.490568098
0.997554304 -0.003885776 -0.069787614 -2.354854385 0.004566908 0.999943460 0.009603169 -0.404437417 0.069746353 -0.009898396 0.997515648 41.498482472
0.997560114 -0.003966898 -0.069699947 -2.425403305 0.004534405 0.999957832 0.007985821 -0.407871417 0.069665329 -0.008282384 0.997536036 42.502014249
0.997565470 -0.001945659 -0.069709021 -2.500854764 0.002360249 0.999980012 0.005865553 -0.413592074 0.069696215 -0.006015803 0.997550123 43.503392592
0.997492342 -0.002436236 -0.070732539 -2.574223291 0.002865525 0.999978084 0.005968348 -0.421250070 0.070716449 -0.006156067 0.997477462 44.505418945
0.997397182 -0.004473697 -0.071964207 -2.644641929 0.005004760 0.999961549 0.007200909 -0.427970977 0.071929225 -0.007542330 0.997381221 45.505546111
0.997341207 -0.003974058 -0.072764847 -2.720874945 0.004587159 0.999955359 0.008260611 -0.435603655 0.072728770 -0.008572432 0.997314915 46.501678116
0.997329058 -0.001698680 -0.073019622 -2.799402311 0.002049223 0.999986733 0.004726016 -0.445462886 0.073010625 -0.004863027 0.997319307 47.491179351
0.997270618 -0.001333237 -0.073820981 -2.876319520 0.001376523 0.999998909 0.000535492 -0.452778985 0.073820187 -0.000635647 0.997271365 48.474668603
0.997226680 -0.000610648 -0.074421614 -2.952594612 0.000563408 0.999999626 -0.000655747 -0.463074418 0.074421987 0.000611998 0.997226651 49.457304276
0.997218176 -0.002006992 -0.074510949 -3.026330551 0.002230544 0.999993257 0.002917154 -0.476017715 0.074504592 -0.003075239 0.997215929 50.439368488
0.997193555 -0.003993405 -0.074760062 -3.097925814 0.004456690 0.999971881 0.006031160 -0.486561010 0.074733875 -0.006347416 0.997183312 51.417204397
0.997164745 -0.005902825 -0.075017521 -3.169453747 0.006420613 0.999957190 0.006662930 -0.495658491 0.074974979 -0.007125697 0.997159956 52.386571941
0.997132768 -0.009128802 -0.075119293 -3.241739456 0.009562607 0.999939603 0.005417233 -0.503806899 0.075065303 -0.006120036 0.997159839 53.353223165
0.997069218 -0.011913738 -0.075571400 -3.312744906 0.012256714 0.999916575 0.004076245 -0.511730290 0.075516533 -0.004990555 0.997132061 54.318166567
0.996972943 -0.013392904 -0.076587083 -3.386919178 0.013836108 0.999890445 0.005259215 -0.519133824 0.076508256 -0.006302962 0.997049026 55.282437965
0.996837205 -0.016558933 -0.077726366 -3.459017238 0.017338119 0.999805866 0.009360583 -0.524642677 0.077556275 -0.010678607 0.996930786 56.248899951
0.996771991 -0.017520659 -0.078349379 -3.532401417 0.018697112 0.999722824 0.014307126 -0.526905371 0.078076992 -0.015725849 0.996823295 57.213803490
0.996755772 -0.015812498 -0.078917014 -3.612330483 0.017171559 0.999715203 0.016572552 -0.529218907 0.078632485 -0.017873915 0.996743425 58.169719713
0.996661661 -0.014797922 -0.080290437 -3.692429553 0.015865563 0.999793785 0.012675584 -0.532716084 0.080086308 -0.013907122 0.996690913 59.112668725
0.996581635 -0.013367901 -0.081525113 -3.773346231 0.013816951 0.999892307 0.004946428 -0.536292513 0.081450210 -0.006055947 0.996659013 60.042321492
0.996529322 -0.011822775 -0.082398625 -3.853594994 0.011878608 0.999929429 0.000187387 -0.544072552 0.082390594 -0.001165518 0.996599434 60.964777728
0.996488531 -0.007045731 -0.083432402 -3.939314813 0.007165291 0.999973686 0.001133676 -0.554897411 0.083422219 -0.001727512 0.996512794 61.881403381
0.996428885 -0.004324095 -0.084325442 -4.023991700 0.004629292 0.999983423 0.003424080 -0.568242876 0.084309238 -0.003802219 0.996432384 62.784418803
0.996339684 -0.001922435 -0.085460746 -4.105002466 0.002360185 0.999984607 0.005021500 -0.581539443 0.085449777 -0.005204822 0.996328884 63.671753631
0.996246987 -0.001278860 -0.086546554 -4.185191340 0.001694731 0.999987369 0.004731867 -0.589595037 0.086539410 -0.004860782 0.996236570 64.540732972
0.996108198 0.000367212 -0.088138085 -4.266093737 0.000123754 0.999984508 0.005564886 -0.598940800 0.088138763 -0.005554136 0.996092722 65.398913609
0.995992394 0.001082403 -0.089431420 -4.347051327 -0.000530431 0.999980667 0.006195553 -0.610560086 0.089436397 -0.006123287 0.995973713 66.247462789
0.995858843 0.000966703 -0.090907812 -4.426056233 -0.000362690 0.999977753 0.006660525 -0.620096065 0.090912228 -0.006599972 0.995837038 67.082249718
0.995741255 0.000684863 -0.092189396 -4.504332009 0.000026612 0.999970230 0.007716088 -0.625993291 0.092191936 -0.007685681 0.995711593 67.904991330
0.995616080 0.003395068 -0.093472425 -4.587817894 -0.002437429 0.999943390 0.010357406 -0.631092567 0.093502298 -0.010084168 0.995567994 68.713503007
0.995490091 0.004781757 -0.094744996 -4.667226106 -0.003421848 0.999888860 0.014510626 -0.636828161 0.094803852 -0.014120981 0.995395814 69.506774102
0.995312453 0.007857853 -0.096391776 -4.749214360 -0.006320188 0.999848030 0.016247201 -0.640546784 0.096504796 -0.015561828 0.995210859 70.284939757
0.995155629 0.010518313 -0.097747836 -4.830707977 -0.009376966 0.999882479 0.012128522 -0.646862600 0.097863921 -0.011153189 0.995137307 71.039595331
0.995031209 0.010349195 -0.099024174 -4.908650245 -0.009919268 0.999939123 0.004833000 -0.653876514 0.099068163 -0.003826738 0.995073291 71.770160789
0.994897824 0.009425064 -0.100446439 -4.982392745 -0.009577524 0.999953598 -0.001035685 -0.659833834 0.100432017 0.001992429 0.994941928 72.483256381
0.994844405 0.010217171 -0.100897068 -5.057447837 -0.010503818 0.999942165 -0.002310124 -0.664127749 0.100867630 0.003358018 0.994894188 73.180818670
0.994738805 0.012974269 -0.101618784 -5.134309804 -0.012907246 0.999915831 0.001317067 -0.676238428 0.101627319 0.000001481 0.994822541 73.863691733
0.994597243 0.013205052 -0.102965775 -5.203894782 -0.012899201 0.999910192 0.003635742 -0.692453284 0.103004538 -0.002287923 0.994678255 74.521208777
0.994532139 0.010013807 -0.103949739 -5.270119883 -0.010024406 0.999949666 0.000420485 -0.704802756 0.103948717 0.000623848 0.994582463 75.156882043
0.994595203 0.001925084 -0.103810772 -5.326604094 -0.002439052 0.999985388 -0.004824297 -0.715711630 0.103799968 0.005051422 0.994585366 75.773133179
0.994703634 -0.002206548 -0.102760940 -5.382486601 0.001219524 0.999952531 -0.009666893 -0.725766820 0.102777392 0.009490375 0.994659108 76.372342698
0.995033714 0.000218749 -0.099538236 -5.446233104 -0.001210551 0.999950224 -0.009903744 -0.736432782 0.099531115 0.009975056 0.994984450 76.960919912
0.995426677 0.005148091 -0.095389874 -5.509958841 -0.005837500 0.999958812 -0.006949631 -0.747677533 0.095350168 0.007474687 0.995415730 77.534571777
0.995863937 0.003549739 -0.090787765 -5.556266635 -0.003917893 0.999984809 -0.003877214 -0.758381324 0.090772622 0.004216874 0.995862716 78.095114416
0.996366916 -0.000185520 -0.085164156 -5.590889573 0.000219544 0.999999900 0.000390150 -0.769745722 0.085164075 -0.000407430 0.996366857 78.643468965
0.997020829 -0.004634211 -0.076993449 -5.620225859 0.004953012 0.999979932 0.003950183 -0.783629962 0.076973598 -0.004319764 0.997023773 79.176908730
0.997810891 -0.001046392 -0.066123610 -5.654234482 0.001306237 0.999991594 0.003886567 -0.792371601 0.066118988 -0.003964432 0.997803870 79.694708618
0.998696295 0.004107594 -0.050880631 -5.682898069 -0.003933752 0.999986080 0.003516337 -0.799972586 0.050894366 -0.003311601 0.998698552 80.199812275
0.999425027 0.009157424 -0.032645939 -5.698356284 -0.009025114 0.999950461 0.004197942 -0.805105097 0.032682764 -0.003900895 0.999458163 80.693578550
0.999917388 0.007500986 -0.010438066 -5.689272960 -0.007450319 0.999960316 0.004884501 -0.809993358 0.010474290 -0.004806331 0.999933592 81.174698287
0.999865191 0.003964574 0.015933656 -5.661323233 -0.004060763 0.999973700 0.006009064 -0.816675087 -0.015909414 -0.006072957 0.999854994 81.643058665
0.998952245 0.002805029 0.045678695 -5.620592425 -0.003164440 0.999964589 0.007797832 -0.823707178 -0.045655204 -0.007934209 0.998925748 82.102136662
0.996871014 0.002296300 0.079012080 -5.565618702 -0.003056822 0.999950147 0.009505789 -0.830008903 -0.078986313 -0.009717571 0.996828336 82.553489757
0.993156610 0.002148999 0.116770415 -5.491389351 -0.003374399 0.999941287 0.010297414 -0.834866231 -0.116741430 -0.010620975 0.993105550 82.995736742
0.987327246 0.002304906 0.158680798 -5.398024289 -0.004038550 0.999935623 0.010603753 -0.838749037 -0.158646142 -0.011110215 0.987272994 83.427863284
0.978914132 0.001993318 0.204262449 -5.287596014 -0.004298169 0.999932000 0.010840742 -0.843160924 -0.204226950 -0.011490110 0.978856134 83.846854190
0.967261762 0.004154068 0.253746779 -5.159169224 -0.006683626 0.999936189 0.009107556 -0.850547998 -0.253692753 -0.010505339 0.967227804 84.249848350
0.951590664 0.005065221 0.307326457 -5.008414947 -0.007452691 0.999950478 0.006595400 -0.857993322 -0.307277830 -0.008566530 0.951581289 84.634148036
0.931539298 0.005312677 0.363601859 -4.835323256 -0.007550005 0.999960301 0.004732265 -0.862777556 -0.363562283 -0.007153486 0.931542427 85.003499357
0.906855984 0.005882099 0.421399603 -4.643187677 -0.007981845 0.999962963 0.003219043 -0.867213805 -0.421365061 -0.006282755 0.906869347 85.353635330
0.877398949 0.005921188 0.479724946 -4.428500615 -0.007617834 0.999969719 0.001590224 -0.871638227 -0.479701004 -0.005049726 0.877417488 85.681720908
0.843511325 0.004151304 0.537095347 -4.190037901 -0.004903222 0.999987979 -0.000028544 -0.879427980 -0.537089009 -0.002609420 0.843521539 85.987194048
0.806071106 0.003679511 0.591807260 -3.932873322 -0.003939926 0.999991876 -0.000850988 -0.887642944 -0.591805584 -0.001645720 0.806079055 86.277593682
0.765476602 0.002293287 0.643459643 -3.658410520 -0.003378233 0.999994190 0.000454860 -0.895075043 -0.643454862 -0.002521942 0.765479902 86.551042378
0.721910134 0.001880498 0.691984264 -3.367952994 -0.005175963 0.999983007 0.002682306 -0.898240287 -0.691967461 -0.005518069 0.721907600 86.809459673
0.675831879 0.000855557 0.737055317 -3.061036540 -0.004480444 0.999985619 0.002947516 -0.898612859 -0.737042195 -0.005294360 0.675825993 87.045956926
0.628643606 -0.000436299 0.777693402 -2.741216558 -0.001327672 0.999997783 0.001634231 -0.900886268 -0.777692391 -0.002059870 0.628641633 87.251052670
0.581113643 -0.002962928 0.813817028 -2.407533881 0.004219220 0.999990902 0.000627972 -0.902781054 -0.813811485 0.003068750 0.581120857 87.435072075
0.533907784 -0.000924909 0.845542207 -2.071201930 0.002195069 0.999997548 -0.000292188 -0.908298336 -0.845539863 0.002012025 0.533908505 87.604722896
0.486116557 0.001947160 0.873891813 -1.728945589 -0.001878958 0.999997535 -0.001182941 -0.913807699 -0.873891963 -0.001066959 0.486119017 87.763163987
0.440297468 0.004120920 0.897842502 -1.379204434 -0.002773215 0.999990939 -0.003229791 -0.918383492 -0.897847676 -0.001067842 0.440304906 87.899579930
0.397774079 0.001656111 0.917481901 -1.019515894 0.004252980 0.999984299 -0.003648911 -0.921072480 -0.917473539 0.005353474 0.397760790 88.009068345
0.357907754 -0.005670745 0.933739729 -0.648529060 0.019186269 0.999815104 -0.001282175 -0.919751414 -0.933559814 0.018373882 0.357950379 88.096728247
0.322424568 -0.009272624 0.946549743 -0.276716204 0.023022776 0.999733036 0.001951340 -0.920957569 -0.946315143 0.021163043 0.322551974 88.184214670
0.289120526 -0.005136338 0.957278925 0.097754317 0.020273526 0.999794183 -0.000758621 -0.924915241 -0.957078004 0.019626752 0.289165152 88.279501635
0.257872631 0.002428445 0.966175868 0.471081596 0.009355825 0.999943681 -0.005010392 -0.936568003 -0.966133621 0.010331415 0.257835388 88.377982591
0.229318181 0.006745568 0.973328141 0.858042851 0.004630182 0.999957112 -0.008020999 -0.949863474 -0.973340502 0.006346047 0.229277113 88.462186213
0.203585384 0.008444110 0.979020780 1.252588178 0.005907296 0.999934010 -0.009852899 -0.961620691 -0.979039374 0.007789272 0.203522067 88.524710881
0.180030018 0.009852687 0.983611772 1.659345647 0.013131520 0.999836657 -0.012418665 -0.968956691 -0.983573462 0.015152050 0.179871230 88.573690139
0.159755254 0.016244252 0.987022990 2.075237697 0.019990903 0.999606316 -0.019686987 -0.965525425 -0.986954215 0.022876580 0.159367623 88.616129471
0.139899562 0.023062830 0.989897075 2.501600708 0.022015816 0.999409106 -0.026395881 -0.962670376 -0.989920914 0.025486164 0.139309149 88.664058295
0.122159994 0.023861174 0.992223554 2.944998168 0.019463904 0.999461119 -0.026431570 -0.972978706 -0.992319551 0.022541424 0.121629733 88.715807733
0.106527033 0.019429697 0.994119952 3.408808274 0.017607588 0.999615421 -0.021423883 -0.992300114 -0.994153894 0.019786277 0.106143955 88.762065010
0.091844569 0.016149845 0.995642384 3.883351896 0.017798862 0.999682109 -0.017857254 -1.009595194 -0.995614270 0.019361393 0.091527924 88.799816489
0.078501998 0.013713775 0.996819627 4.372479069 0.020115638 0.999680013 -0.015337283 -1.022802113 -0.996710990 0.021255670 0.078201017 88.828703452
0.066813539 0.012867859 0.997682499 4.876333723 0.023881577 0.999609749 -0.014492035 -1.033914972 -0.997479635 0.024794496 0.066480160 88.851851943
0.056595160 0.013580267 0.998304845 5.394807837 0.027036539 0.999519946 -0.015129531 -1.043662187 -0.998031068 0.027846966 0.056200828 88.872119932
0.048633579 0.014144542 0.998716530 5.930800392 0.029101052 0.999455171 -0.015572110 -1.054272691 -0.998392660 0.029821029 0.048195461 88.892247093
0.042874279 0.014583693 0.998974030 6.485034786 0.030874192 0.999396568 -0.015914930 -1.064447339 -0.998603315 0.031524857 0.042398147 88.912498336
0.037092937 0.015733908 0.999187949 7.054762048 0.032050279 0.999342927 -0.016926154 -1.075694956 -0.998797724 0.032652093 0.036564288 88.932495507
0.030984171 0.016443291 0.999384610 7.643546699 0.032620839 0.999315394 -0.017453504 -1.087120525 -0.998987418 0.033141547 0.030426565 88.948763592
0.026501130 0.016508327 0.999512464 8.252529151 0.034997488 0.999235364 -0.017431676 -1.100037243 -0.999035968 0.035442385 0.025903116 88.961809622
0.023431348 0.016548866 0.999588469 8.880066727 0.036486917 0.999182683 -0.017397438 -1.113078210 -0.999059396 0.036879546 0.022808380 88.974084367
0.020142006 0.016165940 0.999666425 9.527782348 0.037182821 0.999165447 -0.016907025 -1.126190013 -0.999105469 0.037510959 0.019524101 88.988385769
0.017564194 0.015686627 0.999722676 10.192381369 0.039141314 0.999099675 -0.016364528 -1.140051023 -0.999079304 0.039417889 0.016934385 88.999100618
0.016737381 0.015456617 0.999740443 10.873572249 0.043418328 0.998926098 -0.016170924 -1.153658828 -0.998916768 0.043677717 0.016048306 89.006427070
0.017577191 0.015204508 0.999729896 11.570258955 0.046645355 0.998783201 -0.016010226 -1.168755977 -0.998756854 0.046914170 0.016846583 89.016836117
0.019801507 0.015149124 0.999689154 12.284886079 0.048231606 0.998706582 -0.016089590 -1.184450193 -0.998639881 0.048535211 0.019045229 89.033638192
0.023565975 0.015095523 0.999608308 13.019263303 0.050692420 0.998581694 -0.016275104 -1.200198634 -0.998436239 0.051056103 0.022767323 89.050978482
0.027806092 0.014621685 0.999506392 13.771533977 0.051146111 0.998562512 -0.016030753 -1.215488098 -0.998304010 0.051566618 0.027018279 89.073124035
0.031812695 0.012984500 0.999409503 14.540176131 0.052738486 0.998500870 -0.014651440 -1.231584440 -0.998101500 0.053173446 0.031080221 89.098525604
0.035734344 0.011429840 0.999295960 15.322831412 0.052588241 0.998527689 -0.013301583 -1.247440437 -0.997976720 0.053026540 0.035080657 89.130666594
0.039852985 0.009272710 0.999162528 16.121438077 0.049457525 0.998712966 -0.011241220 -1.264121091 -0.997980808 0.049864102 0.039343088 89.169310369
0.043889987 0.008132005 0.999003273 16.930821894 0.048716151 0.998759860 -0.010270308 -1.279655502 -0.997847887 0.049118358 0.043439397 89.209982741
0.048099555 0.009060376 0.998801453 17.750227477 0.046067983 0.998874623 -0.011279548 -1.296009090 -0.997779622 0.046555309 0.047628031 89.254224487
0.051333490 0.013180780 0.998594582 18.570493978 0.044230174 0.998901760 -0.015458519 -1.314528087 -0.997701641 0.044961552 0.050694126 89.301004734
0.052616500 0.018329838 0.998446554 19.394049155 0.038466910 0.999052270 -0.020368101 -1.336181503 -0.997873640 0.039478852 0.051861542 89.356711044
0.052670118 0.021371898 0.998383243 20.227392912 0.035540538 0.999097464 -0.023262143 -1.360221371 -0.997979323 0.036708298 0.051863012 89.405135553
0.052755833 0.020814135 0.998390502 21.063274939 0.033266294 0.999191226 -0.022588648 -1.387125361 -0.998053193 0.034404434 0.052020756 89.456805160
0.052788400 0.018933350 0.998426218 21.897236837 0.030559410 0.999321350 -0.020566050 -1.417081385 -0.998138020 0.031596965 0.052173983 89.506630239
0.052692179 0.017855799 0.998451153 22.726132116 0.031631585 0.999308568 -0.019540455 -1.441476591 -0.998109702 0.032612222 0.052090939 89.550014285
0.053141075 0.017206000 0.998438771 23.553873903 0.029127530 0.999399403 -0.018772843 -1.468559334 -0.998162118 0.030079664 0.052607990 89.599919010
0.053272567 0.017618478 0.998424570 24.379411632 0.027700766 0.999433495 -0.019114302 -1.494954476 -0.998195723 0.028675393 0.052754343 89.648584809
0.053490059 0.018164402 0.998403159 25.204526248 0.024982079 0.999497253 -0.019522737 -1.522068020 -0.998255834 0.025986459 0.053009382 89.696593086
0.052285995 0.019572387 0.998440332 26.025806341 0.022256631 0.999536737 -0.020759407 -1.548527194 -0.998384103 0.023307344 0.051826157 89.745154911
0.049631511 0.019203619 0.998582963 26.845794664 0.019466579 0.999606614 -0.020190832 -1.574005040 -0.998577871 0.020441096 0.049238158 89.789024260
0.045783395 0.017894085 0.998791111 27.666076446 0.017036730 0.999680148 -0.018690956 -1.600473080 -0.998806103 0.017871870 0.045463894 89.831348555
0.040973585 0.015513031 0.999039795 28.486412065 0.015176322 0.999754454 -0.016146554 -1.626069624 -0.999044966 0.015823331 0.040728094 89.868346659
0.034784645 0.013496075 0.999303700 29.302693641 0.013148832 0.999816087 -0.013960691 -1.650768775 -0.999308329 0.013625294 0.034600790 89.899522085
0.027391981 0.013742351 0.999530303 30.113158527 0.012694226 0.999820089 -0.014094219 -1.675400563 -0.999544164 0.013074332 0.027212604 89.922424430
0.018636882 0.014750153 0.999717510 30.920926011 0.012271007 0.999812489 -0.014980312 -1.698470763 -0.999751014 0.012546726 0.018452388 89.938005529
0.008727199 0.015276327 0.999845223 31.726789803 0.012603085 0.999802202 -0.015385677 -1.719529320 -0.999882492 0.012735408 0.008532944 89.943557968
-0.001482152 0.014293767 0.999896740 32.532831740 0.013762504 0.999803432 -0.014272033 -1.742323166 -0.999904194 0.013739930 -0.001678578 89.939656051
-0.012189629 0.013338695 0.999836733 33.333449621 0.012801594 0.999831156 -0.013182549 -1.765187024 -0.999843754 0.012638814 -0.012358327 89.928269012
-0.023195667 0.012552897 0.999652132 34.130891820 0.014206441 0.999824343 -0.012225417 -1.786395297 -0.999630001 0.013917922 -0.023369924 89.904883629
-0.034167162 0.012918539 0.999332636 34.923360468 0.014287027 0.999820593 -0.012436373 -1.808501884 -0.999314008 0.013852576 -0.034345599 89.875185222
-0.045135530 0.013518244 0.998889404 35.709977183 0.014821466 0.999807442 -0.012860950 -1.831404757 -0.998870917 0.014224519 -0.045327199 89.836657726
-0.055755738 0.014683243 0.998336466 36.491194623 0.014726923 0.999795180 -0.013882219 -1.852820377 -0.998335823 0.013928411 -0.055960558 89.791496995
-0.066051103 0.015787009 0.997691346 37.266739716 0.015699098 0.999767510 -0.014780519 -1.874043485 -0.997692733 0.014686584 -0.066283588 89.737376500
-0.075471279 0.016461992 0.997012081 38.035466832 0.016562394 0.999746478 -0.015253409 -1.896706734 -0.997010418 0.015361713 -0.075724796 89.675694517
-0.085170872 0.016666499 0.996226957 38.798186188 0.016774934 0.999742358 -0.015291163 -1.925386371 -0.996225137 0.015409280 -0.085428508 89.610861211
-0.094604751 0.016896220 0.995371518 39.556993183 0.017302109 0.999732843 -0.015325779 -1.949619412 -0.995364545 0.015772135 -0.094871817 89.540587555
-0.103144295 0.016396357 0.994531253 40.302725516 0.018308690 0.999726024 -0.014583180 -1.972114000 -0.994497886 0.016704393 -0.103416232 89.461169799
-0.110461858 0.015248441 0.993763384 41.040630969 0.020023093 0.999713507 -0.013114071 -1.994366772 -0.993678647 0.018449612 -0.110735533 89.376137199
-0.115702510 0.013652172 0.993190086 41.768110808 0.022930374 0.999675774 -0.011070029 -2.014556841 -0.993019198 0.021493390 -0.115978046 89.287075623
-0.119468183 0.012132131 0.992763902 42.483077105 0.025930739 0.999622363 -0.009095467 -2.033651757 -0.992499345 0.024656483 -0.119737663 89.195698790
-0.122154892 0.010895048 0.992451248 43.192014965 0.027258594 0.999599384 -0.007618423 -2.053377782 -0.992136660 0.026122198 -0.122402938 89.107705340
-0.123865439 0.010117496 0.992247444 43.883440609 0.027642066 0.999595150 -0.006741769 -2.069132576 -0.991913942 0.026592698 -0.124094961 89.021301119
-0.124592794 0.010684893 0.992150426 44.557493695 0.028727721 0.999561651 -0.007157123 -2.084200421 -0.991791991 0.027610495 -0.124845132 88.934255331
-0.123627172 0.011770586 0.992258926 45.217457580 0.029629616 0.999527596 -0.008165207 -2.100684629 -0.991886288 0.028390809 -0.123917528 88.851232926
-0.120639534 0.013402914 0.992605896 45.863500987 0.030581103 0.999484451 -0.009779021 -2.117133037 -0.992225226 0.029175247 -0.120987214 88.773795375
-0.115512109 0.013996116 0.993207461 46.488086651 0.030841491 0.999469162 -0.010497425 -2.132762688 -0.992827153 0.029419419 -0.115882452 88.704864971
-0.107440390 0.014775551 0.994101728 47.094791238 0.030524662 0.999467207 -0.011556259 -2.149723206 -0.993742828 0.029103011 -0.107834166 88.644225982
-0.096234035 0.014751534 0.995249417 47.676865219 0.029660084 0.999488650 -0.011946434 -2.167498961 -0.994916725 0.028369527 -0.096622357 88.594564630
-0.082409724 0.015031825 0.996485164 48.240528038 0.029128714 0.999495389 -0.012668277 -2.186351814 -0.996172754 0.027982342 -0.082805997 88.556489045
-0.065140801 0.016384564 0.997741561 48.786695894 0.028507073 0.999487661 -0.014552061 -2.204485198 -0.997468808 0.027494758 -0.065574503 88.532229296
-0.043833634 0.018911469 0.998859834 49.321650218 0.027147130 0.999474170 -0.017731784 -2.223184005 -0.998669938 0.026338930 -0.044323977 88.522712976
-0.019160813 0.021873917 0.999577108 49.851040528 0.025315630 0.999450731 -0.021385878 -2.243482602 -0.999495864 0.024895154 -0.019704041 88.528639011
0.009215456 0.023575652 0.999679581 50.377307960 0.023587406 0.999438739 -0.023787410 -2.263295648 -0.999679303 0.023799060 0.008654195 88.552249417
0.042474202 0.023047701 0.998831690 50.900833685 0.021586187 0.999479349 -0.023980574 -2.281732066 -0.998864344 0.022579523 0.041954576 88.593366775
0.080561433 0.020627320 0.996536186 51.422419447 0.020723100 0.999535079 -0.022364680 -2.299839017 -0.996534198 0.022453049 0.080096517 88.656428713
0.122874762 0.016906114 0.992278175 51.933019155 0.018711460 0.999637692 -0.019348561 -2.319309262 -0.992245773 0.020944423 0.122513905 88.740541253
0.168181640 0.012543047 0.985676219 52.442224321 0.016431503 0.999744446 -0.015525706 -2.337729794 -0.985619065 0.018807281 0.167932560 88.853363621
0.216512422 0.009304622 0.976235522 52.943769088 0.012173342 0.999851113 -0.012229545 -2.352657523 -0.976203965 0.014531897 0.216366917 88.995628677
0.268171925 0.007858680 0.963339016 53.432579801 0.008707390 0.999906108 -0.010580927 -2.365310014 -0.963331718 0.011225676 0.268078318 89.161559347
0.323338874 0.007519138 0.946253367 53.898687049 0.008165012 0.999909036 -0.010735518 -2.378152548 -0.946248015 0.011197380 0.323248068 89.348489098
0.381849400 0.008154303 0.924188586 54.343745901 0.010672882 0.999855496 -0.013231669 -2.388662123 -0.924162932 0.014916261 0.381707191 89.557348387
0.442468070 0.011509459 0.896710399 54.760820904 0.011785300 0.999756662 -0.018647355 -2.404177030 -0.896706816 0.018818861 0.442224759 89.790841311
0.503072563 0.014980040 0.864114341 55.159781867 0.013376623 0.999595036 -0.025116336 -2.415982592 -0.864140650 0.024194272 0.502668454 90.050302543
0.562469019 0.019419006 0.826590288 55.539909809 0.009524537 0.999505645 -0.029962441 -2.426536570 -0.826763500 0.024725834 0.562006003 90.341353634
0.618923593 0.022818528 0.785119673 55.887043350 0.005761649 0.999419126 -0.033588885 -2.435566373 -0.785430067 0.025312537 0.618432604 90.662919259
0.672574513 0.024135521 0.739635722 56.216493567 0.004003433 0.999334720 -0.036250373 -2.447729165 -0.740018579 0.027342159 0.672030438 91.005208243
0.721888036 0.022616032 0.691640209 56.512098155 0.003450929 0.999335733 -0.036279257 -2.462594115 -0.692001268 0.028576363 0.721330463 91.367579549
0.767474389 0.019343562 0.640787710 56.789755873 0.001075495 0.999504423 -0.031460328 -2.478651158 -0.641078705 0.024834160 0.767073242 91.759543480
0.809001625 0.014317520 0.587632010 57.036326452 0.000347227 0.999691496 -0.024835288 -2.493881884 -0.587806303 0.020295830 0.808747074 92.169868281
0.845906698 0.012077520 0.533194140 57.254163621 -0.002363721 0.999818639 -0.018897135 -2.507520659 -0.533325670 0.014724891 0.845781832 92.592501940
0.877738278 0.009399456 0.479048187 57.458749744 -0.004143094 0.999919074 -0.012028316 -2.517673119 -0.479122479 0.008572972 0.877706189 93.030217102
0.903569428 0.010212252 0.428319973 57.622393096 -0.008080169 0.999944264 -0.006795595 -2.532208309 -0.428365498 0.002679394 0.903601583 93.471775320
0.923932615 0.012589998 0.382348030 57.770123431 -0.012196157 0.999919659 -0.003453815 -2.543603760 -0.382360795 -0.001472084 0.924011935 93.927942249
0.939367310 0.018485199 0.342414011 57.899247524 -0.019411297 0.999811322 -0.000722439 -2.552768405 -0.342362760 -0.005968064 0.939548893 94.395455546
0.951395068 0.022890892 0.307121201 58.019740502 -0.023530722 0.999721802 -0.001619918 -2.556971622 -0.307072842 -0.005685601 0.951669031 94.867287009
0.960754858 0.024887139 0.276280170 58.134899885 -0.025496357 0.999673952 -0.001387270 -2.560279983 -0.276224615 -0.005711312 0.961076138 95.344138534
0.966934833 0.019760754 0.254256842 58.251023514 -0.020129293 0.999796721 -0.001152468 -2.567652621 -0.254227930 -0.004003649 0.967136045 95.818912903
0.970973174 0.016856847 0.238593674 58.364362717 -0.017250759 0.999851099 -0.000437198 -2.576174090 -0.238565517 -0.003691414 0.971119389 96.307965866
0.973961698 0.021090393 0.225729497 58.466262741 -0.021468263 0.999769225 -0.000780848 -2.580225330 -0.225693873 -0.004085504 0.974189707 96.808398678
0.976022791 0.026855038 0.216005369 58.560420888 -0.027455506 0.999623002 -0.000220891 -2.579867530 -0.215929867 -0.005714942 0.976392151 97.314983668
0.977102642 0.034383722 0.209971870 58.656244078 -0.034766687 0.999393710 -0.001868123 -2.579618440 -0.209908799 -0.005474678 0.977705643 97.832801452
0.977560956 0.040193364 0.206782666 58.756705272 -0.039933951 0.999187567 -0.005430042 -2.586150214 -0.206832921 -0.002949452 0.978371833 98.357877976
0.977722702 0.041501715 0.205756959 58.868444927 -0.040745371 0.999138224 -0.007913584 -2.598315049 -0.205908070 -0.000646353 0.978571126 98.892618160
0.977277917 0.040090735 0.208136028 58.987679188 -0.038557404 0.999191123 -0.011420448 -2.610080751 -0.208425525 0.003135767 0.978033214 99.435473317
0.976477503 0.038676108 0.212122238 59.109537896 -0.035696790 0.999203090 -0.017858451 -2.617179160 -0.212643891 0.009866293 0.977079952 99.978842347
0.975580587 0.038783585 0.216190546 59.238177836 -0.034635956 0.999136625 -0.022942420 -2.623828925 -0.216893682 0.014894214 0.976081602 100.545170287
0.974431695 0.043751224 0.220383081 59.362805627 -0.039890177 0.998963127 -0.021941826 -2.643356444 -0.221114553 0.012589690 0.975166578 101.117126067
0.973017494 0.046610048 0.225974468 59.495686316 -0.043632295 0.998882652 -0.018156839 -2.656027692 -0.226568266 0.007807137 0.973963998 101.717886656
0.971915805 0.044301611 0.231121257 59.632278250 -0.042436210 0.999014095 -0.013038656 -2.674020444 -0.231471027 0.002864566 0.972837581 102.324615826
0.971246891 0.039677249 0.234744954 59.794062465 -0.038958782 0.999211156 -0.007699224 -2.685790625 -0.234865261 -0.001667530 0.972026506 102.946410926
0.970418065 0.037240525 0.238541239 59.946939975 -0.037593517 0.999288395 -0.003071152 -2.697164378 -0.238485863 -0.005987303 0.971127512 103.575602333
0.969824119 0.032779362 0.241591995 60.106401701 -0.033172422 0.999446662 -0.002441345 -2.704702732 -0.241538339 -0.005646516 0.970374849 104.212203707
0.969835697 0.029543074 0.241962659 60.269936566 -0.029076656 0.999562059 -0.005499018 -2.714218000 -0.242019152 -0.001702321 0.970269979 104.856330434
0.969969322 0.029044631 0.241486902 60.433946737 -0.026808901 0.999561927 -0.012539380 -2.724585777 -0.241745315 0.005688815 0.970323060 105.510485689
0.970080433 0.031414882 0.240742724 60.592768122 -0.027606974 0.999434935 -0.019174603 -2.736042463 -0.241209057 0.011954729 0.970399544 106.177337057
0.970620232 0.034487352 0.238132289 60.752137205 -0.029856721 0.999288931 -0.023026242 -2.745996107 -0.238757075 0.015239887 0.970959734 106.859235941
0.971248453 0.032755700 0.235803960 60.919096183 -0.029148726 0.999398893 -0.018767093 -2.759525974 -0.236276946 0.011354125 0.971619415 107.561303661
0.971701462 0.028615641 0.234472629 61.092135865 -0.026757341 0.999580290 -0.011103572 -2.775980605 -0.234691954 0.004515493 0.972059307 108.279018193
0.972250516 0.028969206 0.232141591 61.260303394 -0.028510567 0.999579274 -0.005331250 -2.793134485 -0.232198365 -0.001435178 0.972667394 109.004541912
0.972552510 0.032299786 0.230430768 61.423876782 -0.031763575 0.999477177 -0.006037190 -2.806585646 -0.230505294 -0.001447821 0.973069994 109.737953216
0.972852203 0.038039265 0.228279664 61.583493104 -0.036568669 0.999274178 -0.010670004 -2.817344507 -0.228519853 0.002032453 0.973537131 110.479182466
0.973746865 0.038990957 0.224269367 61.751728099 -0.036305222 0.999211238 -0.016088272 -2.827250343 -0.224719769 0.007523755 0.974394386 111.225843332
0.974696174 0.038118190 0.220259784 61.921912383 -0.034767844 0.999213477 -0.019068958 -2.840574398 -0.220813419 0.010928483 0.975254840 111.983857212
0.975641173 0.035806175 0.216430636 62.092589198 -0.032779514 0.999308348 -0.017559277 -2.858332017 -0.216909672 0.010037063 0.976140078 112.756601792
0.976531678 0.031583280 0.213045483 62.267676362 -0.028941184 0.999460783 -0.015509679 -2.878725956 -0.213420452 0.008979904 0.976919174 113.545523750
0.976972096 0.030331971 0.211200131 62.439639566 -0.028286020 0.999519160 -0.012702328 -2.898321663 -0.211483864 0.006435809 0.977360300 114.343656992
0.977352290 0.026971654 0.209892905 62.615256110 -0.025341695 0.999624209 -0.010451781 -2.913218407 -0.210095931 0.004896030 0.977668517 115.148876790
0.977579130 0.021858674 0.209430760 62.792393703 -0.020361481 0.999749405 -0.009302540 -2.927814227 -0.209581619 0.004829649 0.977779228 115.958375670
0.977712988 0.022604322 0.208725554 62.965705141 -0.021475729 0.999739933 -0.007672006 -2.943899346 -0.208844692 0.003018487 0.977944162 116.775725387
0.977489023 0.028037205 0.209115099 63.132442341 -0.026624330 0.999599711 -0.009568851 -2.960282805 -0.209299676 0.003785898 0.977844217 117.599215329
0.977204827 0.033567937 0.209628053 63.298012065 -0.031569913 0.999418668 -0.012871141 -2.976029936 -0.209938247 0.005959802 0.977696483 118.427053912
0.976670927 0.042296637 0.210534785 63.463474047 -0.040146413 0.999088902 -0.014478681 -2.991314512 -0.210955367 0.005688690 0.977479141 119.265073594
0.975734834 0.048104114 0.213606010 63.632507077 -0.046219278 0.998835824 -0.013812123 -3.011069894 -0.214021755 0.003604254 0.976822245 120.111403883
0.974967879 0.050484100 0.216538660 63.810131569 -0.049105282 0.998724529 -0.011746802 -3.032589603 -0.216855498 0.000819562 0.976203371 120.957159140
0.974381577 0.051042796 0.219032363 63.995833652 -0.049505326 0.998695565 -0.012505625 -3.053038654 -0.219384971 0.001341982 0.975637450 121.800872610
0.974029763 0.049495188 0.220943992 64.184080175 -0.047283688 0.998764465 -0.015290372 -3.071268851 -0.221427808 0.004446231 0.975166630 122.641699035
0.974085063 0.043007552 0.222055488 64.384477309 -0.040946352 0.999064935 -0.013879896 -3.092024671 -0.222444792 0.004427838 0.974935233 123.482339152
0.974289493 0.036310315 0.222354550 64.585622093 -0.033752819 0.999313207 -0.015292516 -3.117395284 -0.222757114 0.007394245 0.974845933 124.323198833
0.974013752 0.035583618 0.223676142 64.779803215 -0.033014467 0.999339034 -0.015216433 -3.142301059 -0.224069755 0.007436467 0.974544737 125.166172058
0.973554775 0.038052882 0.225262243 64.970686752 -0.036192845 0.999268108 -0.012382524 -3.161873416 -0.225568566 0.003902184 0.974219480 126.011760737
0.973207912 0.040112391 0.226400874 65.159987863 -0.039629850 0.999192113 -0.006677984 -3.179268407 -0.226485838 -0.002473166 0.974011319 126.857949660
0.972861514 0.043498784 0.227262692 65.350593403 -0.044087981 0.999024560 -0.002485468 -3.199364241 -0.227149126 -0.007601537 0.973830320 127.703592948
0.972656090 0.042774040 0.228277269 65.541340579 -0.041827963 0.999084443 -0.008983175 -3.219275482 -0.228452515 -0.000810833 0.973554719 128.534746531
0.972939704 0.038572857 0.227816741 65.738835774 -0.034157563 0.999144974 -0.023293402 -3.242640584 -0.228520445 0.014881411 0.973425369 129.351333336
