1.000000000 -0.000000000 0.000000000 -0.000000000 -0.000000000 1.000000000 -0.000000000 0.000000000 0.000000000 -0.000000000 1.000000000 -0.000000000
0.999979479 0.000557158 -0.006382105 -0.009652533 -0.000555279 0.999999802 0.000296050 -0.000803090 0.006382268 -0.000292500 0.999979590 0.093272622
0.999909719 0.001176618 -0.013385405 -0.019844900 -0.001173860 0.999999288 0.000213834 -0.001697824 0.013385647 -0.000198102 0.999910389 0.189292082
0.999780727 0.001529220 -0.020884442 -0.032073044 -0.001540467 0.999998677 -0.000522419 -0.002165847 0.020883616 0.000554476 0.999781760 0.288338325
0.999546423 0.002150247 -0.030038737 -0.046765019 -0.002209390 0.999995686 -0.001935843 -0.002604425 0.030034445 0.002001333 0.999546861 0.392594577
0.999136051 0.002332038 -0.041493526 -0.064675714 -0.002481022 0.999990659 -0.003539391 -0.002667858 0.041484884 0.003639280 0.999132504 0.507850097
0.998487507 0.002277662 -0.054931868 -0.087851086 -0.002528033 0.999986730 -0.004488789 -0.002920190 0.054920915 0.004620869 0.998480015 0.634970538
0.997459921 0.002324718 -0.071192012 -0.114985765 -0.002654753 0.999986163 -0.004541574 -0.003022552 0.071180469 0.004719035 0.997452290 0.774608024
0.995963281 0.000869621 -0.089757379 -0.146307868 -0.001285600 0.999988700 -0.004576775 -0.004157801 0.089752385 0.004673692 0.995953144 0.926251113
0.993969684 -0.000215598 -0.109655008 -0.182895451 -0.000306907 0.999988681 -0.004748089 -0.006354298 0.109654790 0.004753110 0.993958367 1.087729251
0.991263651 -0.000251720 -0.131895075 -0.228940647 -0.000429489 0.999986717 -0.005136302 -0.009372530 0.131894616 0.005148077 0.991250376 1.257276513
0.987751003 0.003441220 -0.156000365 -0.286086635 -0.004514680 0.999968505 -0.006527344 -0.013660740 0.155972989 0.007151682 0.987735430 1.429824762
0.983374097 0.007789552 -0.181424112 -0.352113778 -0.009403379 0.999923490 -0.008036877 -0.018433759 0.181347627 0.009609257 0.983372107 1.608672045
0.977963669 0.010731543 -0.208499150 -0.422709692 -0.012878591 0.999877076 -0.008942819 -0.023606290 0.208377550 0.011430928 0.977981662 1.792949805
0.971175050 0.011589284 -0.238085510 -0.495786702 -0.014150177 0.999858926 -0.009049898 -0.027358413 0.237947041 0.012157987 0.971202033 1.982436010
0.963077860 0.013614406 -0.268878565 -0.581464680 -0.016495115 0.999828177 -0.008457400 -0.030603308 0.268717223 0.012580318 0.963136953 2.174587379
0.953596088 0.015590978 -0.300684923 -0.678669074 -0.018670121 0.999798538 -0.007369564 -0.032739848 0.300509448 0.012641411 0.953695059 2.370487634
0.942228927 0.017747242 -0.334499156 -0.780357335 -0.021045800 0.999759045 -0.006239165 -0.033546473 0.334307828 0.012918524 0.942375396 2.566843733
0.929611204 0.020070625 -0.367994810 -0.889194416 -0.023845238 0.999699340 -0.005712606 -0.035836512 0.367769513 0.014085426 0.929810296 2.756416828
0.915587795 0.022778587 -0.401472446 -1.005575268 -0.027055196 0.999621510 -0.004985253 -0.036678810 0.401206936 0.015426352 0.915857534 2.940786796
0.899370981 0.023416588 -0.436558704 -1.129169343 -0.028108525 0.999595671 -0.004290080 -0.036009990 0.436281732 0.016129394 0.899665545 3.127745354
0.880737944 0.018976958 -0.473223571 -1.255744208 -0.024177149 0.999695643 -0.004907933 -0.036712696 0.472986404 0.015763799 0.880928694 3.313145872
0.859281582 0.014155370 -0.511306942 -1.393676069 -0.019579523 0.999794647 -0.005225552 -0.039821994 0.511127974 0.014501367 0.859382281 3.498027020
0.834027485 0.016006556 -0.551490656 -1.552379900 -0.020408130 0.999790029 -0.001845447 -0.046066868 0.551345320 0.012794047 0.834179028 3.675309245
0.804663144 0.022063757 -0.593321510 -1.733741773 -0.025664175 0.999667814 0.002368719 -0.054242236 0.593176680 0.013321087 0.804962095 3.844146298
0.771662213 0.025258636 -0.635530825 -1.927638224 -0.029018224 0.999568785 0.004493058 -0.058517275 0.635370263 0.014974853 0.772062421 4.010632162
0.735136673 0.024805754 -0.677464941 -2.130787085 -0.028597143 0.999575508 0.005568430 -0.062144562 0.677315492 0.015280005 0.735533987 4.174218994
0.694695196 0.020837670 -0.719002348 -2.348725115 -0.022837088 0.999715332 0.006908076 -0.061490668 0.718941620 0.011620913 0.694973310 4.344537057
0.651339448 0.017347548 -0.758588153 -2.584485437 -0.017741115 0.999813493 0.007631051 -0.060044342 0.758579051 0.008487795 0.651525733 4.505326260
0.606036385 0.016961181 -0.795256071 -2.844748800 -0.015290591 0.999836311 0.009672042 -0.057724764 0.795289946 0.006298325 0.606196530 4.653963197
0.557456897 0.017744051 -0.830016239 -3.124979381 -0.013142265 0.999834903 0.012547797 -0.054015914 0.830101854 0.003913437 0.557598060 4.792202143
0.506096718 0.018547590 -0.862277275 -3.422853388 -0.011885520 0.999823788 0.014530244 -0.049274424 0.862394832 0.002894905 0.506227985 4.915029255
0.453025698 0.020078214 -0.891271329 -3.741629812 -0.011154047 0.999795752 0.016853501 -0.043019983 0.891427677 0.002306213 0.453157122 5.023118224
0.398005548 0.022231239 -0.917113600 -4.079888856 -0.010128682 0.999751885 0.019838820 -0.036011640 0.917327092 0.001393192 0.398131970 5.121129892
0.342383980 0.024370352 -0.939244003 -4.435019857 -0.009388514 0.999702384 0.022516644 -0.032393088 0.939513207 0.001108767 0.342510882 5.200657389
0.287373437 0.027637429 -0.957419804 -4.808371390 -0.006617374 0.999617053 0.026869288 -0.031913827 0.957795760 -0.001385914 0.287446275 5.264796719
0.233552621 0.029774531 -0.971888188 -5.196529707 -0.001496388 0.999540878 0.030262098 -0.033085521 0.972343013 -0.005613471 0.233489946 5.321881433
0.182483830 0.030250125 -0.982743396 -5.590120552 0.001365638 0.999517830 0.031020047 -0.029389390 0.983207906 -0.007002728 0.182354531 5.360368809
0.134752826 0.031442907 -0.990380240 -6.004509079 0.000083987 0.999496037 0.031743745 -0.027114368 0.990879240 -0.004360738 0.134682274 5.377992976
0.092142349 0.031799090 -0.995237964 -6.438289940 -0.001549299 0.999493318 0.031791615 -0.016615393 0.995744640 -0.001387433 0.092144928 5.381905090
0.054196598 0.030298261 -0.998070511 -6.886108142 -0.002654604 0.999540389 0.030198734 -0.005037704 0.998526756 0.001012814 0.054252118 5.374818625
0.019669789 0.027643535 -0.999424301 -7.347499944 -0.001395399 0.999617482 0.027621416 0.004005001 0.999805557 0.000851289 0.019700839 5.359360807
-0.011752142 0.024957628 -0.999619430 -7.826763452 -0.000800181 0.999687912 0.024968745 0.010464403 0.999930621 0.001093313 -0.011728504 5.331610010
-0.038385700 0.023211684 -0.998993371 -8.319175415 -0.001040311 0.999728705 0.023268743 0.016226478 0.999262456 0.001932451 -0.038351139 5.292813498
-0.059210095 0.020874702 -0.998027260 -8.827531825 -0.001300292 0.999778872 0.020988481 0.026466773 0.998244696 0.002540457 -0.059169859 5.245093329
-0.075555450 0.020007023 -0.996940867 -9.353349500 -0.000722440 0.999797329 0.020119099 0.039553891 0.997141340 0.002240337 -0.075525683 5.192878244
-0.088661975 0.020364443 -0.995853575 -9.894304505 0.000052215 0.999791074 0.020440313 0.048480722 0.996061771 0.001760280 -0.088644514 5.135820141
-0.098211987 0.021558523 -0.994931975 -10.455126025 -0.001294818 0.999761710 0.021790989 0.051179549 0.995164674 0.003428392 -0.098160670 5.068486906
-0.104906625 0.022938542 -0.994217493 -11.030894334 -0.003117732 0.999721450 0.023394502 0.054414857 0.994477189 0.005553942 -0.104805887 4.995851337
-0.109360119 0.023855905 -0.993715885 -11.620790918 -0.002927362 0.999699897 0.024321723 0.064378540 0.993997885 0.005568793 -0.109257465 4.924771923
-0.110848936 0.024518276 -0.993534784 -12.226506651 -0.000594843 0.999693826 0.024736634 0.077661269 0.993837089 0.003333027 -0.110800413 4.858153719
-0.109924892 0.026736740 -0.993580226 -12.852961151 0.001559175 0.999641545 0.026727347 0.089199362 0.993938674 0.001388835 -0.109927176 4.791213882
-0.108490944 0.029231153 -0.993667578 -13.489307510 0.000767703 0.999569753 0.029320961 0.096480770 0.994097141 0.002418217 -0.108466707 4.720547157
-0.106857310 0.029171436 -0.993846338 -14.142379869 -0.001376735 0.999564207 0.029487292 0.106616704 0.994273413 0.004519196 -0.106770581 4.646471713
-0.105378576 0.026561413 -0.994077385 -14.806793380 -0.003069636 0.999629770 0.027035172 0.119390440 0.994427440 0.005900384 -0.105258027 4.574463020
-0.104164873 0.026417822 -0.994209122 -15.491445728 -0.003339629 0.999632233 0.026911821 0.135991994 0.994554436 0.006123556 -0.104038339 4.503391499
-0.102492605 0.029098915 -0.994308060 -16.193881188 -0.002939206 0.999558818 0.029555553 0.153680683 0.994729424 0.005951701 -0.102361859 4.431797534
-0.100643780 0.032665720 -0.994386132 -16.911366063 -0.003967047 0.999439750 0.033233244 0.167742960 0.994914615 0.007289496 -0.100457808 4.356809705
-0.098962073 0.034810241 -0.994482154 -17.643425755 -0.004383708 0.999362996 0.035417314 0.179891848 0.995081550 0.007864490 -0.098746436 4.283287388
-0.097096636 0.034120998 -0.994689902 -18.388585893 -0.006262773 0.999371433 0.034892930 0.198464092 0.995255254 0.009617503 -0.096821912 4.203651147
-0.095358792 0.030981313 -0.994960732 -19.145842752 -0.008614974 0.999452441 0.031946851 0.218261184 0.995405688 0.011617974 -0.095039674 4.124104767
-0.093721903 0.030337888 -0.995136080 -19.919172508 -0.009585595 0.999461795 0.031372533 0.236562190 0.995552270 0.012479265 -0.093380654 4.043548781
-0.092108924 0.032643008 -0.995213736 -20.704125595 -0.006992367 0.999416667 0.033428021 0.255133357 0.995724386 0.010037919 -0.091826942 3.971749499
-0.090956553 0.034774403 -0.995247530 -21.497519063 -0.004715353 0.999363898 0.035349171 0.271218708 0.995843698 0.007908182 -0.090734722 3.900029453
-0.089542018 0.036498704 -0.995314057 -22.297739270 -0.003721997 0.999309073 0.036980048 0.287547330 0.995976091 0.007015824 -0.089344303 3.824540320
-0.088785851 0.031915139 -0.995539299 -23.099621787 -0.003525842 0.999470201 0.032355604 0.301296443 0.996044498 0.006382834 -0.088626285 3.749221298
-0.088474451 0.025013633 -0.995764324 -23.913861852 -0.002001326 0.999678159 0.025289768 0.313576452 0.996076436 0.004230348 -0.088395916 3.674936381
-0.088550086 0.020475035 -0.995861263 -24.736937529 0.001082231 0.999790095 0.020459583 0.328838016 0.996071138 0.000733946 -0.088553657 3.604060869
-0.089025916 0.021309022 -0.995801342 -25.571192681 0.002314938 0.999772849 0.021187049 0.340976543 0.996026620 -0.000419022 -0.089055022 3.528060640
-0.089028828 0.028757584 -0.995613815 -26.419225353 0.001840430 0.999586153 0.028707749 0.349754488 0.996027349 0.000723460 -0.089044910 3.447403600
-0.089361689 0.035818649 -0.995354968 -27.267645735 0.000442455 0.999354468 0.035922851 0.365007800 0.995999143 0.002769727 -0.089319851 3.366241651
-0.089812205 0.041187134 -0.995106722 -28.121034685 -0.001480409 0.999137922 0.041487597 0.381179481 0.995957618 0.005199258 -0.089673806 3.285221975
-0.090083185 0.041458213 -0.995070970 -28.965148221 -0.003098522 0.999116699 0.041907280 0.398647662 0.995929425 0.006858391 -0.089875156 3.200439874
-0.090316602 0.037995836 -0.995188036 -29.803544738 -0.003133135 0.999256171 0.038435498 0.416670679 0.995908176 0.006589422 -0.090130376 3.118620855
-0.090666489 0.035233492 -0.995257850 -30.641681840 -0.003327579 0.999357663 0.035681768 0.436434007 0.995875753 0.006546940 -0.090491009 3.038247937
-0.090779463 0.036380416 -0.995206287 -31.483673633 -0.004793646 0.999304971 0.036967507 0.455963083 0.995859483 0.008126557 -0.090541974 2.955511609
-0.090722872 0.038664383 -0.995125332 -32.324681773 -0.005464368 0.999211676 0.039321324 0.472520740 0.995861186 0.009005075 -0.090440077 2.875175322
-0.090518520 0.036972029 -0.995208253 -33.162751234 -0.006341562 0.999268992 0.037699678 0.487049360 0.995874582 0.009723694 -0.090217890 2.792568012
-0.089988802 0.031676643 -0.995438901 -33.996539592 -0.007241212 0.999446843 0.032458796 0.504119811 0.995916453 0.010129113 -0.089709647 2.708549098
-0.089668971 0.027434582 -0.995593702 -34.831151183 -0.008548654 0.999562526 0.028313888 0.520434686 0.995934936 0.011049863 -0.089395214 2.624858764
-0.089014576 0.028121183 -0.995633268 -35.671751263 -0.007991577 0.999549022 0.028946268 0.533922489 0.995998263 0.010533319 -0.088749700 2.543936934
-0.088350951 0.030581891 -0.995619836 -36.511534066 -0.006824016 0.999486545 0.031306224 0.544116372 0.996066033 0.009560061 -0.088096895 2.466974236
-0.087925773 0.035515077 -0.995493716 -37.351961469 -0.006571974 0.999321792 0.036232108 0.557766504 0.996105350 0.009728095 -0.087632737 2.389575168
-0.087263584 0.041112878 -0.995336525 -38.196347512 -0.005680768 0.999111235 0.041766841 0.575895487 0.996169060 0.009299000 -0.086952474 2.313066344
-0.087447622 0.044312573 -0.995183053 -39.034681414 -0.005920201 0.998969382 0.045001380 0.593650201 0.996151527 0.009826947 -0.087095157 2.237533105
-0.087116644 0.044267744 -0.995214076 -39.873013649 -0.005543470 0.998975194 0.044920292 0.614094223 0.996182694 0.009430245 -0.086781970 2.162108800
-0.086933807 0.040003608 -0.995410581 -40.702835272 -0.005443332 0.999159447 0.040629659 0.634148322 0.996199219 0.008950441 -0.086642981 2.086607786
-0.086430144 0.035546328 -0.995623568 -41.533529748 -0.006357227 0.999323247 0.036230287 0.653505038 0.996237630 0.009460794 -0.086145676 2.007613222
-0.086332099 0.032749298 -0.995728001 -42.364164470 -0.010169631 0.999378528 0.033751096 0.670314222 0.996214509 0.013039989 -0.085945398 1.925767826
-0.086842121 0.030870518 -0.995743670 -43.193784121 -0.013299654 0.999394770 0.032143618 0.686267060 0.996133307 0.016034466 -0.086378995 1.843880275
-0.087557462 0.029059401 -0.995735528 -44.023635511 -0.011062045 0.999484427 0.030141521 0.695274101 0.996098048 0.013653986 -0.087190864 1.770461540
-0.088766944 0.025359717 -0.995729539 -44.848604687 -0.007601019 0.999629481 0.026136656 0.705420154 0.996023421 0.009888630 -0.088541294 1.699384495
-0.089475405 0.023811456 -0.995704357 -45.672182615 -0.003216213 0.999702059 0.024196071 0.717958894 0.995983839 0.005367351 -0.089372163 1.626682995
-0.091398087 0.027291203 -0.995440395 -46.498209319 -0.002883143 0.999612946 0.027670319 0.726814309 0.995810262 0.005399011 -0.091284026 1.549678669
-0.092998430 0.033586613 -0.995099609 -47.323366857 -0.000339875 0.999429758 0.033764528 0.735272545 0.995666197 0.003478257 -0.092933983 1.471708266
-0.094993282 0.037163942 -0.994783955 -48.140851341 0.001544621 0.999307189 0.037185426 0.747817309 0.995476715 0.001995801 -0.094984874 1.395926551
-0.096464108 0.036238282 -0.994676562 -48.950206824 0.001598030 0.999341357 0.036253253 0.760783176 0.995335181 0.001907615 -0.096458483 1.316015435
-0.097500831 0.032386583 -0.994708348 -49.751956804 -0.001660590 0.999463696 0.032704182 0.770573573 0.995234058 0.004840488 -0.097394760 1.227910078
-0.098736778 0.028613504 -0.994702124 -50.549918356 -0.006349762 0.999548052 0.029383196 0.783598242 0.995093327 0.009217324 -0.098510465 1.137813938
-0.100051972 0.026979625 -0.994616360 -51.346496013 -0.010521299 0.999547725 0.028171766 0.795547560 0.994926583 0.013283297 -0.099722860 1.046892267
-0.101041322 0.028041901 -0.994486955 -52.141060686 -0.012132114 0.999493636 0.029415716 0.803346451 0.994808254 0.015037432 -0.100649951 0.957522735
-0.102017508 0.029479588 -0.994345705 -52.930239924 -0.011952372 0.999452335 0.030857270 0.812701368 0.994710797 0.015032771 -0.101609286 0.873446493
-0.102983807 0.028915765 -0.994262648 -53.713304041 -0.013756043 0.999440373 0.030491172 0.821987204 0.994587908 0.016817217 -0.102528408 0.785470781
-0.103529695 0.028700779 -0.994212184 -54.488555323 -0.014707058 0.999430129 0.030382891 0.830506477 0.994517624 0.017767468 -0.103048593 0.697806999
-0.104034315 0.030336484 -0.994110939 -55.263621763 -0.013178044 0.999404917 0.031877127 0.842111674 0.994486400 0.016416752 -0.103572631 0.613107422
-0.104349097 0.033014198 -0.993992620 -56.034608755 -0.012306471 0.999329499 0.034483386 0.855152946 0.994464588 0.015830851 -0.103872842 0.529313213
-0.104513738 0.037109319 -0.993830859 -56.803324703 -0.012503030 0.999175601 0.038623739 0.867445823 0.994444846 0.016462608 -0.103963598 0.443198243
-0.105196620 0.039119028 -0.993681726 -57.561916274 -0.012350344 0.999097534 0.040639712 0.880907243 0.994374748 0.016547472 -0.104618550 0.360734287
-0.105822715 0.038945722 -0.993622053 -58.320905925 -0.011821012 0.999112854 0.040419899 0.897243886 0.994314747 0.016022961 -0.105268457 0.276476537
-0.106192429 0.036917199 -0.993660047 -59.068855032 -0.010741954 0.999209644 0.038271374 0.912705603 0.994287573 0.014737981 -0.105711937 0.195733828
-0.106359503 0.033290505 -0.993770295 -59.805178109 -0.010154385 0.999350890 0.034564236 0.926339480 0.994275890 0.013767361 -0.105952420 0.112593445
-0.105968117 0.030424920 -0.993903960 -60.533208305 -0.010369030 0.999443641 0.031700024 0.937422122 0.994315464 0.013665012 -0.105593684 0.027937169
-0.104685924 0.028016563 -0.994110622 -61.244477686 -0.010805675 0.999512059 0.029306693 0.947309541 0.994446627 0.013810034 -0.104332105 -0.052705850
-0.102199229 0.027222802 -0.994391390 -61.944163760 -0.013190036 0.999500517 0.028718286 0.954357239 0.994676500 0.016051045 -0.101789113 -0.133645705
-0.097938917 0.028121978 -0.994795016 -62.628523594 -0.013464568 0.999471731 0.029579790 0.960461416 0.995101339 0.016291497 -0.097508528 -0.207223590
-0.091895133 0.029632518 -0.995327684 -63.297453835 -0.012675101 0.999441330 0.030925236 0.968042939 0.995688017 0.015457758 -0.091468199 -0.272041858
-0.084424348 0.031128553 -0.995943544 -63.954988271 -0.011895537 0.999409196 0.032245237 0.974524166 0.996358884 0.014569566 -0.084004179 -0.330190828
-0.075454446 0.032467374 -0.996620538 -64.595446518 -0.012978973 0.999353130 0.033539037 0.980910804 0.997064779 0.015465780 -0.074984244 -0.382309663
-0.063314517 0.034113082 -0.997410432 -65.220448348 -0.015257425 0.999265748 0.035145062 0.987568520 0.997876988 0.017443107 -0.062747551 -0.426943880
-0.048179079 0.035471373 -0.998208675 -65.828579341 -0.018317691 0.999169784 0.036389639 0.997887209 0.998670736 0.020038098 -0.047489327 -0.460147743
-0.029512040 0.036545918 -0.998896108 -66.417811334 -0.019906799 0.999111703 0.037141946 1.008576074 0.999366179 0.020980959 -0.028758312 -0.475532626
-0.007117994 0.037335870 -0.999277422 -66.987100662 -0.020811151 0.999080772 0.037476763 1.016171925 0.999758086 0.021062872 -0.006334448 -0.472556756
0.018544315 0.037694874 -0.999117213 -67.534525292 -0.020261372 0.999098012 0.037318085 1.022702360 0.999622721 0.019551447 0.019291338 -0.449492491
0.047954911 0.037231907 -0.998155354 -68.060027399 -0.018766345 0.999162250 0.036367863 1.030149586 0.998673195 0.016987710 0.048613444 -0.403694320
0.082393542 0.037118798 -0.995908379 -68.564181447 -0.017542609 0.999205338 0.035790344 1.039067982 0.996445463 0.014521938 0.082979228 -0.342854316
0.120348373 0.037358854 -0.992028520 -69.051890088 -0.016813703 0.999225022 0.035590106 1.047041862 0.992589325 0.012396461 0.120883246 -0.262279352
0.161437191 0.036918973 -0.986192183 -69.528450671 -0.016616928 0.999260035 0.034688030 1.054922487 0.986743083 0.010787546 0.161931213 -0.162402501
0.206996066 0.037716301 -0.977614499 -69.978536283 -0.015785670 0.999255299 0.035208809 1.061783625 0.978214415 0.008144215 0.207437293 -0.045499864
0.255767129 0.036176465 -0.966061302 -70.411351551 -0.012756212 0.999338877 0.034045384 1.066611027 0.966654258 0.003615592 0.256059510 0.095047061
0.306284895 0.031106242 -0.951431534 -70.824194535 -0.005177892 0.999505628 0.031011116 1.069488146 0.951925812 -0.004571826 0.306294541 0.263725161
0.357770961 0.025614904 -0.933457989 -71.220508032 -0.000042370 0.999624156 0.027414323 1.073468826 0.933809369 -0.009768498 0.357637580 0.456552390
0.410392364 0.020484648 -0.911678939 -71.610794119 0.005025322 0.999681681 0.024724143 1.082874243 0.911895199 -0.014728080 0.410158786 0.670329304
0.461897249 0.019606532 -0.886716705 -71.993592624 0.004704774 0.999687404 0.024555222 1.094733106 0.886920964 -0.015513791 0.461660618 0.901369091
0.510453030 0.017982520 -0.859717589 -72.364249246 0.006424505 0.999673660 0.024724468 1.104760457 0.859881637 -0.018143939 0.510170920 1.155206757
0.555976051 0.013301333 -0.831091875 -72.717863834 0.014257632 0.999572231 0.025535739 1.113384462 0.831076020 -0.026046661 0.555548577 1.436389452
0.600445565 0.006185499 -0.799641709 -73.050469795 0.024965741 0.999337625 0.026476821 1.120976961 0.799275819 -0.035861537 0.599893420 1.738209678
0.643717702 0.000685911 -0.765262732 -73.373763732 0.026709515 0.999370187 0.023363044 1.127628358 0.764796785 -0.035479001 0.643293960 2.041703916
0.684994191 -0.004243145 -0.728536172 -73.673085626 0.023801518 0.999579585 0.016557229 1.132307016 0.728159629 -0.028681873 0.684807203 2.360446978
0.725865045 -0.011498921 -0.687741020 -73.962917606 0.020736696 0.999771603 0.005170185 1.140951697 0.687524491 -0.018014333 0.725937710 2.697846073
0.765486077 -0.014455647 -0.643290059 -74.247402154 0.016436593 0.999860677 -0.002909497 1.146921372 0.643242493 -0.008346318 0.765617029 3.066210863
0.802856012 -0.016017567 -0.595957768 -74.526453396 0.015579779 0.999861311 -0.005884689 1.152459840 0.595969373 -0.004560333 0.802994215 3.473792503
0.837243323 -0.017864179 -0.546538644 -74.790872931 0.016264618 0.999837571 -0.007764930 1.156549661 0.546588584 -0.002388106 0.837397884 3.911057122
0.868033364 -0.016870648 -0.496219165 -75.040428034 0.013776657 0.999856145 -0.009894063 1.156741691 0.496314701 0.001752135 0.868140915 4.375002184
0.894103879 -0.015902486 -0.447577217 -75.272977881 0.013605428 0.999872604 -0.008346703 1.151510648 0.447652931 0.001373340 0.894206334 4.870620549
0.915578652 -0.009897705 -0.402017124 -75.509404515 0.007624661 0.999944621 -0.007253869 1.148592124 0.402066657 0.003576243 0.915603415 5.393962201
0.932895550 -0.005693769 -0.360102033 -75.702957094 0.002747681 0.999958443 -0.008692629 1.144591653 0.360136562 0.007119870 0.932872426 5.918428456
0.946270042 -0.000843038 -0.323376401 -75.882100952 -0.001437114 0.999975764 -0.006812231 1.134097622 0.323374307 0.006910938 0.946245896 6.462952183
0.956030099 -0.000405858 -0.293268281 -76.039190965 -0.001004578 0.999988643 -0.004658739 1.122880310 0.293266842 0.004748505 0.956018834 7.030127784
0.963172950 -0.000975677 -0.268880858 -76.186257414 0.000203768 0.999995778 -0.002898714 1.111489590 0.268882551 0.002737174 0.963169082 7.616279349
0.968791524 -0.000969415 -0.247875055 -76.328590695 0.000825729 0.999999425 -0.000683631 1.104457015 0.247875575 0.000457618 0.968791768 8.219496765
0.973269457 0.001376501 -0.229662076 -76.469621586 -0.000936433 0.999997511 0.002025128 1.098958182 0.229664292 -0.001755932 0.973268324 8.843857052
0.976755257 0.006170697 -0.214268735 -76.611798438 -0.005500569 0.999977939 0.003723601 1.093970561 0.214286986 -0.002458447 0.976767651 9.483442341
0.979572180 0.009941517 -0.200846985 -76.751116760 -0.009107459 0.999945641 0.005076316 1.088233402 0.200886533 -0.003143412 0.979609473 10.140685858
0.982155727 0.008550889 -0.187874984 -76.872043807 -0.007749412 0.999957472 0.005000112 1.082648823 0.187909750 -0.003454968 0.982180222 10.810789590
0.984670895 0.008554042 -0.174212676 -76.988172416 -0.007844371 0.999957895 0.004761759 1.078219564 0.174246073 -0.003322177 0.984696537 11.497037823
0.987116842 0.008960356 -0.159749971 -77.097016001 -0.008202461 0.999951762 0.005403041 1.076760148 0.159790678 -0.004023090 0.987142722 12.198727871
0.989276159 0.010373066 -0.145688303 -77.199308435 -0.009599778 0.999935861 0.006009882 1.073312056 0.145741299 -0.004546857 0.989312286 12.914079636
0.991048029 0.010409445 -0.133099393 -77.294600005 -0.010064903 0.999944030 0.003261173 1.065680800 0.133125890 -0.001892347 0.991097329 13.640417296
0.992459191 0.010885583 -0.122091188 -77.384819971 -0.011206102 0.999935330 -0.001938880 1.056275374 0.122062187 0.003292425 0.992516994 14.378004027
0.993610364 0.008782086 -0.112522533 -77.465826543 -0.009758190 0.999919362 -0.008126912 1.050489875 0.112442088 0.009173001 0.993615938 15.126894765
0.994489403 0.008545206 -0.104488306 -77.545084954 -0.009473169 0.999919947 -0.008387962 1.043601646 0.104408264 0.009331575 0.994490742 15.894356840
0.995149328 0.010371362 -0.097827650 -77.623664539 -0.010639665 0.999940930 -0.002221324 1.031732865 0.097798833 0.003251403 0.995200893 16.671532993
0.995589325 0.014665260 -0.092665124 -77.705652501 -0.014176221 0.999881907 0.005933563 1.018536741 0.092741199 -0.004593751 0.995679651 17.452370469
0.995972561 0.015252440 -0.088351685 -77.780004910 -0.014461593 0.999849490 0.009584358 1.009092568 0.088484572 -0.008268052 0.996043232 18.229831477
0.996286820 0.013945522 -0.084959377 -77.846276347 -0.013279351 0.999876532 0.008401166 1.003573734 0.085066046 -0.007241766 0.996348997 19.000926196
0.996547656 0.013585081 -0.081903698 -77.911285443 -0.013017318 0.999887427 0.007462104 0.997626503 0.081995851 -0.006370176 0.996612312 19.772896537
0.996811436 0.012035075 -0.078880407 -77.974923052 -0.011309857 0.999889628 0.009634226 0.992557442 0.078987650 -0.008711381 0.996837531 20.548227053
0.997020785 0.009856497 -0.076501003 -78.032417417 -0.008960895 0.999887346 0.012041513 0.987086986 0.076611072 -0.011320121 0.996996790 21.324724042
0.997269638 0.008143535 -0.073395864 -78.091323896 -0.007147747 0.999878954 0.013819828 0.978154350 0.073499522 -0.013257480 0.997207130 22.101624679
0.997485771 0.007208972 -0.070499408 -78.149853425 -0.006515267 0.999928122 0.010064869 0.972893800 0.070566898 -0.009580241 0.997461043 22.869662811
0.997586863 0.009954722 -0.068712106 -78.209363544 -0.009793558 0.999948445 0.002681976 0.965912804 0.068735262 -0.002002568 0.997632925 23.630128613
0.997706822 0.010378681 -0.066883341 -78.267345369 -0.010742147 0.999929413 -0.005076969 0.956548894 0.066825928 0.005783797 0.997747886 24.390954731
0.997803648 0.011131580 -0.065299070 -78.325257446 -0.011770533 0.999886461 -0.009408469 0.945538608 0.065186925 0.010156410 0.997821383 25.150784314
0.997934336 0.012425723 -0.063029063 -78.381132404 -0.012941679 0.999885952 -0.007784332 0.929491291 0.062925149 0.008583954 0.997981333 25.917454173
0.998054630 0.015703825 -0.060335280 -78.441636583 -0.015957795 0.999865710 -0.003729754 0.909699816 0.060268606 0.004685316 0.998171199 26.686528281
0.998157825 0.019412644 -0.057481345 -78.504415407 -0.019356996 0.999811473 0.001524794 0.890894939 0.057500109 -0.000409319 0.998345416 27.458236793
0.998360661 0.017090157 -0.054625250 -78.553560537 -0.016934221 0.999851106 0.003316271 0.879776244 0.054673792 -0.002385799 0.998501419 28.219266902
0.998482242 0.014467486 -0.053140421 -78.598046241 -0.014324510 0.999892685 0.003070439 0.868215720 0.053179139 -0.002304569 0.998582329 28.980031089
0.998567429 0.012797602 -0.051954896 -78.640814347 -0.012655355 0.999915217 0.003065950 0.855043690 0.051989728 -0.002404050 0.998644726 29.738595177
0.998639509 0.012421367 -0.050644257 -78.686154845 -0.012372584 0.999922642 0.001276643 0.844392168 0.050656197 -0.000648306 0.998715940 30.494289858
0.998696060 0.010543094 -0.049950213 -78.725319418 -0.010554996 0.999944294 0.000025501 0.833898362 0.049947699 0.000501757 0.998751709 31.253259164
0.998752929 0.009922032 -0.048929951 -78.769376683 -0.009927610 0.999950712 0.000129029 0.821934865 0.048928819 0.000356889 0.998802204 32.020564311
0.998774494 0.013070386 -0.047735461 -78.819918843 -0.013026893 0.999914400 0.001222129 0.811149195 0.047747348 -0.000598787 0.998859265 32.795435946
0.998790441 0.012786781 -0.047477915 -78.864943384 -0.012785002 0.999918210 0.000341158 0.800032126 0.047478394 0.000266260 0.998872230 33.575170701
0.998725967 0.012134152 -0.048981675 -78.908322295 -0.012133662 0.999926337 0.000307355 0.787997335 0.048981797 0.000287364 0.998799630 34.358889331
0.998657381 0.009893872 -0.050848262 -78.951617754 -0.009866474 0.999951013 0.000789815 0.777850708 0.050853586 -0.000287061 0.998706078 35.147504334
0.998482533 0.011641828 -0.053824709 -79.003130645 -0.011622926 0.999932231 0.000664205 0.767127557 0.053828794 -0.000037596 0.998550179 35.944110764
0.998286387 0.015105348 -0.056534226 -79.060777943 -0.015105858 0.999885813 0.000418354 0.753991988 0.056534090 0.000436361 0.998400574 36.740874725
0.998153719 0.015547128 -0.058714905 -79.121998436 -0.015855057 0.999862864 -0.004782223 0.743384776 0.058632503 0.005704322 0.998263337 37.537877098
0.998036836 0.016536152 -0.060407205 -79.189715665 -0.017071013 0.999819422 -0.008348895 0.731040143 0.060258238 0.009363717 0.998138901 38.344761976
0.997943368 0.015405925 -0.062222912 -79.244808726 -0.016062998 0.999820236 -0.010073566 0.716522927 0.062056534 0.011052335 0.998011439 39.166189592
0.997803538 0.015653471 -0.064366670 -79.303638557 -0.016238738 0.999831333 -0.008579597 0.697318140 0.064221513 0.009605986 0.997889434 39.994332630
0.997683460 0.013975830 -0.066576197 -79.360307389 -0.014529037 0.999863771 -0.007832437 0.678785534 0.066457662 0.008781580 0.997750602 40.828409630
0.997576381 0.013361796 -0.068284888 -79.418634642 -0.013828652 0.999884097 -0.006368744 0.666413984 0.068191876 0.007297597 0.997645535 41.671451391
0.997516856 0.012902858 -0.069236107 -79.482664753 -0.013121698 0.999910243 -0.002706902 0.651235087 0.069194966 0.003608676 0.997596629 42.516079936
0.997475501 0.012608995 -0.069883038 -79.548865574 -0.012504485 0.999919948 0.001932766 0.637829187 0.069901814 -0.001054035 0.997553320 43.370493151
0.997527033 0.012496786 -0.069163926 -79.612622089 -0.012257062 0.999917315 0.003889345 0.626625271 0.069206812 -0.003031981 0.997597727 44.230913431
0.997633871 0.015436944 -0.066995231 -79.680286640 -0.015207830 0.999876637 0.003928539 0.617479569 0.067047611 -0.002900391 0.997745562 45.092684863
0.997769196 0.015452207 -0.064945066 -79.743823249 -0.015323150 0.999879506 0.002484826 0.609555441 0.064975636 -0.001484120 0.997885747 45.963381928
0.997916576 0.012870201 -0.063220770 -79.800996839 -0.012884987 0.999916970 0.000173845 0.598844280 0.063217758 0.000641116 0.997999551 46.834809486
0.998078295 0.008989621 -0.061309899 -79.855240321 -0.009093842 0.999957640 -0.001421087 0.585974781 0.061294527 0.001975899 0.998117767 47.711972782
0.998206176 0.007608306 -0.059384708 -79.908145088 -0.007728015 0.999968543 -0.001786405 0.574756388 0.059369249 0.002242126 0.998233572 48.589212345
0.998277414 0.004995016 -0.058457285 -79.958306176 -0.004963611 0.999987448 0.000682427 0.561245856 0.058459960 -0.000391092 0.998289677 49.471122540
0.998344547 0.002243520 -0.057472876 -80.010077510 -0.002067466 0.999992988 0.003122539 0.547710934 0.057479479 -0.002998547 0.998342185 50.344603026
0.998403305 0.001516531 -0.056467166 -80.062246277 -0.001327904 0.999993413 0.003377835 0.533554963 0.056471916 -0.003297459 0.998398743 51.219730967
0.998464324 0.002595170 -0.055337685 -80.114959337 -0.002586837 0.999996629 0.000222216 0.516765873 0.055338075 -0.000078725 0.998467672 52.090776785
0.998496325 0.005597187 -0.054532189 -80.172874683 -0.005918125 0.999966096 -0.005725594 0.501657729 0.054498293 0.006039712 0.998495597 52.968197410
0.998541247 0.007455890 -0.053476986 -80.224250943 -0.008060937 0.999905819 -0.011107398 0.480103244 0.053389134 0.011522270 0.998507305 53.833474621
0.998538782 0.011950179 -0.052701931 -80.280078854 -0.012854406 0.999775364 -0.016851907 0.455451101 0.052488709 0.017504735 0.998468086 54.692070593
0.998595979 0.011590467 -0.051688790 -80.328726143 -0.012523127 0.999763911 -0.017756517 0.429286690 0.051470781 0.018378892 0.998505371 55.554227000
0.998637640 0.008237032 -0.051526846 -80.372437073 -0.008865873 0.999888842 -0.011987487 0.408715894 0.051422377 0.012427986 0.998599662 56.419615736
0.998613182 0.007464726 -0.052115172 -80.420367873 -0.007631814 0.999966354 -0.003007859 0.384252282 0.052090965 0.003401421 0.998636551 57.284288764
0.998566069 0.006115774 -0.053182735 -80.471389598 -0.005871223 0.999971467 0.004753334 0.361817243 0.053210287 -0.004434271 0.998573484 58.141236443
0.998470716 0.004262694 -0.055118594 -80.523696094 -0.004145777 0.999988908 0.002235368 0.349069799 0.055127511 -0.002003440 0.998477313 58.988054985
0.998339558 -0.001270930 -0.057589170 -80.564544231 0.001205902 0.999998596 -0.001163904 0.332846336 0.057590569 0.001092524 0.998339688 59.830111522
0.998196319 -0.002770902 -0.059970244 -80.618146971 0.002611456 0.999992845 -0.002736963 0.315764757 0.059977399 0.002575417 0.998196413 60.669713419
0.998041450 -0.000625153 -0.062552959 -80.678231037 0.000306995 0.999986970 -0.005095694 0.295239867 0.062555330 0.005066510 0.998028637 61.501826944
0.997858598 0.000960769 -0.065401041 -80.745545856 -0.001522562 0.999962369 -0.008540670 0.274743242 0.065390375 0.008621958 0.997822510 62.328726582
0.997573488 0.001363039 -0.069608025 -80.805403340 -0.002202602 0.999925740 -0.011985972 0.254364655 0.069586519 0.012110207 0.997502411 63.151642136
0.997349182 0.003176558 -0.072694700 -80.872244142 -0.004345358 0.999863736 -0.015925703 0.229245742 0.072634205 0.016199371 0.997227082 63.966392216
0.997097110 0.007735360 -0.075746405 -80.947483664 -0.008979272 0.999830143 -0.016095293 0.203430122 0.075609036 0.016728718 0.996997203 64.780704278
0.996798443 0.011282654 -0.079155320 -81.024895139 -0.012464844 0.999817797 -0.014456882 0.181692686 0.078977786 0.015397256 0.996757460 65.589921763
0.996440594 0.014390459 -0.083060569 -81.102602884 -0.015145759 0.999849418 -0.008470410 0.156143531 0.082926169 0.009698276 0.996508502 66.394548884
0.996085029 0.014757528 -0.087159793 -81.180239029 -0.015072570 0.999882028 -0.002957490 0.132902012 0.087105866 0.004259634 0.996189954 67.197073782
0.995648501 0.013999797 -0.092130710 -81.260157149 -0.014002102 0.999901773 0.000621403 0.115605386 0.092130360 0.000671325 0.995746728 67.987562773
0.995043802 0.013332831 -0.098539672 -81.344246290 -0.013240463 0.999911075 0.001591288 0.101027996 0.098552126 -0.000278691 0.995131851 68.779731651
0.994444265 0.010982428 -0.104689970 -81.427405953 -0.010488563 0.999931123 0.005266797 0.087858865 0.104740602 -0.004139489 0.994490961 69.571398806
0.993727729 0.011305300 -0.111253721 -81.518791156 -0.010832892 0.999929561 0.004849799 0.074375302 0.111300713 -0.003614180 0.993780202 70.355173180
0.992965198 0.016070692 -0.117310907 -81.621846579 -0.015711725 0.999868625 0.003984153 0.061334443 0.117359523 -0.002112968 0.993087246 71.141054470
0.992215635 0.017955110 -0.123230466 -81.728470712 -0.018076079 0.999836605 0.000136399 0.050622706 0.123212780 0.002092187 0.992378070 71.919200152
0.991477934 0.016502944 -0.129225226 -81.833559275 -0.017018065 0.999851026 -0.002882956 0.039849283 0.129158398 0.005057551 0.991611078 72.694317829
0.990772159 0.017689752 -0.134378577 -81.949185916 -0.018433704 0.999820864 -0.004293966 0.025071370 0.134278546 0.006731437 0.990920764 73.469679707
0.990107559 0.019497545 -0.138949151 -82.069913671 -0.019594261 0.999807788 0.000671985 0.014511882 0.138935546 0.002057268 0.990299289 74.242821440
0.989239419 0.020087111 -0.144920252 -82.192951257 -0.019603345 0.999796479 0.004765528 0.001829828 0.144986483 -0.001873326 0.989431862 75.011110262
0.988345644 0.019351897 -0.150991364 -82.316510674 -0.018505233 0.999804185 0.007010606 -0.016723200 0.151097466 -0.004134771 0.988510222 75.770606158
0.987327471 0.016907303 -0.157792927 -82.446187534 -0.016625954 0.999856964 0.003102951 -0.027650322 0.157822820 -0.000440171 0.987467348 76.522687995
0.986059552 0.015163039 -0.165700460 -82.583507427 -0.016081296 0.999861861 -0.004201384 -0.036425501 0.165613865 0.006807493 0.986167179 77.270345861
0.984577996 0.012614077 -0.174490847 -82.725561926 -0.013913276 0.999883832 -0.006224357 -0.049348468 0.174392062 0.008556104 0.984639123 78.014295679
0.982700730 0.012468930 -0.184780413 -82.879957084 -0.013339608 0.999905004 -0.003469509 -0.065881617 0.184719599 0.005874387 0.982773708 78.761385919
0.980568920 0.012260903 -0.195791377 -83.040893200 -0.012017023 0.999924832 0.002433520 -0.074703113 0.195806497 -0.000033404 0.980642552 79.506504697
0.978165901 0.013930400 -0.207358178 -83.212144436 -0.012107768 0.999876128 0.010056361 -0.085871791 0.207472581 -0.007326145 0.978213400 80.247608729
0.975701214 0.014538924 -0.218622415 -83.386982443 -0.011927320 0.999840932 0.013260812 -0.095135316 0.218780438 -0.010331011 0.975719422 80.981210989
0.973068614 0.018241199 -0.229792802 -83.575609451 -0.016718442 0.999823492 0.008572018 -0.104671973 0.229908606 -0.004499384 0.973201823 81.693557251
0.970200870 0.017950183 -0.241636221 -83.768940937 -0.018670734 0.999825447 -0.000692415 -0.112805892 0.241581613 0.005183307 0.970366661 82.405022188
0.967066368 0.015704346 -0.254039392 -83.964840509 -0.017779487 0.999824675 -0.005874489 -0.115285566 0.253902598 0.010197711 0.967176032 83.119058120
0.963831927 0.014320337 -0.266125804 -84.171478633 -0.015202697 0.999883644 -0.001255701 -0.120154564 0.266076857 0.005256115 0.963937487 83.838881488
0.960671693 0.015379998 -0.277260443 -84.394301494 -0.014266577 0.999880028 0.006032797 -0.134221997 0.277319964 -0.001839980 0.960775859 84.562062513
0.957200694 0.015240235 -0.289023471 -84.626050167 -0.012532866 0.999858557 0.011215738 -0.144340927 0.289153521 -0.007113420 0.957256309 85.284583142
0.953409902 0.012791917 -0.301406578 -84.862765040 -0.010523199 0.999902769 0.009149607 -0.151323809 0.301494313 -0.005551565 0.953451813 85.999078475
0.949775466 0.010934884 -0.312741095 -85.105600241 -0.010012045 0.999939496 0.004556574 -0.158420436 0.312771999 -0.001196544 0.949827482 86.709203203
0.946818352 0.006833085 -0.321696003 -85.351755368 -0.008016919 0.999965090 -0.002355390 -0.170835032 0.321668678 0.004809138 0.946840078 87.414379446
0.944189921 0.002734493 -0.329390218 -85.603077200 -0.005802359 0.999948462 -0.008331084 -0.181624329 0.329350460 0.009777366 0.944157125 88.123381881
0.941592581 0.002437802 -0.336745406 -85.864030950 -0.006331008 0.999925212 -0.010463723 -0.194906969 0.336694713 0.011984502 0.941537595 88.833108813
0.938764770 0.007566721 -0.344475617 -86.140176795 -0.011943491 0.999872644 -0.010585281 -0.214013254 0.344351650 0.014051330 0.938735586 89.541150787
0.935801953 0.007318692 -0.352450198 -86.415961045 -0.011026447 0.999902964 -0.008513513 -0.231975090 0.352353690 0.011853235 0.935791845 90.252508723
0.932745510 0.007673427 -0.360453787 -86.695907916 -0.009080387 0.999956330 -0.002209986 -0.240981003 0.360421088 0.005334414 0.932774455 90.969347258
0.930063721 0.009193856 -0.367283198 -86.982561039 -0.007603684 0.999954408 0.005776268 -0.250779681 0.367319559 -0.002579593 0.930091225 91.686046326
0.927550653 0.018867004 -0.373220877 -87.286115406 -0.015299200 0.999804579 0.012519487 -0.265120264 0.373384147 -0.005902478 0.927658040 92.396586247
0.925070736 0.025705160 -0.378923975 -87.596210855 -0.023857550 0.999669550 0.009571167 -0.274242985 0.379044788 0.000186191 0.925378309 93.097015809
0.922843333 0.022173835 -0.384536739 -87.896403615 -0.023313296 0.999726765 0.001698814 -0.279800720 0.384469339 0.007397080 0.923108125 93.796481354
0.920872236 0.014254182 -0.389603828 -88.193984649 -0.017984586 0.999820686 -0.005928790 -0.288285123 0.389449457 0.012466521 0.920963466 94.502705656
0.919281768 0.014877023 -0.393318835 -88.507412656 -0.019006143 0.999797548 -0.006605302 -0.299450898 0.393140939 0.013547608 0.919378412 95.212065499
0.917277407 0.020801468 -0.397705241 -88.834618758 -0.023331071 0.999726635 -0.001521937 -0.313729827 0.397564863 0.010674927 0.917511976 95.924784879
0.914863364 0.022852140 -0.403116366 -89.158790923 -0.023822597 0.999712801 0.002607576 -0.327896843 0.403060180 0.007217703 0.915145014 96.639908143
0.912854172 0.019246227 -0.407831881 -89.484029651 -0.020741274 0.999784591 0.000756005 -0.345924377 0.407758580 0.007768830 0.913056726 97.348764157
0.910751517 0.017605711 -0.412579341 -89.812940850 -0.021857541 0.999745478 -0.005588158 -0.361170723 0.412375947 0.014107393 0.910904529 98.048798866
0.908652049 0.015026252 -0.417283675 -90.144779300 -0.022157816 0.999679416 -0.012251402 -0.375244227 0.416965808 0.020378356 0.908693698 98.747532355
