1.000000000 -0.000000000 0.000000000 -0.000000000 -0.000000000 1.000000000 -0.000000000 0.000000000 0.000000000 -0.000000000 1.000000000 -0.000000000
0.999979797 0.000449490 -0.006340614 -0.008519104 -0.000447070 0.999999827 0.000383085 -0.001778172 0.006340785 -0.000380242 0.999979825 0.079168204
0.999911700 0.000948973 -0.013254855 -0.017929943 -0.000943963 0.999999481 0.000384195 -0.003536712 0.013255212 -0.000371649 0.999912077 0.161332028
0.999786079 0.001275760 -0.020643840 -0.029758333 -0.001282854 0.999999123 -0.000330433 -0.004647763 0.020643400 0.000356845 0.999786839 0.246304199
0.999554178 0.001897637 -0.029796706 -0.043273785 -0.001951926 0.999996488 -0.001793017 -0.005027183 0.029793199 0.001850378 0.999554371 0.337126536
0.999150488 0.002077531 -0.041158065 -0.060126474 -0.002219242 0.999991765 -0.003397707 -0.005589293 0.041150668 0.003486160 0.999146871 0.436603974
0.998503172 0.001932890 -0.054659673 -0.080086223 -0.002169761 0.999988510 -0.004274552 -0.006686589 0.054650782 0.004386752 0.998495893 0.546891246
0.997480534 0.001928257 -0.070914505 -0.105061312 -0.002237184 0.999988350 -0.004277169 -0.007597810 0.070905431 0.004425041 0.997473227 0.669110345
0.995979904 0.000451997 -0.089575813 -0.133122032 -0.000843900 0.999990238 -0.004337266 -0.008948172 0.089572978 0.004395423 0.995970563 0.803198013
0.993979367 -0.000671989 -0.109565351 -0.165453369 0.000171179 0.999989496 -0.004580221 -0.011015264 0.109567278 0.004533889 0.993969041 0.944279303
0.991269299 -0.000753534 -0.131850705 -0.205732510 0.000093424 0.999987432 -0.005012606 -0.014370104 0.131852825 0.004956525 0.991256912 1.089840265
0.987714684 0.002959246 -0.156240029 -0.255896936 -0.004032466 0.999970401 -0.006552534 -0.017215923 0.156216014 0.007102066 0.987697382 1.246110728
0.983350503 0.007346312 -0.181570429 -0.318941490 -0.008973149 0.999926609 -0.008139969 -0.021535580 0.181497304 0.009633701 0.983344253 1.407511633
0.977944375 0.010269697 -0.208612878 -0.385321953 -0.012449405 0.999880745 -0.009138238 -0.026081195 0.208494153 0.011533794 0.977955602 1.572651313
0.971187925 0.011083892 -0.238057054 -0.452416796 -0.013692649 0.999862930 -0.009307695 -0.029999394 0.237921258 0.012299153 0.971206572 1.737089607
0.963069189 0.012968832 -0.268941530 -0.524725715 -0.015895438 0.999835747 -0.008707114 -0.034639984 0.268784434 0.012660496 0.963117147 1.900179233
0.953497250 0.014569631 -0.301049366 -0.603925366 -0.017695446 0.999814091 -0.007658668 -0.037709968 0.300881814 0.012629721 0.953577802 2.064685623
0.942053263 0.016408617 -0.335061796 -0.687597134 -0.019753719 0.999783238 -0.006577878 -0.039924041 0.334881234 0.012815428 0.942173192 2.228300743
0.929357779 0.018169825 -0.368732934 -0.775873079 -0.022020307 0.999738071 -0.006236701 -0.042162680 0.368523032 0.013915739 0.929514458 2.385173198
0.915262926 0.020700739 -0.402324815 -0.867699396 -0.025005781 0.999672447 -0.005450584 -0.047082465 0.402080201 0.015049163 0.915480767 2.532083679
0.898940010 0.021221169 -0.437557448 -0.970558564 -0.025894692 0.999653547 -0.004716999 -0.050322240 0.437305755 0.015570714 0.899178085 2.687126283
0.880108819 0.016727361 -0.474477252 -1.083071760 -0.021881227 0.999746304 -0.005342180 -0.053212386 0.474267519 0.015083844 0.880251554 2.851520949
0.858494309 0.011896203 -0.512685091 -1.206356351 -0.017266853 0.999834592 -0.005713566 -0.058675273 0.512532319 0.013757522 0.858557717 3.015214710
0.833067495 0.013677500 -0.553002237 -1.348259856 -0.018040826 0.999834253 -0.002448440 -0.066448374 0.552877090 0.012016333 0.833176170 3.168816603
0.803258835 0.019814130 -0.595300465 -1.514596008 -0.023481391 0.999723008 0.001590806 -0.075018124 0.595167092 0.012700654 0.803501603 3.320653586
0.769805339 0.023188016 -0.637857395 -1.695640833 -0.027067633 0.999626858 0.003672537 -0.080599318 0.637704543 0.014438151 0.770145737 3.470053652
0.732934493 0.022771028 -0.679918016 -1.886506197 -0.026857874 0.999629015 0.004526308 -0.083183582 0.679768845 0.014943665 0.733274167 3.617213068
0.692179619 0.018747913 -0.721481733 -2.086439769 -0.021151497 0.999760110 0.005686604 -0.082532616 0.721415268 0.011324267 0.692410118 3.763398943
0.648356954 0.015298910 -0.761182766 -2.304224120 -0.016245770 0.999848444 0.006258068 -0.080908543 0.761163146 0.008308538 0.648507234 3.906142929
0.601570006 0.014675560 -0.798685267 -2.537569727 -0.013884953 0.999872279 0.007914149 -0.076359121 0.798699403 0.006328793 0.601696942 4.046869551
0.552087023 0.015418462 -0.833643923 -2.786261460 -0.011846955 0.999873136 0.010647179 -0.072198655 0.833702326 0.003997973 0.552199644 4.169280546
0.499509975 0.016021079 -0.866159979 -3.044830621 -0.010775487 0.999866536 0.012280038 -0.066247382 0.866241118 0.003199294 0.499615943 4.278400272
0.445948546 0.017379525 -0.894889852 -3.318356129 -0.010402061 0.999844580 0.014234199 -0.060700609 0.894998152 0.002960978 0.446060020 4.364419864
0.390465000 0.019420825 -0.920412905 -3.608503444 -0.009949427 0.999808099 0.016875247 -0.054267646 0.920564008 0.002568388 0.390583296 4.442013413
0.334312991 0.021203377 -0.942223562 -3.902392330 -0.009940434 0.999770611 0.018971397 -0.048297927 0.942409684 0.003023726 0.334447073 4.505196028
0.278752166 0.024085316 -0.960061002 -4.204662368 -0.008020442 0.999708984 0.022751254 -0.045479061 0.960329580 0.001358152 0.278864220 4.554833629
0.225638191 0.025785028 -0.973869878 -4.535712653 -0.004610948 0.999666741 0.025399727 -0.040926545 0.974200260 -0.001240685 0.225681888 4.585834472
0.175703322 0.025903029 -0.984102320 -4.896918434 -0.003025904 0.999663258 0.025772366 -0.034667329 0.984438513 -0.001550491 0.175722536 4.596534385
0.128376215 0.026526915 -0.991370703 -5.263336988 -0.005860360 0.999645040 0.025989439 -0.026481073 0.991708225 0.002473363 0.128486104 4.601271341
0.086351776 0.026214724 -0.995919755 -5.670850337 -0.009138589 0.999632538 0.025520086 -0.010295467 0.996222795 0.006897597 0.086559611 4.584934308
0.047615054 0.024309514 -0.998569904 -6.110920601 -0.011095478 0.999655002 0.023806861 0.005826104 0.998804133 0.009946046 0.047868353 4.578260783
0.012733589 0.021369328 -0.999690556 -6.543883951 -0.010115662 0.999723205 0.021241177 0.014390974 0.999867756 0.009842055 0.012946229 4.561618750
-0.019026614 0.018445148 -0.999648821 -6.992279959 -0.009318647 0.999783113 0.018624990 0.018915177 0.999775550 0.009669745 -0.018850604 4.535954993
-0.046111992 0.016340149 -0.998802625 -7.448179928 -0.008859072 0.999820196 0.016765795 0.023494967 0.998896992 0.009621569 -0.045958942 4.505892825
-0.068055888 0.013678269 -0.997587741 -7.908510535 -0.008434777 0.999862389 0.014284882 0.031050796 0.997645854 0.009386601 -0.067931149 4.474455237
-0.084224579 0.012770350 -0.996364963 -8.376367649 -0.006086427 0.999892627 0.013330061 0.038249520 0.996428209 0.007187021 -0.084137809 4.434724601
-0.099569497 0.012858929 -0.994947518 -8.864912159 -0.003584676 0.999905368 0.013281742 0.045119061 0.995024153 0.004889021 -0.099513980 4.409815280
-0.109078965 0.013574769 -0.993940393 -9.397267880 -0.002808776 0.999898548 0.013964389 0.050553093 0.994029119 0.004314977 -0.109029770 4.350920254
-0.119835695 0.014216235 -0.992691949 -9.841294249 -0.001031938 0.999895148 0.014443964 0.047518793 0.992793202 0.002755299 -0.119808459 4.369741311
-0.128086271 0.014634120 -0.991655056 -10.291922928 0.003065818 0.999892194 0.014359683 0.050774824 0.991758291 -0.001200956 -0.128117328 4.386168912
-0.130050282 0.014886164 -0.991395646 -10.802012627 0.007278623 0.999874680 0.014058677 0.058724912 0.991480684 -0.005387660 -0.130142335 4.350810219
-0.136346939 0.016385318 -0.990525635 -11.221961852 0.014734359 0.999786152 0.014510305 0.053540966 0.990551569 -0.012616324 -0.136559209 4.394794959
-0.134896455 0.018411341 -0.990688634 -11.803337151 0.013891797 0.999764229 0.016688438 0.053142846 0.990762315 -0.011511234 -0.135120417 4.311544077
-0.133248456 0.017913338 -0.990920764 -12.377813540 0.011723873 0.999795175 0.016497263 0.053479343 0.991013320 -0.009419195 -0.133431177 4.228477003
-0.132067965 0.014511925 -0.991134429 -12.958072012 0.009336314 0.999866685 0.013395723 0.058361739 0.991196694 -0.007484397 -0.132185846 4.142696860
-0.131348062 0.013731559 -0.991241207 -13.542643600 0.009113025 0.999878538 0.012643656 0.065732791 0.991294426 -0.007372487 -0.131457245 4.066089928
-0.129266669 0.016232845 -0.991476991 -14.152847713 0.009468940 0.999840619 0.015135237 0.069777483 0.991564656 -0.007431754 -0.129399775 3.978611441
-0.128119501 0.018851371 -0.991579558 -14.778195043 0.007618419 0.999808539 0.018023460 0.072296320 0.991729476 -0.005245112 -0.128238588 3.893218987
-0.132523990 0.020817886 -0.990961153 -15.339321048 0.007067708 0.999773840 0.020057837 0.056953268 0.991154599 -0.004345679 -0.132641153 3.921231521
-0.129797431 0.019525409 -0.991348266 -15.978584597 0.003625232 0.999808756 0.019217393 0.055194090 0.991533905 -0.001099499 -0.129843392 3.805863899
-0.127660363 0.015942097 -0.991689811 -16.641471276 0.001497282 0.999872770 0.015880899 0.059015277 0.991816813 0.000542522 -0.127667991 3.719481096
-0.122962793 0.014362972 -0.992307340 -17.360543125 0.000891639 0.999896459 0.014362331 0.070575815 0.992410881 0.000881252 -0.122962868 3.601066376
-0.121054444 0.016778195 -0.992504062 -18.067608092 0.003580252 0.999858019 0.016465835 0.067091585 0.992639413 -0.001560152 -0.121097326 3.507565866
-0.119058623 0.018693249 -0.992711240 -18.784166355 0.006042759 0.999817878 0.018102346 0.066413200 0.992868838 -0.003843475 -0.119149899 3.410220362
-0.115319508 0.018752077 -0.993151434 -19.474179960 0.006590682 0.999814231 0.018112605 0.079528945 0.993306586 -0.004456809 -0.115421674 3.292754945
-0.114225915 0.013680917 -0.993360596 -20.195270111 0.007303562 0.999889717 0.012931007 0.078481434 0.993427953 -0.005778015 -0.114313238 3.207978689
-0.114420799 0.006243493 -0.993412754 -20.890525007 0.008373929 0.999950786 0.005320079 0.078229678 0.993397080 -0.007710040 -0.114467451 3.133091203
-0.116001922 0.001353140 -0.993248067 -21.617987791 0.012102400 0.999926762 -0.000051207 0.079890180 0.993175254 -0.012026626 -0.116009802 3.080497796
-0.117041807 0.001468621 -0.993125903 -22.326974096 0.013300298 0.999911543 -0.000088811 0.077688028 0.993037923 -0.013219265 -0.117050987 3.002647218
-0.108224900 0.006760046 -0.994103452 -22.930374429 0.011357587 0.999920025 0.005563135 0.072976441 0.994061556 -0.010688546 -0.108293023 2.805486700
-0.108606990 0.013697842 -0.993990388 -23.653388296 0.010301514 0.999866878 0.012653243 0.062357044 0.994031388 -0.008865376 -0.108733640 2.726180756
-0.109245810 0.018512028 -0.993842371 -24.371365580 0.008205080 0.999809299 0.017721248 0.056661185 0.993980900 -0.006218584 -0.109376869 2.643921594
-0.109593910 0.018264733 -0.993808621 -25.104079877 0.005998340 0.999825105 0.017713830 0.054094525 0.993958347 -0.004019874 -0.109684301 2.546574710
-0.109919363 0.014356202 -0.993836824 -25.839084188 0.004865257 0.999891476 0.013905561 0.050101882 0.993928601 -0.003306781 -0.109977281 2.446562963
-0.110907425 0.010972797 -0.993770165 -26.578985010 0.003472935 0.999937221 0.010653302 0.047031591 0.993824674 -0.002269768 -0.110938570 2.352784999
-0.112546395 0.011322298 -0.993581962 -27.320605344 0.001114906 0.999935888 0.011268415 0.046899774 0.993645845 0.000160469 -0.112551803 2.268785963
-0.113495324 0.013156309 -0.993451419 -28.037163240 -0.000877565 0.999910605 0.013342104 0.035691844 0.993538143 0.002386085 -0.113473633 2.188665906
-0.117573184 0.011075817 -0.993002454 -28.696754930 -0.000059717 0.999937721 0.011160242 0.023760032 0.993064219 0.001371445 -0.117565200 2.189252955
-0.118230185 0.005275254 -0.992972203 -29.417877570 -0.002952327 0.999979601 0.005664006 0.013893952 0.992981826 0.003601236 -0.118212199 2.110138416
-0.125912694 0.000460981 -0.992041219 -29.951277986 0.000390955 0.999999837 0.000415058 0.006438101 0.992041250 -0.000335582 -0.125912853 2.205229719
-0.123206389 0.000866656 -0.992380690 -30.774102818 0.001192428 0.999999026 0.000725266 -0.004250490 0.992380352 -0.001093985 -0.123207303 2.067838770
-0.118322475 0.001988103 -0.992973232 -31.421677725 0.002126693 0.999996210 0.001748748 -0.010524527 0.992972945 -0.001904833 -0.118326254 1.929121349
-0.114605172 0.005546523 -0.993395637 -32.077317190 0.003032721 0.999981707 0.005233419 -0.006973836 0.993406491 -0.002412915 -0.114619897 1.807794888
-0.116130464 0.010583623 -0.993177578 -32.777320539 0.004573636 0.999938323 0.010120881 -0.010664104 0.993223438 -0.003367090 -0.116171707 1.776840331
-0.117836596 0.013403893 -0.992942532 -33.455303626 0.004503962 0.999905828 0.012963388 -0.017679521 0.993022785 -0.002944614 -0.117885870 1.733902377
-0.118910517 0.013025742 -0.992819530 -34.148627432 0.005530257 0.999907123 0.012456369 -0.020335739 0.992889574 -0.004009354 -0.118971509 1.676816663
-0.119881599 0.008733890 -0.992749778 -34.846047855 0.005390184 0.999952290 0.008146352 -0.030737806 0.992773563 -0.004374506 -0.119922957 1.605430580
-0.120219704 0.004475152 -0.992737224 -35.539049654 0.004096787 0.999983561 0.004011700 -0.045773508 0.992738857 -0.003584748 -0.120236062 1.529291736
-0.121491585 0.001491829 -0.992591340 -36.242117593 0.000422402 0.999998858 0.001451261 -0.056672432 0.992592372 -0.000242957 -0.121492077 1.461103864
-0.121214197 -0.000851034 -0.992626009 -36.937267501 -0.002818280 0.999995897 -0.000513199 -0.064554762 0.992622373 0.002735291 -0.121216098 1.356000614
-0.122250219 -0.002716635 -0.992495594 -37.643920840 -0.000812202 0.999996193 -0.002637123 -0.084204941 0.992498979 0.000483718 -0.122251960 1.271378818
-0.123527795 -0.006434249 -0.992320253 -38.352258052 0.002436372 0.999973999 -0.006787165 -0.100777817 0.992338122 -0.003256065 -0.123508907 1.178543997
-0.124554157 -0.007958538 -0.992180893 -39.061731122 0.007374370 0.999932787 -0.008946465 -0.111737818 0.992185406 -0.008431028 -0.124487096 1.095032819
-0.126106096 -0.004965568 -0.992004332 -39.765837952 0.007350976 0.999955340 -0.005939842 -0.126427026 0.991989524 -0.008041251 -0.126063963 0.992743207
-0.127543892 0.000924938 -0.991832496 -40.476763199 0.009742553 0.999952489 -0.000320325 -0.141934739 0.991785077 -0.009703836 -0.127546843 0.896420003
-0.129106216 0.004184307 -0.991621942 -41.177107253 0.011601786 0.999929028 0.002708842 -0.154443936 0.991562899 -0.011154857 -0.129145598 0.796128635
-0.131382507 0.002700227 -0.991328072 -41.884874427 0.011708414 0.999930767 0.001171922 -0.164380626 0.991262604 -0.011452909 -0.131405027 0.700556565
-0.132399223 -0.001769054 -0.991194893 -42.579973110 0.007921232 0.999964586 -0.002842787 -0.181881206 0.991164820 -0.008227867 -0.132380522 0.590149253
-0.132532577 -0.005695066 -0.991162289 -43.273267526 0.003055976 0.999976392 -0.006154339 -0.200757547 0.991173939 -0.003844618 -0.132512044 0.470915242
-0.132822737 -0.007935173 -0.991108043 -43.973297664 -0.001574310 0.999968378 -0.007795132 -0.217220445 0.991138558 0.000524941 -0.132831030 0.347769528
-0.135633349 -0.007765828 -0.990728664 -44.680040776 -0.003677050 0.999966339 -0.007334840 -0.235157658 0.990752277 0.002648110 -0.135657339 0.251582801
-0.140026018 -0.007768364 -0.990117350 -45.387868201 -0.003164373 0.999967627 -0.007398131 -0.248309504 0.990142768 0.002097170 -0.140046067 0.170735442
-0.143088815 -0.009144676 -0.989667604 -46.068039974 -0.004726363 0.999952224 -0.008556357 -0.265931468 0.989698566 0.003453209 -0.143125200 0.088016732
-0.143829919 -0.010022923 -0.989551664 -46.772835186 -0.003499938 0.999947606 -0.009619509 -0.279355479 0.989596233 0.002079797 -0.143857462 -0.015696767
-0.147498186 -0.008789061 -0.989023274 -47.422534125 -0.000453532 0.999961012 -0.008818623 -0.296574048 0.989062222 -0.000852178 -0.147496422 -0.082764367
-0.146869270 -0.006311603 -0.989135775 -47.989227353 -0.001039368 0.999980075 -0.006226472 -0.330519735 0.989155366 0.000113598 -0.146872904 -0.204155643
-0.144875200 -0.002692859 -0.989446272 -48.526715262 -0.003255069 0.999992182 -0.002244952 -0.368727104 0.989444582 0.002895478 -0.144882832 -0.340456832
-0.143328139 -0.000186269 -0.989675204 -49.134405235 -0.001214546 0.999999262 -0.000012317 -0.403604110 0.989674477 0.001200240 -0.143328259 -0.455400180
-0.143574882 0.000224711 -0.989639431 -49.757370783 0.009189136 0.999957167 -0.001106088 -0.438804728 0.989596793 -0.009252738 -0.143570797 -0.527183383
-0.144707908 -0.002277963 -0.989471795 -50.293599311 0.009347148 0.999949583 -0.003669083 -0.467266774 0.989430266 -0.009779684 -0.144679320 -0.582985679
-0.147144649 -0.006401017 -0.989094272 -50.911785144 0.010765283 0.999909467 -0.008072528 -0.483527494 0.989056399 -0.011835709 -0.147062419 -0.633525754
-0.148848096 -0.009676210 -0.988812730 -51.521836290 0.012351948 0.999855917 -0.011643641 -0.505934805 0.988782926 -0.013946897 -0.148707129 -0.695382309
-0.149884478 -0.012629266 -0.988622853 -52.112715705 0.013305947 0.999802093 -0.014789382 -0.526998210 0.988613977 -0.015371262 -0.149686771 -0.746004509
-0.147268253 -0.013496734 -0.989004499 -52.677427769 0.010805125 0.999825277 -0.015253346 -0.561340494 0.989037568 -0.012932651 -0.147096688 -0.836766085
-0.143574086 -0.013496050 -0.989547542 -53.166020991 0.011717214 0.999813738 -0.015336124 -0.583410423 0.989570204 -0.013796610 -0.143389207 -0.889965453
-0.138690781 -0.011831996 -0.990265051 -53.720948714 0.013836308 0.999807879 -0.013883850 -0.611400765 0.990239074 -0.015627174 -0.138500424 -0.938589292
-0.131434284 -0.010363002 -0.991270718 -54.289169132 0.015388643 0.999803543 -0.012492613 -0.636169594 0.991205437 -0.016896269 -0.131248991 -1.004825908
-0.121738785 -0.009576202 -0.992515977 -54.857544476 0.015149902 0.999819042 -0.011504902 -0.656225152 0.992446547 -0.016437112 -0.121571676 -1.079548226
-0.106832696 -0.009277889 -0.994233723 -55.419800492 0.014161982 0.999840824 -0.010851950 -0.666329254 0.994176148 -0.015239664 -0.106684298 -1.168203499
-0.091637129 -0.008477480 -0.995756380 -55.929160537 0.012583626 0.999874058 -0.009670577 -0.683775213 0.995712955 -0.013416410 -0.091518911 -1.207548998
-0.073518651 -0.007702010 -0.997264101 -56.430777039 0.012444293 0.999885241 -0.008639651 -0.700701005 0.997216199 -0.013045422 -0.073414368 -1.236251539
-0.050618610 -0.007102245 -0.998692803 -56.908179492 0.012600875 0.999890576 -0.007749436 -0.717705670 0.998638560 -0.012976669 -0.050523577 -1.265066498
-0.025024262 -0.006885840 -0.999663129 -57.389236511 0.014737232 0.999865072 -0.007256144 -0.735158477 0.999578211 -0.014913847 -0.024919407 -1.259581827
0.005549005 -0.008175457 -0.999951184 -57.845008019 0.017708851 0.999810569 -0.008076036 -0.741194313 0.999827788 -0.017663173 0.005692732 -1.252234056
0.039877120 -0.008122181 -0.999171580 -58.287230495 0.020327644 0.999766606 -0.007315738 -0.757779523 0.998997799 -0.020019074 0.040032917 -1.218840073
0.077448957 -0.007552382 -0.996967713 -58.709053242 0.022520606 0.999729416 -0.005823800 -0.775105925 0.996741933 -0.022001270 0.077598085 -1.161793465
0.118548852 -0.007654701 -0.992918715 -59.104146993 0.024218794 0.999695085 -0.004815355 -0.791811257 0.992652819 -0.023476439 0.118698092 -1.092906700
0.163750811 -0.006286486 -0.986481704 -59.499185747 0.026961173 0.999634686 -0.001894892 -0.810278028 0.986133240 -0.026286413 0.163860481 -0.997642510
0.212133185 -0.007310040 -0.977213424 -59.884402427 0.031980863 0.999488339 -0.000534272 -0.825254366 0.976717327 -0.031138792 0.212258426 -0.878912987
0.262610555 -0.011647445 -0.964831609 -60.251204489 0.041530090 0.999136966 -0.000757803 -0.841583612 0.964007753 -0.039870536 0.262867633 -0.738375192
0.314869580 -0.016675278 -0.948988452 -60.613702667 0.048574945 0.998818511 -0.001433952 -0.853217796 0.947891145 -0.045645554 0.315307566 -0.579237783
0.368451691 -0.021134762 -0.929406624 -60.966522571 0.055453116 0.998461032 -0.000721366 -0.861487654 0.927991543 -0.051272705 0.369056644 -0.404136266
0.420889465 -0.021503826 -0.906857014 -61.317102612 0.056672612 0.998389356 0.002628544 -0.865958899 0.905339866 -0.052500282 0.421430240 -0.205297369
0.471219210 -0.022551631 -0.881727781 -61.662551283 0.059426733 0.998213239 0.006228319 -0.870294696 0.880011886 -0.055333105 0.471717424 0.005252032
0.517476491 -0.026249879 -0.855294701 -61.976643869 0.067948154 0.997633683 0.010492067 -0.875577220 0.852995387 -0.063545094 0.518035608 0.246119796
0.562979541 -0.032163053 -0.825844764 -62.275567605 0.079033303 0.996758247 0.015057725 -0.881056034 0.822683277 -0.073746431 0.563696452 0.502621948
0.607250309 -0.036966320 -0.793650146 -62.560077812 0.080886215 0.996603288 0.015469566 -0.885300192 0.790382491 -0.073589256 0.608177720 0.768918196
0.650902687 -0.042128849 -0.757991328 -62.839089062 0.078157752 0.996872230 0.011709911 -0.883350168 0.755127180 -0.066864911 0.652159509 1.038259154
0.693617730 -0.049488380 -0.718641318 -63.095706505 0.074968458 0.997179084 0.003688452 -0.879946995 0.716431556 -0.056433808 0.695371160 1.327996250
0.735228318 -0.052901400 -0.675751998 -63.357355592 0.070676613 0.997498569 -0.001192188 -0.875204154 0.674124720 -0.046883332 0.737128086 1.652259096
0.774125030 -0.054739642 -0.630661565 -63.592880078 0.069866955 0.997555978 -0.000824687 -0.872703631 0.629165357 -0.043423992 0.776057543 2.007441365
0.809646858 -0.056284748 -0.584212284 -63.776995120 0.070020700 0.997545102 0.000933676 -0.876216573 0.582725551 -0.041662901 0.811600354 2.355728683
0.842304406 -0.056277504 -0.536056089 -63.961721592 0.067732685 0.997702082 0.001685190 -0.875141895 0.534729437 -0.037727961 0.844180685 2.731347182
0.870729934 -0.055751164 -0.488591026 -64.154049432 0.067128550 0.997727565 0.005784725 -0.873933135 0.487158230 -0.037835340 0.872493752 3.154835238
0.894383336 -0.050509867 -0.444440325 -64.343033266 0.060867641 0.998104763 0.009056030 -0.869334254 0.443140586 -0.035151597 0.895762684 3.591870222
0.914415064 -0.047222361 -0.402013855 -64.525333675 0.055769281 0.998397763 0.009575716 -0.862233035 0.400917546 -0.031176202 0.915583511 4.030420683
0.929977071 -0.043130129 -0.365078675 -64.689208649 0.051339124 0.998599194 0.012804079 -0.856071498 0.364015029 -0.030650319 0.930888617 4.494448816
0.940718179 -0.044497249 -0.336257792 -64.816973020 0.052942909 0.998469587 0.015985376 -0.848800448 0.335031874 -0.032840200 0.941634305 5.010664322
0.949882544 -0.044965807 -0.309356153 -64.976960193 0.053290105 0.998407567 0.018506625 -0.848587683 0.308031359 -0.034064742 0.950766152 5.445923863
0.955405988 -0.046567622 -0.291600506 -65.078864338 0.054972008 0.998273500 0.020690505 -0.825586779 0.290133550 -0.035797698 0.956316395 6.025941263
0.960626760 -0.045456370 -0.274098425 -65.191249419 0.053911679 0.998271723 0.023390111 -0.809052305 0.272561477 -0.037246273 0.961417160 6.551449266
0.965218995 -0.041272732 -0.258164391 -65.321444762 0.049448072 0.998457424 0.025251944 -0.795869361 0.256723936 -0.037139388 0.965770929 7.076983171
0.968971567 -0.038226039 -0.244198429 -65.448928583 0.046139554 0.998576339 0.026766338 -0.784625095 0.242827602 -0.037203027 0.969355812 7.612449501
0.972823216 -0.039335328 -0.228183526 -65.624678742 0.046735768 0.998539136 0.027117540 -0.773687737 0.226783504 -0.037044905 0.973240421 8.209734787
0.976833931 -0.038802536 -0.210451499 -65.792547903 0.045552829 0.998588249 0.027321221 -0.763093385 0.209094262 -0.036274957 0.977222450 8.790851841
0.980847153 -0.037962297 -0.191043780 -65.968612423 0.044236537 0.998609229 0.028683379 -0.751243126 0.189689195 -0.036585126 0.981162340 9.396610627
0.984088804 -0.035806648 -0.174031920 -66.104517667 0.041652390 0.998680062 0.030053481 -0.744574924 0.172726094 -0.036824140 0.984281301 10.006347735
0.986764785 -0.034034768 -0.158546189 -66.244212279 0.038934592 0.998852159 0.027900914 -0.743947937 0.157414603 -0.033704571 0.986957266 10.633232449
0.989289264 -0.031004980 -0.142637454 -66.423498230 0.034695249 0.999122617 0.023457094 -0.746168237 0.141785019 -0.028154693 0.989497004 11.300809141
0.991034455 -0.031603964 -0.129814860 -66.566629032 0.034137460 0.999266761 0.017337062 -0.734744906 0.129171755 -0.021613175 0.991386670 11.968215221
0.992310416 -0.030714704 -0.119902651 -66.671460104 0.033001607 0.999308426 0.017133696 -0.726339458 0.119293473 -0.020958925 0.992637794 12.622136502
0.993460181 -0.027372493 -0.110849521 -66.783931458 0.030100152 0.999282041 0.023008321 -0.721008220 0.110140140 -0.026194438 0.993570833 13.275978028
0.994413419 -0.021995324 -0.103238353 -66.890254076 0.025314422 0.999200307 0.030950376 -0.718948257 0.102475031 -0.033390889 0.994174993 13.920254602
0.994807163 -0.021178219 -0.099549941 -66.953452362 0.024660436 0.999121615 0.033880099 -0.706319578 0.098744978 -0.036159110 0.994455604 14.592513615
0.995063480 -0.022259381 -0.096711892 -67.009332935 0.025468699 0.999160839 0.032077443 -0.691972994 0.095916712 -0.034382218 0.994795380 15.261758229
0.995133669 -0.022244381 -0.095990458 -67.063451289 0.025267741 0.999218489 0.030396587 -0.675425291 0.095239287 -0.032674129 0.994918026 15.961494540
0.995187842 -0.022603176 -0.095342833 -67.126168158 0.025725616 0.999167938 0.031648438 -0.660849973 0.094548147 -0.033948894 0.994941265 16.657170679
0.995509797 -0.023037468 -0.091812418 -67.207703054 0.026252935 0.999078002 0.033969545 -0.656363465 0.090945195 -0.036227360 0.995196739 17.325618143
0.995901688 -0.024350578 -0.087102681 -67.278354469 0.027501559 0.999003218 0.035160141 -0.649379768 0.086159689 -0.037411503 0.995578670 17.972243669
0.995869096 -0.025257697 -0.087216929 -67.304404913 0.028068445 0.999120459 0.031152378 -0.641403239 0.086353381 -0.033471734 0.995702132 18.634711126
0.995938209 -0.022740084 -0.087120448 -67.343339427 0.024872965 0.999414958 0.023475043 -0.636007435 0.086535654 -0.025546636 0.995921156 19.293699225
0.996044886 -0.020937758 -0.086349266 -67.380866263 0.022399936 0.999621063 0.015999182 -0.643278378 0.085981558 -0.017870121 0.996136452 19.931797494
0.996152623 -0.020967444 -0.085090063 -67.412835507 0.022010626 0.999693421 0.011340066 -0.643352555 0.084826204 -0.013169322 0.996308729 20.569871758
0.996371964 -0.020080998 -0.082702253 -67.469411770 0.021165966 0.999700764 0.012263103 -0.641144143 0.082431251 -0.013969085 0.996498848 21.267347661
0.996785719 -0.017959908 -0.078074786 -67.552466841 0.019117793 0.999717693 0.014108337 -0.624894879 0.077799361 -0.015555607 0.996847673 21.953094162
0.997074224 -0.014473741 -0.075056665 -67.623328853 0.015901327 0.999703190 0.018457494 -0.624887188 0.074767239 -0.019596992 0.997008434 22.661944334
0.997078036 -0.017740112 -0.074301268 -67.659541596 0.019233920 0.999626047 0.019437643 -0.619475829 0.073928657 -0.020809952 0.997046388 23.373818272
0.996966649 -0.021408812 -0.074827557 -67.691935875 0.022841620 0.999570769 0.018345000 -0.615488443 0.074402694 -0.019998535 0.997027732 24.079227741
0.996424113 -0.022278344 -0.081502533 -67.697288071 0.023773136 0.999565664 0.017416130 -0.611056270 0.081079131 -0.019291423 0.996520956 24.794814809
0.996034873 -0.021598192 -0.086302090 -67.728256988 0.022972923 0.999624033 0.014967903 -0.611088427 0.085946364 -0.016891165 0.996156570 25.490559235
0.995637208 -0.021581938 -0.090778692 -67.761917658 0.022882018 0.999649633 0.013305021 -0.612581665 0.090459738 -0.015324174 0.995782208 26.196801956
0.995614091 -0.022424240 -0.090828048 -67.817717764 0.023679307 0.999638120 0.012763971 -0.614472837 0.090508957 -0.014858735 0.995784789 26.873368782
0.995691678 -0.019579972 -0.090635022 -67.889107246 0.020880733 0.999691826 0.013425642 -0.616104967 0.090344217 -0.015260325 0.995793676 27.573902039
0.995749684 -0.020056402 -0.089890536 -67.964200222 0.021256056 0.999697062 0.012408259 -0.615528677 0.089614440 -0.014266239 0.995874353 28.274751490
0.995752245 -0.020318874 -0.089803178 -68.062339201 0.021506536 0.999693322 0.012277282 -0.622112129 0.089526177 -0.014156486 0.995883857 28.984231301
0.995608515 -0.024672802 -0.090304697 -68.136804397 0.025826690 0.999598766 0.011631400 -0.616824757 0.089981485 -0.013912592 0.995846259 29.695382056
0.995482159 -0.023559441 -0.091979476 -68.217822997 0.024621103 0.999642500 0.010424617 -0.612582400 0.091700995 -0.012642157 0.995706334 30.368403907
0.995542882 -0.020853469 -0.091975554 -68.300676621 0.021826847 0.999715772 0.009589734 -0.617791668 0.091749433 -0.011554528 0.995715087 31.061755436
0.995304751 -0.021049017 -0.094474292 -68.362608464 0.021534674 0.999759597 0.004123940 -0.622459860 0.094364775 -0.006139050 0.995518760 31.742328833
0.995207724 -0.020204297 -0.095673257 -68.447048008 0.020349121 0.999792790 0.000538211 -0.633334003 0.095642559 -0.002482498 0.995412647 32.421587368
0.995103292 -0.020878216 -0.096610235 -68.531347672 0.020837735 0.999781851 -0.001428033 -0.640906839 0.096618975 -0.000592098 0.995321266 33.142950756
0.995087125 -0.019560051 -0.097051624 -68.624914891 0.019608375 0.999807633 -0.000455908 -0.654022499 0.097041872 -0.001449357 0.995279244 33.837683052
0.995063009 -0.020315355 -0.097143680 -68.718176972 0.020364917 0.999792498 -0.000481392 -0.664183100 0.097133302 -0.001499307 0.995270252 34.537139093
0.995373858 -0.019057902 -0.094168360 -68.854048609 0.019172244 0.999816148 0.000309575 -0.673887801 0.094145148 -0.002113561 0.995556239 35.236593391
0.995394649 -0.018712027 -0.094017831 -68.948868165 0.019124926 0.999811002 0.003492516 -0.681358032 0.093934710 -0.005274516 0.995564388 35.993303429
0.995640240 -0.017596959 -0.091601640 -69.062673634 0.018363775 0.999802978 0.007535034 -0.687682356 0.091450999 -0.009184335 0.995767223 36.736308023
0.995873404 -0.016824644 -0.089180124 -69.150456045 0.017682618 0.999804577 0.008839333 -0.692471599 0.089013977 -0.010379795 0.995976291 37.464787624
0.996194448 -0.012209527 -0.086299185 -69.236992385 0.012932313 0.999885785 0.007821228 -0.695284745 0.086193835 -0.008907512 0.996238565 38.195600043
0.996370946 -0.012018365 -0.084264446 -69.284199554 0.012537504 0.999905528 0.005634353 -0.699343176 0.084188770 -0.006670371 0.996427497 38.896551952
0.996374089 -0.016394532 -0.083485886 -69.310530633 0.016595201 0.999860828 0.001710212 -0.692353700 0.083446229 -0.003089476 0.996507492 39.594057794
0.996473124 -0.019415946 -0.081635369 -69.366924671 0.019424739 0.999811086 -0.000686559 -0.704358611 0.081633277 -0.000901608 0.996662027 40.338622629
0.996457772 -0.020567042 -0.081540817 -69.374250419 0.020392456 0.999787631 -0.002973396 -0.709614862 0.081584654 0.001300046 0.996665568 41.019442956
0.996491806 -0.021564809 -0.080864325 -69.446552739 0.021533940 0.999767332 -0.001253913 -0.726172634 0.080872551 -0.000491814 0.996724329 41.791843710
0.996557336 -0.022701708 -0.079737744 -69.525492805 0.022773571 0.999740649 -0.000008153 -0.737508475 0.079717249 -0.001807788 0.996815877 42.566647229
0.996528661 -0.022723444 -0.080089155 -69.573470452 0.022685208 0.999741695 -0.001387385 -0.740725655 0.080099993 -0.000434270 0.996786739 43.385397586
0.997504851 -0.016010440 -0.068758544 -69.789270302 0.015664681 0.999861815 -0.005564875 -0.769171131 0.068838139 0.004473910 0.997617810 43.965142598
0.997507370 -0.012052590 -0.069525411 -69.820948258 0.011195830 0.999856677 -0.012699526 -0.776491946 0.069668509 0.011889476 0.997499343 44.768069487
0.996747213 -0.010045929 -0.079962946 -69.693638714 0.008251467 0.999707359 -0.022740058 -0.753641267 0.080167990 0.022006278 0.996538417 45.604615784
0.996990558 -0.003413686 -0.077447884 -69.793216601 0.001164510 0.999576765 -0.029067748 -0.787004338 0.077514333 0.028890081 0.996572572 46.350019839
0.997222869 -0.002655170 -0.074427810 -69.889823245 0.000391927 0.999537533 -0.030406697 -0.820636345 0.074474125 0.030293083 0.996762727 47.093378184
0.997446632 -0.004695447 -0.071261275 -69.985446088 0.002898322 0.999675670 -0.025301287 -0.848539127 0.071356964 0.025030145 0.997136739 47.818126359
0.997526453 -0.003373709 -0.070211070 -70.069815002 0.002188949 0.999854038 -0.016944378 -0.883717111 0.070257987 0.016748777 0.997388236 48.558395095
0.997442817 -0.002525774 -0.071424414 -70.150416707 0.001803501 0.999946606 -0.010175086 -0.912715269 0.071446300 0.010020253 0.997394115 49.313917029
0.997415171 -0.001960331 -0.071827115 -70.249312965 0.001014566 0.999912344 -0.013201358 -0.940728177 0.071846698 0.013094362 0.997329730 50.079305998
0.996673188 -0.013148687 -0.080434244 -70.116608701 0.011347123 0.999675324 -0.022814218 -0.893527443 0.080708106 0.021825622 0.996498793 50.614556633
0.995428718 -0.015311978 -0.094272006 -70.042567204 0.012905042 0.999576328 -0.026088773 -0.912692152 0.094631536 0.024752930 0.995204584 51.310587211
0.995272442 -0.012300622 -0.096340340 -70.131386179 0.009564457 0.999539102 -0.028811525 -0.949248504 0.096650336 0.027753874 0.994931372 52.040099087
0.995373236 -0.009160684 -0.095646234 -70.264697958 0.006072743 0.999452430 -0.032526338 -0.987631593 0.095891825 0.031795011 0.994883830 52.758453485
0.995299216 -0.008690376 -0.096456979 -70.374171484 0.005204641 0.999326270 -0.036330662 -1.021496322 0.096707720 0.035657856 0.994673883 53.461497672
0.995192508 -0.006644525 -0.097712445 -70.471127193 0.002659029 0.999161270 -0.040861796 -1.058072060 0.097901998 0.040405533 0.994375478 54.152913821
0.994952805 -0.001160447 -0.100337279 -70.563533243 -0.003033801 0.999128123 -0.041638805 -1.097543986 0.100298117 0.041733049 0.994081808 54.855187546
0.994727038 0.003445824 -0.102499984 -70.668393473 -0.007655254 0.999141978 -0.040702651 -1.135086153 0.102271782 0.041272691 0.993899918 55.585817422
0.994443742 0.006615953 -0.105061280 -70.777421293 -0.010414850 0.999310012 -0.035651516 -1.174499816 0.104752920 0.036547625 0.993826492 56.303131714
0.994350588 0.007319151 -0.105893048 -70.886848490 -0.010661410 0.999461560 -0.031031019 -1.212897593 0.105608910 0.031984681 0.993893223 57.006376801
0.994338429 0.006745891 -0.106045182 -71.010169166 -0.009836035 0.999541284 -0.028643932 -1.242601707 0.105803309 0.029524826 0.993948663 57.723308686
0.993888307 0.006215594 -0.110215240 -71.118749063 -0.009467738 0.999534327 -0.029008459 -1.270831910 0.109983611 0.029874657 0.993484328 58.415120872
0.993268787 0.003430683 -0.115781459 -71.204668527 -0.006475619 0.999642706 -0.025933111 -1.303316797 0.115651123 0.026508306 0.992936115 59.104574191
0.992602816 0.003859014 -0.121345611 -71.298817814 -0.007224204 0.999601056 -0.027304581 -1.333761229 0.121191832 0.027979229 0.992234701 59.778628153
0.991650166 0.005878040 -0.128823119 -71.397181645 -0.009622136 0.999548598 -0.028460771 -1.373053050 0.128597675 0.029462682 0.991259092 60.502732302
0.990552644 0.007421183 -0.136932049 -71.472158840 -0.012269898 0.999325930 -0.034599639 -1.390532216 0.136582977 0.035952906 0.989975999 61.149097700
0.989750500 0.007077065 -0.142631915 -71.585080864 -0.012649735 0.999189988 -0.038201473 -1.427960708 0.142246027 0.039614183 0.989038313 61.823593244
0.989206613 0.008712272 -0.146268153 -71.711661173 -0.014798479 0.999066963 -0.040573496 -1.464753355 0.145778192 0.042300117 0.988412575 62.471679993
0.988700331 0.011445538 -0.149467910 -71.842900692 -0.017114619 0.999179860 -0.036697365 -1.496319103 0.148925304 0.038840783 0.988085344 63.109693875
0.987717201 0.012221113 -0.155773474 -71.954551805 -0.017663706 0.999279159 -0.033602919 -1.527657353 0.155250521 0.035941718 0.987221084 63.760492485
0.986342806 0.011608236 -0.164295826 -72.040995364 -0.017280585 0.999301379 -0.033138119 -1.560273628 0.163796371 0.035524673 0.985854323 64.388252320
0.984461698 0.008636365 -0.175386941 -72.108876622 -0.015568768 0.999149248 -0.038188925 -1.590277879 0.174907917 0.040326092 0.983758622 65.023341843
0.981181083 0.004857544 -0.193028718 -72.125661324 -0.014298503 0.998766674 -0.047546643 -1.609397966 0.192559691 0.049411888 0.980040423 65.657390173
0.978841222 0.002971537 -0.204599685 -72.251181610 -0.013408133 0.998677050 -0.049642439 -1.654772998 0.204181496 0.051335365 0.977586107 66.301540243
0.976665709 0.002704684 -0.214748170 -72.410889647 -0.013258919 0.998772663 -0.047721787 -1.695191356 0.214355530 0.049455561 0.975502873 66.952586448
0.975315429 0.002826296 -0.220798158 -72.623902555 -0.012418322 0.999037634 -0.042066499 -1.732407418 0.220466777 0.043770048 0.974411916 67.634265274
0.973772191 0.004600786 -0.227478687 -72.825653829 -0.012885299 0.999306089 -0.034947237 -1.768888552 0.227160052 0.036961778 0.973155762 68.286625667
0.972354209 0.005511971 -0.233445733 -73.036004195 -0.013369815 0.999395518 -0.032091213 -1.806573548 0.233127734 0.034325152 0.971840133 68.943580856
0.972801840 0.008880556 -0.231468608 -73.327249619 -0.017987068 0.999143651 -0.037261648 -1.846779535 0.230939486 0.040411641 0.972128517 69.618673564
0.972110445 0.006934519 -0.234420979 -73.579412701 -0.018903063 0.998627359 -0.048847436 -1.869281288 0.233760470 0.051916378 0.970907170 70.283408410
0.971352466 0.003165076 -0.237622323 -73.819326089 -0.016813121 0.998320938 -0.055431261 -1.901013109 0.237047896 0.057838464 0.969774720 70.942621499
0.969416922 0.001760985 -0.245413385 -74.018707308 -0.014809028 0.998571820 -0.051332376 -1.937027862 0.244972495 0.053396808 0.968058499 71.595803591
0.967330544 0.002844483 -0.253502519 -74.235059878 -0.014465110 0.998927326 -0.043988164 -1.985443676 0.253105470 0.046218036 0.966334059 72.198834824
0.964725067 0.003123730 -0.263240930 -74.448457766 -0.013929529 0.999134573 -0.039192764 -2.025503766 0.262890686 0.041477064 0.963933680 72.808196884
0.961706926 0.000961808 -0.274078207 -74.654978318 -0.012936146 0.999038669 -0.041885485 -2.058569501 0.273774441 0.043827077 0.960794849 73.414323817
0.958778520 -0.000613778 -0.284153783 -74.858342644 -0.013241461 0.998814816 -0.046836183 -2.097043457 0.283845756 0.048668137 0.957634063 74.015456149
0.956481138 -0.004452601 -0.291760189 -75.066095884 -0.011826061 0.998470505 -0.054007352 -2.140111120 0.291554417 0.055107387 0.954965548 74.613693115
0.954350138 -0.008128165 -0.298579550 -75.269709263 -0.010334461 0.998132595 -0.060203993 -2.184331384 0.298511329 0.060541348 0.952483980 75.222665495
0.952603591 -0.007655829 -0.304118047 -75.499991932 -0.011955973 0.997968774 -0.062573008 -2.232173470 0.303979362 0.063243299 0.950577105 75.835723023
0.951047408 -0.001459278 -0.309041579 -75.757869743 -0.018983343 0.997824677 -0.063131190 -2.283402040 0.308461440 0.065907397 0.948950871 76.434674894
0.949370269 -0.000325617 -0.314159175 -76.013710646 -0.019954832 0.997917643 -0.061336625 -2.336367487 0.313524956 0.064500161 0.947386844 77.037590648
0.947465784 0.001636922 -0.319852949 -76.270528347 -0.020318566 0.998275265 -0.055078583 -2.386540505 0.319211128 0.058684026 0.945864917 77.659549830
0.945848951 0.004614758 -0.324574284 -76.536513051 -0.021079582 0.998661612 -0.047229618 -2.436614883 0.323921924 0.051513975 0.944680315 78.290966219
0.944074909 0.015389581 -0.329371716 -76.798590653 -0.030536807 0.998697965 -0.040864134 -2.486798767 0.328313980 0.048636764 0.943315639 78.913364799
0.942184969 0.024318292 -0.334209671 -77.055673422 -0.041390312 0.998171341 -0.044054702 -2.535781406 0.332527180 0.055340720 0.941468576 79.520807381
0.940386160 0.022081534 -0.339391037 -77.289297552 -0.042227050 0.997749372 -0.052087107 -2.579494329 0.337477031 0.063313476 0.939202139 80.121462430
0.939072890 0.015354893 -0.343374917 -77.543504725 -0.037929826 0.997529753 -0.059124615 -2.634575961 0.341618844 0.068546474 0.937335557 80.757876559
0.937884681 0.016157077 -0.346570734 -77.794070649 -0.039415963 0.997409753 -0.060167811 -2.678896755 0.344700894 0.070090888 0.936092175 81.382878202
0.936550342 0.022575277 -0.349805393 -78.065040513 -0.044794532 0.997450107 -0.055558383 -2.726328905 0.347659181 0.067702592 0.935173488 82.001377703
0.934848291 0.024928963 -0.354171173 -78.327750953 -0.046185393 0.997594600 -0.051690646 -2.773907776 0.352030655 0.064680447 0.933750961 82.622803255
0.932891613 0.021795451 -0.359497143 -78.576510641 -0.044189427 0.997552269 -0.054191930 -2.824371407 0.357436053 0.066441170 0.931571274 83.247537492
