1.000000000 0.000000000 0.000000000 0.000000000 0.000000000 1.000000000 0.000000000 0.000000000 0.000000000 0.000000000 1.000000000 0.000000000
0.999990046 -0.002607344 -0.003626748 0.001910539 0.002598153 0.999993384 -0.002536699 0.001395858 0.003633338 0.002527251 0.999990225 0.684404254
0.999973178 -0.001239109 -0.007221005 -0.014573522 0.001211120 0.999991655 -0.003879116 -0.002804612 0.007225752 0.003870266 0.999966383 1.374095321
0.999938250 -0.001039872 -0.011063005 -0.030978456 0.000983175 0.999986291 -0.005129150 -0.009501440 0.011068189 0.005117958 0.999925613 2.083918571
0.999875009 0.000208641 -0.015807109 -0.051578667 -0.000306165 0.999980986 -0.006167434 -0.007305506 0.015805520 0.006171504 0.999855995 2.822624207
0.999795854 -0.000486763 -0.020199312 -0.069409400 0.000363501 0.999981284 -0.006105541 -0.020195911 0.020201905 0.006096952 0.999777317 3.565377712
0.999699652 0.001051978 -0.024485627 -0.097300649 -0.001226338 0.999974012 -0.007106973 -0.032260563 0.024477515 0.007134866 0.999674857 4.327706337
0.999554813 0.003744562 -0.029600715 -0.122562982 -0.003979542 0.999961019 -0.007883395 -0.038053948 0.029570041 0.007997680 0.999530733 5.099329948
0.999409676 0.003931579 -0.034131784 -0.151041225 -0.004137413 0.999973655 -0.005962011 -0.049223624 0.034107447 0.006099709 0.999399602 5.899231911
0.999260902 0.003055386 -0.038319714 -0.186009422 -0.003186962 0.999989212 -0.003373017 -0.058132462 0.038308986 0.003492648 0.999259889 6.707301617
0.999114454 0.002904019 -0.041973799 -0.218914211 -0.002938507 0.999995351 -0.000759979 -0.066488050 0.041971397 0.000882646 0.999118447 7.513930798
0.998993516 0.004496980 -0.044629317 -0.262563825 -0.004553292 0.999989033 -0.001160198 -0.076236323 0.044623602 0.001362241 0.999002993 8.334405899
0.998899162 0.003836646 -0.046753932 -0.306980222 -0.003916545 0.999991000 -0.001617443 -0.080468670 0.046747304 0.001798776 0.998905122 9.163951874
0.998832822 0.001220778 -0.048286077 -0.348962903 -0.001340358 0.999996126 -0.002444198 -0.082068630 0.048282903 0.002506066 0.998830557 10.001325607
0.998724520 0.000904601 -0.050483204 -0.389575481 -0.000957452 0.999999166 -0.001022731 -0.101010822 0.050482225 0.001069762 0.998724401 10.844079018
0.998651028 -0.000798174 -0.051917702 -0.439753771 0.000740781 0.999999106 -0.001124683 -0.111178368 0.051918551 0.001084707 0.998650789 11.712939262
0.998531818 0.001563021 -0.054146927 -0.483401954 -0.001773854 0.999991000 -0.003845870 -0.114624545 0.054140434 0.003936272 0.998525560 12.570644379
0.998458326 0.001821367 -0.055478413 -0.532024205 -0.002159393 0.999979496 -0.006033601 -0.129689157 0.055466279 0.006144098 0.998441756 13.440143585
0.998359263 0.005894275 -0.056955446 -0.594725192 -0.006358729 0.999947965 -0.007976892 -0.136480093 0.056905467 0.008325968 0.998344839 14.324526787
0.998275936 0.007097917 -0.058265038 -0.650177240 -0.007585872 0.999937952 -0.008157827 -0.144829854 0.058203526 0.008585753 0.998267829 15.221541405
0.998222351 0.005824778 -0.059313152 -0.705637515 -0.006191816 0.999962747 -0.006006217 -0.164771885 0.059275955 0.006362795 0.998221338 16.123033524
0.998112440 0.006035871 -0.061114542 -0.754888952 -0.006317157 0.999970317 -0.004410444 -0.176009297 0.061086096 0.004788189 0.998121023 17.014001846
0.998053372 0.005594608 -0.062112831 -0.814815760 -0.005856094 0.999974728 -0.004028624 -0.191454917 0.062088713 0.004384521 0.998061001 17.923578262
0.997952461 0.005324240 -0.063737400 -0.876229525 -0.005644979 0.999972284 -0.004853165 -0.204775035 0.063709795 0.005203024 0.997954905 18.840877533
0.997886002 0.003718393 -0.064881966 -0.936060786 -0.004131199 0.999972045 -0.006229414 -0.207804084 0.064856991 0.006484285 0.997873485 19.752403259
0.997863710 0.003828369 -0.065217778 -1.005505919 -0.004130324 0.999981344 -0.004495747 -0.218425453 0.065199345 0.004755514 0.997860849 20.686298370
0.997861862 0.005039456 -0.065163843 -1.069397688 -0.005121188 0.999986291 -0.001087272 -0.231210724 0.065157481 0.001418665 0.997873902 21.620470047
0.997915804 0.006505718 -0.064199552 -1.137979984 -0.006344258 0.999976099 0.002718505 -0.246701166 0.064215705 -0.002305541 0.997933388 22.555601120
0.998012424 0.005214007 -0.062801898 -1.194237709 -0.004876070 0.999972701 0.005533057 -0.250862062 0.062829055 -0.005215833 0.998010695 23.500961304
0.998099864 0.005637612 -0.061358899 -1.253463864 -0.005233096 0.999963403 0.006751320 -0.262750000 0.061394736 -0.006417394 0.998092949 24.448488235
0.998196304 0.005711862 -0.059761282 -1.312454462 -0.005509444 0.999978483 0.003551370 -0.265653938 0.059780277 -0.003215714 0.998206377 25.388721466
0.998243928 0.006612741 -0.058867957 -1.374722242 -0.006696091 0.999976814 -0.001218698 -0.271147519 0.058858536 0.001610744 0.998265028 26.349212646
0.998314917 0.005688196 -0.057748977 -1.428897738 -0.005918667 0.999975204 -0.003820663 -0.280627340 0.057725817 0.004156022 0.998323798 27.312023163
0.998378754 0.003702644 -0.056799352 -1.485494971 -0.003907757 0.999986172 -0.003500544 -0.284179628 0.056785606 0.003716827 0.998379409 28.268003464
0.998389840 0.002445701 -0.056672085 -1.547770023 -0.002392186 0.999996603 0.001012103 -0.293278605 0.056674369 -0.000874903 0.998392284 29.251552582
0.998344123 -0.001273403 -0.057509772 -1.603179932 0.001532753 0.999988794 0.004465796 -0.302873105 0.057503451 -0.004546551 0.998334944 30.236999512
0.998198152 -0.009128250 -0.059305120 -1.636016965 0.009415947 0.999945164 0.004573490 -0.319651723 0.059260130 -0.005123663 0.998229444 31.207593918
0.998086691 -0.011275982 -0.060791984 -1.691054344 0.011335562 0.999935508 0.000635254 -0.325666100 0.060780898 -0.001323149 0.998150229 32.192287445
0.998013020 -0.010646996 -0.062101379 -1.756202936 0.010437233 0.999938726 -0.003701159 -0.328548551 0.062136978 0.003045639 0.998063028 33.188049316
0.997881770 -0.010285493 -0.064236932 -1.822650433 0.010044645 0.999941230 -0.004071243 -0.338097304 0.064275041 0.003417382 0.997926354 34.168437958
0.997839808 -0.010084323 -0.064916171 -1.888979316 0.009913736 0.999946594 -0.002949402 -0.349861950 0.064942449 0.002299469 0.997886360 35.170101166
0.997800767 -0.007030733 -0.065910541 -1.962030172 0.007022590 0.999975324 -0.000355247 -0.360944241 0.065911412 -0.000108397 0.997825444 36.166046143
0.997681975 -0.007419324 -0.067644723 -2.039186478 0.007517939 0.999970973 0.001203378 -0.370285392 0.067633837 -0.001709138 0.997708678 37.196853638
0.997610211 -0.005927125 -0.068839177 -2.106833935 0.006194221 0.999974132 0.003667197 -0.378136694 0.068815656 -0.004084839 0.997620940 38.211025238
0.997622371 -0.005942053 -0.068661250 -2.176618099 0.006423559 0.999956310 0.006794131 -0.390108883 0.068617880 -0.007219026 0.997616887 39.219089508
0.997648954 -0.000591016 -0.068529293 -2.269053698 0.001235904 0.999955356 0.009368393 -0.397118539 0.068520695 -0.009431062 0.997605145 40.189437866
0.997624397 -0.000755820 -0.068884268 -2.340113163 0.001367981 0.999960005 0.008840077 -0.402380705 0.068874814 -0.008913307 0.997585475 41.196582794
0.997614980 -0.000274490 -0.069024190 -2.407302856 0.000785376 0.999972463 0.007374525 -0.411079615 0.069020264 -0.007411145 0.997587740 42.194675446
0.997644782 0.002173569 -0.068557948 -2.489896536 -0.001875199 0.999988437 0.004416134 -0.408159435 0.068566769 -0.004277173 0.997637331 43.170936584
0.997575343 0.001575367 -0.069577433 -2.561131954 -0.001260255 0.999988675 0.004572614 -0.416517138 0.069583870 -0.004473841 0.997566044 44.171722412
0.997466147 -0.000435274 -0.071141601 -2.626041889 0.000829982 0.999984443 0.005518751 -0.418108821 0.071138106 -0.005563814 0.997450948 45.177623749
0.997405827 0.000039805 -0.071983390 -2.699806452 0.000440789 0.999977708 0.006660557 -0.427236825 0.071982048 -0.006675007 0.997383595 46.148571014
0.997384787 0.002627642 -0.072225772 -2.777971506 -0.002390773 0.999991477 0.003365814 -0.443015695 0.072234005 -0.003184337 0.997382581 47.135578156
0.997293234 0.003041146 -0.073463418 -2.850583553 -0.003130054 0.999994516 -0.001095129 -0.445528686 0.073459662 0.001322111 0.997297287 48.112785339
0.997248411 0.003350328 -0.074056104 -2.927368641 -0.003503467 0.999991894 -0.001938066 -0.456595361 0.074049018 0.002192187 0.997252166 49.088809967
0.997279882 0.003170960 -0.073639430 -3.010002613 -0.003094897 0.999994576 0.001146991 -0.470405519 0.073642656 -0.000915965 0.997284293 50.043720245
0.997257829 0.001100886 -0.073997810 -3.079367876 -0.000790431 0.999990761 0.004224620 -0.481782258 0.074001782 -0.004154545 0.997249424 51.020732880
0.997283161 -0.000894855 -0.073657557 -3.157630205 0.001273935 0.999986231 0.005099695 -0.494288296 0.073651984 -0.005179675 0.997270584 51.984699249
0.997256935 -0.003505208 -0.073934831 -3.225303173 0.003798834 0.999985456 0.003831176 -0.506993234 0.073920324 -0.004101533 0.997255743 52.918949127
0.997212410 -0.006177582 -0.074359603 -3.294704437 0.006383010 0.999976456 0.002525290 -0.516435504 0.074342243 -0.002992889 0.997228384 53.879184723
0.997092187 -0.007499753 -0.075835988 -3.358354568 0.007791065 0.999963403 0.003546236 -0.526030898 0.075806618 -0.004126768 0.997114003 54.841354370
0.996996045 -0.010676386 -0.076713979 -3.436211109 0.011293955 0.999907196 0.007620960 -0.532360196 0.076625489 -0.008464471 0.997024059 55.803356171
0.996950150 -0.011807509 -0.077142663 -3.504069567 0.012835943 0.999835074 0.012849357 -0.536778867 0.076978222 -0.013800368 0.996937275 56.724922180
0.996920168 -0.010321550 -0.077741273 -3.581941605 0.011532135 0.999818921 0.015139122 -0.537571967 0.077570938 -0.015989019 0.996858597 57.678470612
0.996793032 -0.009146755 -0.079498626 -3.655710459 0.010066298 0.999886870 0.011173707 -0.543049037 0.079387426 -0.011938129 0.996772289 58.621387482
0.996717691 -0.007152868 -0.080639489 -3.739636421 0.007431904 0.999967337 0.003160663 -0.547903061 0.080614261 -0.003749593 0.996738374 59.557926178
0.996650398 -0.006456882 -0.081524029 -3.813839912 0.006365363 0.999978781 -0.001382446 -0.551204026 0.081531212 0.000858886 0.996670365 60.460941315
0.996604204 -0.001481411 -0.082327560 -3.900472403 0.001425946 0.999998748 -0.000732490 -0.559953928 0.082328536 0.000612608 0.996604979 61.374248505
0.996515095 0.001003419 -0.083406948 -3.978664875 -0.000872793 0.999998331 0.001602581 -0.574667096 0.083408415 -0.001524199 0.996514201 62.271335602
0.996424198 0.003763176 -0.084407568 -4.066014767 -0.003523661 0.999989331 0.002986409 -0.582528532 0.084417902 -0.002678306 0.996426821 63.144123077
0.996304214 0.004304460 -0.085785791 -4.142873764 -0.004073360 0.999987602 0.002868766 -0.593771338 0.085797057 -0.002508727 0.996309459 64.015060425
0.996182144 0.005922093 -0.087096460 -4.225883961 -0.005622755 0.999977469 0.003681778 -0.603960752 0.087116279 -0.003178000 0.996193051 64.864936829
0.996053517 0.006979940 -0.088479146 -4.299204826 -0.006616860 0.999968410 0.004396190 -0.618066549 0.088507034 -0.003793388 0.996068299 65.702117920
0.995908618 0.006799870 -0.090109758 -4.371366978 -0.006386500 0.999967754 0.004874955 -0.629196584 0.090139993 -0.004279525 0.995919883 66.525596619
0.995804191 0.006745433 -0.091260828 -4.451581001 -0.006256351 0.999964476 0.005644185 -0.634474874 0.091295667 -0.005049543 0.995810926 67.351257324
0.995669186 0.009507892 -0.092479877 -4.533337116 -0.008730325 0.999923110 0.008808890 -0.648934543 0.092556514 -0.007963361 0.995675564 68.153083801
0.995521843 0.010618255 -0.093934081 -4.607623100 -0.009448116 0.999872208 0.012892994 -0.653132498 0.094058983 -0.011947756 0.995494902 68.945877075
0.995361626 0.014015893 -0.095177464 -4.703282356 -0.012676428 0.999812067 0.014663466 -0.659048319 0.095365115 -0.013388942 0.995352268 69.727973938
0.995201230 0.017169928 -0.096330978 -4.786829472 -0.016243152 0.999813974 0.010396771 -0.665670335 0.096491575 -0.008782160 0.995295048 70.473442078
0.995030403 0.016811501 -0.098141961 -4.845819473 -0.016570508 0.999857306 0.003270187 -0.673684359 0.098182946 -0.001627673 0.995167017 71.191825867
0.994969010 0.016367940 -0.098836608 -4.944115639 -0.016721612 0.999856472 -0.002750936 -0.678801060 0.098777369 0.004389805 0.995099902 71.921905518
0.994866908 0.017101960 -0.099736601 -5.002059937 -0.017523082 0.999840856 -0.003347743 -0.702175498 0.099663474 0.005078251 0.995008230 72.599723816
0.994757950 0.019667963 -0.100348011 -5.079654694 -0.019764647 0.999804616 0.000030725 -0.709375918 0.100329004 0.001952779 0.994952381 73.274566650
0.994624794 0.019833283 -0.101626493 -5.150879860 -0.019681605 0.999803245 0.002495100 -0.729132593 0.101655975 -0.000481515 0.994819462 73.933525085
0.994561970 0.016669132 -0.102804214 -5.210527420 -0.016820174 0.999858320 -0.000602449 -0.745443225 0.102779612 0.002328357 0.994701445 74.564064026
0.994648159 0.008680033 -0.102954492 -5.261711597 -0.009359996 0.999937475 -0.006123258 -0.751349926 0.102894902 0.007054142 0.994667172 75.181167603
0.994834006 0.004441648 -0.101417549 -5.333878994 -0.005623280 0.999919593 -0.011368241 -0.750992775 0.101358883 0.011879813 0.994778991 75.779472351
0.995161057 0.006758337 -0.098024599 -5.398352623 -0.007930800 0.999901593 -0.011576193 -0.762741029 0.097936705 0.012297590 0.995116651 76.364944458
0.995532453 0.011546505 -0.093711033 -5.465794086 -0.012389060 0.999887884 -0.008414192 -0.778711915 0.093603365 0.009537593 0.995563924 76.932800293
0.995938599 0.010131213 -0.089463145 -5.503779888 -0.010672222 0.999927461 -0.005570986 -0.787293792 0.089400239 0.006503129 0.995974541 77.487213135
0.996475816 0.006881346 -0.083597213 -5.540956020 -0.007028002 0.999974251 -0.001460175 -0.797017336 0.083585009 0.002042552 0.996498525 78.032188416
0.997170329 0.001993807 -0.075148121 -5.573931217 -0.001799704 0.999994874 0.002650565 -0.818759561 0.075153023 -0.002507821 0.997168899 78.564102173
0.997843981 0.005603858 -0.065391473 -5.591997623 -0.005484655 0.999982953 0.002002295 -0.824190795 0.065401591 -0.001639329 0.997857630 79.085494995
0.998693168 0.010783651 -0.049957588 -5.622501850 -0.010697863 0.999940813 0.001984260 -0.838007748 0.049976029 -0.001447228 0.998749375 79.586616516
0.999370217 0.015836783 -0.031756684 -5.635334015 -0.015774846 0.999873221 0.002199857 -0.837252021 0.031787507 -0.001697515 0.999493182 80.080657959
0.999854445 0.014021550 -0.009721287 -5.627751350 -0.013990309 0.999896705 0.003274092 -0.852659762 0.009766184 -0.003137612 0.999947488 80.555206299
0.999800503 0.010511542 0.016984604 -5.601818085 -0.010580491 0.999936104 0.003974785 -0.858412266 -0.016941749 -0.004153697 0.999847949 81.023941040
0.998907149 0.009663762 0.045729175 -5.553175926 -0.009913263 0.999937177 0.005232395 -0.861033499 -0.045675747 -0.005680001 0.998940170 81.460357666
0.996843219 0.009070852 0.078876272 -5.494167328 -0.009631396 0.999931037 0.006729069 -0.867789388 -0.078809790 -0.007467514 0.996861696 81.914505005
0.993046165 0.009117180 0.117372140 -5.431694031 -0.010043119 0.999922991 0.007299883 -0.874489963 -0.117296539 -0.008427903 0.993061185 82.356658936
0.987320542 0.009071366 0.158480436 -5.329195023 -0.010302038 0.999922812 0.006945636 -0.875599504 -0.158405200 -0.008490239 0.987337649 82.782928467
0.978931844 0.008643351 0.204003915 -5.227369308 -0.010341071 0.999920249 0.007257431 -0.886490643 -0.203924894 -0.009214149 0.978943229 83.183570862
0.967656732 0.011216926 0.252021164 -5.096040726 -0.012947458 0.999902606 0.005209316 -0.891776443 -0.251938224 -0.008303864 0.967707634 83.554481506
0.952040017 0.012352928 0.305723965 -4.952949524 -0.013776485 0.999901950 0.002499145 -0.902543187 -0.305663109 -0.006591089 0.952116847 83.933410645
0.932605267 0.012747278 0.360672921 -4.771629333 -0.013648328 0.999906957 -0.000048763 -0.904464006 -0.360639930 -0.004877108 0.932692349 84.284584045
0.908168316 0.012438226 0.418420434 -4.579296112 -0.013353544 0.999910593 -0.000740523 -0.921812296 -0.418392241 -0.004914877 0.908253193 84.635459900
0.879178226 0.012556360 0.476327628 -4.368251801 -0.012663486 0.999915361 -0.002984998 -0.925105214 -0.476324737 -0.003407623 0.879262805 84.951629639
0.845980048 0.010882023 0.533103526 -4.119197845 -0.009629224 0.999940515 -0.005130789 -0.932510734 -0.533127666 -0.000792830 0.846034467 85.262123108
0.809186757 0.011602705 0.587436914 -3.848220825 -0.008925249 0.999932289 -0.007455658 -0.931517363 -0.587483585 0.000790000 0.809235632 85.568443298
0.768904924 0.010292462 0.639280319 -3.578338623 -0.008266690 0.999946833 -0.006156326 -0.944174886 -0.639309704 -0.000551101 0.768949091 85.840240479
0.725651145 0.009840374 0.687992513 -3.294395447 -0.010096084 0.999942243 -0.003653487 -0.955562472 -0.687988698 -0.004294874 0.725708604 86.092147827
0.681282938 0.008595943 0.731969833 -2.986587524 -0.008828110 0.999954820 -0.003526259 -0.960818291 -0.731967032 -0.004059529 0.681327999 86.303527832
0.635152042 0.007171357 0.772354007 -2.662082672 -0.004827248 0.999974132 -0.005315098 -0.962654114 -0.772372067 -0.000352450 0.635170221 86.507476807
0.590155303 0.003671227 0.807281494 -2.317710876 0.001071927 0.999985218 -0.005331199 -0.977872968 -0.807289004 0.004011582 0.590142608 86.671218872
0.542832077 0.007168288 0.839810610 -1.983745575 -0.000903528 0.999967933 -0.007951310 -0.975356698 -0.839840770 0.003557433 0.542821109 86.852752686
0.495761335 0.009823474 0.868403196 -1.641204834 -0.004397625 0.999951661 -0.008801012 -0.984552622 -0.868447661 0.000544290 0.495780528 87.009910583
0.449491113 0.012233628 0.893201053 -1.306167603 -0.005261592 0.999925077 -0.011047540 -0.991358161 -0.893269241 0.000266110 0.449521750 87.152328491
0.407548487 0.009889607 0.913129926 -0.946464539 0.002166759 0.999928117 -0.011796739 -0.994426012 -0.913181007 0.006786275 0.407497704 87.261054993
0.367635787 0.002121095 0.929967403 -0.561456680 0.017115844 0.999812603 -0.009046655 -1.001287103 -0.929812372 0.019243054 0.367530584 87.368827820
0.332450420 -0.001437008 0.943119645 -0.190456390 0.020197613 0.999780297 -0.005596336 -1.009309411 -0.942904413 0.020909267 0.332406491 87.459320068
0.299469471 0.002394871 0.954102933 0.180559158 0.017655417 0.999811709 -0.008051206 -1.018392444 -0.953942478 0.019256175 0.299370885 87.554954529
0.267577887 0.010306239 0.963481069 0.551715851 0.007062415 0.999894977 -0.012657128 -1.029524565 -0.963510334 0.010191273 0.267477006 87.660156250
0.239727169 0.014866646 0.970726490 0.960151672 0.002426998 0.999870420 -0.015912348 -1.046034217 -0.970837235 0.006170573 0.239660040 87.753570557
0.213316888 0.016494645 0.976843894 1.357795715 0.003742190 0.999836266 -0.017700085 -1.060014486 -0.976975739 0.007431263 0.213220283 87.828323364
0.190846875 0.017980965 0.981455147 1.782291412 0.011047755 0.999729514 -0.020464033 -1.069543600 -0.981557667 0.014748372 0.190596610 87.875534058
0.170195878 0.024346462 0.985109448 2.202944756 0.018129013 0.999448180 -0.027832961 -1.068318725 -0.985243499 0.022596117 0.169660583 87.928115845
0.150798187 0.031148817 0.988073707 2.643733025 0.020053199 0.999201357 -0.034560103 -1.070117712 -0.988361299 0.025025636 0.150053129 87.976341248
0.132988378 0.031856734 0.990605474 3.097298622 0.017811235 0.999244988 -0.034525722 -1.083800316 -0.990957618 0.022235423 0.132320523 88.036216736
0.117745057 0.027524834 0.992662430 3.565929413 0.015753664 0.999438226 -0.029581347 -1.105727792 -0.992918849 0.019121131 0.117245302 88.082023621
0.103607282 0.024299486 0.994321406 4.043522835 0.016173203 0.999528229 -0.026111960 -1.126166344 -0.994486809 0.018786751 0.103165396 88.118888855
0.090186290 0.021802094 0.995686233 4.549508572 0.018333705 0.999554574 -0.023547405 -1.144697905 -0.995756149 0.020378264 0.089746393 88.157035828
0.079040110 0.021195062 0.996646106 5.045888424 0.022287196 0.999486506 -0.023022974 -1.157582283 -0.996622264 0.024032187 0.078527138 88.176101685
0.068285719 0.021954427 0.997424245 5.577243805 0.025379868 0.999395967 -0.023735387 -1.171528935 -0.997343004 0.026935283 0.067687266 88.211669922
0.060460348 0.022193214 0.997923851 6.120197296 0.027102917 0.999347627 -0.023866942 -1.188419938 -0.997802556 0.028489653 0.059819415 88.240180969
0.054848984 0.022847800 0.998233259 6.676345348 0.028728753 0.999288142 -0.024450477 -1.202215910 -0.998081386 0.030019077 0.054153554 88.266014099
0.049202386 0.023481674 0.998512745 7.252044678 0.030054184 0.999236107 -0.024979629 -1.222788453 -0.998336554 0.031238543 0.048459079 88.290840149
0.042780891 0.023904338 0.998798490 7.843437195 0.030236613 0.999224842 -0.025209652 -1.242276669 -0.998626828 0.031278774 0.042024944 88.319183350
0.039000738 0.024309635 0.998943448 8.456827164 0.033005197 0.999127150 -0.025602693 -1.255568266 -0.998693943 0.033968844 0.038164355 88.329376221
0.036095731 0.023957672 0.999061227 9.083913803 0.034424506 0.999089539 -0.025202094 -1.276168585 -0.998755217 0.035301872 0.035238136 88.346893311
0.033148352 0.023669673 0.999170125 9.738074303 0.035681650 0.999054134 -0.024850694 -1.295977235 -0.998813272 0.036475804 0.032272428 88.362373352
0.030537676 0.022894032 0.999271333 10.398252487 0.037618779 0.999003053 -0.024037508 -1.314700842 -0.998825431 0.038325422 0.029645985 88.384742737
0.030016297 0.022722257 0.999291122 11.092533112 0.042077910 0.998826563 -0.023975614 -1.334667921 -0.998663366 0.042767737 0.029024975 88.393562317
0.031110760 0.022475097 0.999263227 11.785023689 0.045250546 0.998690426 -0.023871034 -1.353696585 -0.998491108 0.045959849 0.030053006 88.407829285
0.033485454 0.022192571 0.999192774 12.502385139 0.046912853 0.998616517 -0.023751941 -1.375272036 -0.998337567 0.047670327 0.032398015 88.433990479
0.037143216 0.022217028 0.999062955 13.241305351 0.049627237 0.998478234 -0.024049064 -1.392673850 -0.998077035 0.050473992 0.035984121 88.459060669
0.041501440 0.021636907 0.998904109 14.001653671 0.050288189 0.998453140 -0.023716455 -1.413213491 -0.997872055 0.051217344 0.040349156 88.488433838
0.045790508 0.020199899 0.998746812 14.762178421 0.051638413 0.998410881 -0.022560621 -1.431177020 -0.997615516 0.052606761 0.044674657 88.521102905
0.049310748 0.018373057 0.998614490 15.542064667 0.051554672 0.998451114 -0.020915780 -1.458747864 -0.997452021 0.052514613 0.048287164 88.569519043
0.053808585 0.016602980 0.998413205 16.353015900 0.048351087 0.998645604 -0.019212682 -1.475957513 -0.997379959 0.049308173 0.052932926 88.613609314
0.057517618 0.015598193 0.998222589 17.160539627 0.047503036 0.998702705 -0.018342817 -1.497397184 -0.997213721 0.048473641 0.056702022 88.672027588
0.061361883 0.016554270 0.997978330 17.970781326 0.044691503 0.998814106 -0.019316044 -1.520356536 -0.997114599 0.045786418 0.060549270 88.732612610
0.064915039 0.020221682 0.997685909 18.790100098 0.042901691 0.998813629 -0.023035966 -1.551202059 -0.996968150 0.044297799 0.063970491 88.777061462
0.066275701 0.025550557 0.997474134 19.622695923 0.036503524 0.998940766 -0.028013548 -1.584003329 -0.997133374 0.038267944 0.065272830 88.848869324
0.065636374 0.028617771 0.997433126 20.467632294 0.033440091 0.998964071 -0.030862233 -1.617168903 -0.997283041 0.035379939 0.064611405 88.917961121
0.066000007 0.028433844 0.997414410 21.298336029 0.031138983 0.999048412 -0.030540923 -1.644663215 -0.997333586 0.033074170 0.065051794 88.975433350
0.065467365 0.026469573 0.997503579 22.124832153 0.028449873 0.999192178 -0.028381584 -1.682040930 -0.997448981 0.030236918 0.064661428 89.045181274
0.065433271 0.025184760 0.997539043 22.953399658 0.029441997 0.999197483 -0.027157865 -1.715136766 -0.997422457 0.031146567 0.064639278 89.097946167
0.065933533 0.024508128 0.997523010 23.787149429 0.027078277 0.999286115 -0.026341246 -1.749121428 -0.997456670 0.028747978 0.065222837 89.163047791
0.066154376 0.025198862 0.997491181 24.615909576 0.025322124 0.999316633 -0.026924364 -1.777540326 -0.997488081 0.027039764 0.065471075 89.222007751
0.066097960 0.025443969 0.997488678 25.435092926 0.022565940 0.999380946 -0.026987556 -1.814001799 -0.997557998 0.024293093 0.065482885 89.282081604
0.065107994 0.026962645 0.997513890 26.245763779 0.019784151 0.999403477 -0.028305039 -1.847799420 -0.997682095 0.021577846 0.064535722 89.335700989
0.062576830 0.026515286 0.997687817 27.081300735 0.016713446 0.999479055 -0.027611183 -1.881818771 -0.997900248 0.018402625 0.062101051 89.392227173
0.057990357 0.025364019 0.997994900 27.887054443 0.014860569 0.999544501 -0.026266908 -1.914827824 -0.998206496 0.016354000 0.057587031 89.462585449
0.052924149 0.023077965 0.998331904 28.706882477 0.012991176 0.999632359 -0.023796728 -1.945178747 -0.998514056 0.014228926 0.052604880 89.508346558
0.046732076 0.021387894 0.998678505 29.524986267 0.010957393 0.999699652 -0.021922505 -1.972921848 -0.998847365 0.011967397 0.046483692 89.549758911
0.039765179 0.020602176 0.998996735 30.324611664 0.009650916 0.999732852 -0.021001520 -2.016161919 -0.999162436 0.010476362 0.039555728 89.579406738
0.031042065 0.021722486 0.999282062 31.136550903 0.009484549 0.999712348 -0.022026477 -2.041117668 -0.999473035 0.010161486 0.030827111 89.603355408
0.021159314 0.022082930 0.999532223 31.945283890 0.009850756 0.999702871 -0.022295237 -2.069355011 -0.999727607 0.010317900 0.020935489 89.618026733
0.011031666 0.021059982 0.999717355 32.727909088 0.011938994 0.999704123 -0.021191446 -2.099165440 -0.999867797 0.012169399 0.010776967 89.625846863
0.000618638 0.020353576 0.999792635 33.533607483 0.010713152 0.999735296 -0.020359043 -2.126618147 -0.999942362 0.010723526 0.000400426 89.623443604
-0.010808055 0.019399103 0.999753535 34.316528320 0.012116941 0.999740958 -0.019267870 -2.150489330 -0.999868095 0.011905707 -0.011040315 89.615165710
-0.021707183 0.019837987 0.999567449 35.102611542 0.012429298 0.999731183 -0.019571312 -2.176630259 -0.999687254 0.011999081 -0.021947920 89.591987610
-0.032728460 0.020381145 0.999256432 35.881607056 0.012810768 0.999718487 -0.019970981 -2.204865456 -0.999382198 0.012147621 -0.032980345 89.566207886
-0.042910613 0.021345058 0.998850882 36.660236359 0.012517666 0.999704838 -0.020825546 -2.233348846 -0.999000549 0.011609646 -0.043165132 89.521751404
-0.053664509 0.022826253 0.998298109 37.431987762 0.013132952 0.999668300 -0.022151608 -2.251683235 -0.998472631 0.011921845 -0.053946488 89.489051819
-0.063171163 0.023385402 0.997728765 38.185573578 0.013756574 0.999650836 -0.022559458 -2.279639006 -0.997907817 0.012300223 -0.063470818 89.440246582
-0.072834939 0.023979818 0.997055709 38.952552795 0.014407841 0.999631882 -0.022989288 -2.306184292 -0.997239947 0.012690996 -0.073153630 89.386322021
-0.082050875 0.024489924 0.996327281 39.705093384 0.015672278 0.999606073 -0.023279859 -2.330824375 -0.996504903 0.013704584 -0.082402371 89.316658020
-0.091041394 0.023700053 0.995565057 40.457794189 0.015882920 0.999624193 -0.022344241 -2.364116192 -0.995720387 0.013778227 -0.091383606 89.256011963
-0.098290458 0.022595380 0.994901121 41.193130493 0.017756827 0.999622881 -0.020948343 -2.390121460 -0.994999290 0.015607261 -0.098654605 89.175941467
-0.103384562 0.020775761 0.994424403 41.918769836 0.020434320 0.999615252 -0.018759770 -2.418642759 -0.994431496 0.018380919 -0.103769295 89.095298767
-0.107018344 0.019231595 0.994071126 42.641708374 0.023819678 0.999575675 -0.016773744 -2.444338799 -0.993971646 0.021883352 -0.107431017 89.007759094
-0.109572098 0.017898036 0.993817627 43.344360352 0.025286876 0.999564469 -0.015213558 -2.470910311 -0.993657172 0.023463562 -0.109976955 88.923439026
-0.111237980 0.017143061 0.993645906 44.031684875 0.025500121 0.999571264 -0.014390565 -2.491251945 -0.993466556 0.023737313 -0.111627452 88.843658447
-0.112157755 0.017489880 0.993536413 44.719917297 0.026141971 0.999550998 -0.014644656 -2.518900156 -0.993346453 0.024330491 -0.112564608 88.769569397
-0.111362517 0.018777538 0.993602574 45.372390747 0.026710998 0.999516904 -0.015895555 -2.528532028 -0.993420839 0.024769947 -0.111810289 88.705604553
-0.108347617 0.020503072 0.993901670 46.014572144 0.027608765 0.999463737 -0.017608110 -2.547724724 -0.993729651 0.025532600 -0.108855575 88.639419556
-0.103182234 0.020817539 0.994444728 46.631195068 0.027488919 0.999458730 -0.018070290 -2.573635340 -0.994282544 0.025471671 -0.103698649 88.576538086
-0.095196813 0.021406207 0.995228231 47.217910767 0.027168421 0.999452233 -0.018898305 -2.601239681 -0.995087683 0.025239723 -0.095726244 88.522743225
-0.083944306 0.021486256 0.996238768 47.795669556 0.026230611 0.999468803 -0.019345695 -2.621280909 -0.996125162 0.024507990 -0.084463306 88.480522156
-0.070588149 0.021600328 0.997271597 48.353981018 0.025427641 0.999479592 -0.019848347 -2.645177841 -0.997181416 0.023957206 -0.071100667 88.457237244
-0.053450376 0.023080003 0.998303771 48.901927948 0.024577204 0.999460340 -0.021790853 -2.662534714 -0.998268008 0.023370788 -0.053988777 88.435424805
-0.032382369 0.025470417 0.999150932 49.434452057 0.022617873 0.999437869 -0.024744688 -2.687911510 -0.999219656 0.021797378 -0.032940254 88.439270020
-0.008098066 0.028717676 0.999554813 49.963253021 0.020657251 0.999379039 -0.028545270 -2.709237099 -0.999753833 0.020416893 -0.008686259 88.456474304
0.020220477 0.030486725 0.999330640 50.482952118 0.018114412 0.999359727 -0.030854143 -2.733699322 -0.999631405 0.018726176 0.019655287 88.489425659
0.053535875 0.029848291 0.998119712 51.002544403 0.016177442 0.999396026 -0.030754164 -2.756361008 -0.998434901 0.017793473 0.053020671 88.531745911
0.092433140 0.026627546 0.995362937 51.468975067 0.014549023 0.999499559 -0.028089294 -2.788773298 -0.995612621 0.017077938 0.091999479 88.574577332
0.134316832 0.022750676 0.990677297 51.970748901 0.012018709 0.999625504 -0.024585674 -2.812915325 -0.990865588 0.015208933 0.133993074 88.668640137
0.179735184 0.018520363 0.983540773 52.455684662 0.009475421 0.999743819 -0.020557042 -2.831248522 -0.983669460 0.013014284 0.179513663 88.778221130
0.228131026 0.015811555 0.973502040 52.951293945 0.005213499 0.999833882 -0.017460968 -2.841420412 -0.973616481 0.009058739 0.228010744 88.924377441
0.279975653 0.014147917 0.959902823 53.411651611 0.001781934 0.999881983 -0.015256905 -2.859873772 -0.960005403 0.005982044 0.279917419 89.083930969
0.334872574 0.014048756 0.942158699 53.885643005 0.000838234 0.999883950 -0.015207447 -2.872218132 -0.942263067 0.005882305 0.334821939 89.278350830
0.392205983 0.014698775 0.919759989 54.311813354 0.002750327 0.999849081 -0.017151488 -2.885363102 -0.919873297 0.009256556 0.392106354 89.497711182
0.452199042 0.018049918 0.891734362 54.718963623 0.003806024 0.999747097 -0.022166278 -2.900526047 -0.891909003 0.013417533 0.452015936 89.739532471
0.510905385 0.021088485 0.859378397 55.105842590 0.005084136 0.999607384 -0.027552161 -2.919613600 -0.859621942 0.018445743 0.510597646 90.017089844
0.569164515 0.025563763 0.821826220 55.475101471 0.001107375 0.999491811 -0.031857166 -2.929158449 -0.822222888 0.019042039 0.568846941 90.317710876
0.624674261 0.028318923 0.780371785 55.808547974 -0.002729728 0.999415219 -0.034082696 -2.944836855 -0.780880630 0.019160377 0.624386311 90.640411377
0.677708209 0.029412953 0.734742463 56.129364014 -0.004078493 0.999334633 -0.036243115 -2.955316544 -0.735319614 0.021565616 0.677377284 90.983703613
0.726654291 0.026566926 0.686489522 56.430747986 -0.003845176 0.999393582 -0.034606077 -2.980017185 -0.686992586 0.022506978 0.726315737 91.350189209
0.771153271 0.023478515 0.636216462 56.693397522 -0.006377977 0.999554515 -0.029156208 -2.999283314 -0.636617601 0.018426131 0.770959496 91.738281250
0.812246501 0.018636515 0.583016694 56.939598083 -0.006922519 0.999727070 -0.022312641 -3.011235952 -0.583273351 0.014087420 0.812153816 92.154167175
0.848689318 0.016782556 0.528625429 57.153701782 -0.009876611 0.999825060 -0.015885437 -3.024251223 -0.528799534 0.008260773 0.848706603 92.578979492
0.879668951 0.012699376 0.475416958 57.347358704 -0.009791596 0.999915063 -0.008592319 -3.034088135 -0.475485772 0.002903305 0.879718661 93.024963379
0.905080557 0.013660723 0.425020844 57.509223938 -0.013598094 0.999902427 -0.003181074 -3.044510603 -0.425022811 -0.002900346 0.905178070 93.470565796
0.925360322 0.015277472 0.378780723 57.652336121 -0.016790908 0.999858797 0.000692545 -3.058690071 -0.378716618 -0.007000925 0.925486207 93.921195984
0.940001070 0.021420775 0.340498507 57.748329163 -0.024097290 0.999702990 0.003633094 -3.073816538 -0.340319574 -0.011620205 0.940238059 94.363487244
0.951615512 0.025865503 0.306201100 57.848991394 -0.028072493 0.999601960 0.002805385 -3.079463005 -0.306006610 -0.011265477 0.951962709 94.820800781
0.961299956 0.027942915 0.274083257 57.983421326 -0.029790748 0.999552846 0.002581059 -3.065734148 -0.273888588 -0.010646317 0.961702526 95.319831848
0.967414737 0.022238208 0.252218753 58.098110199 -0.023694379 0.999715626 0.002737360 -3.069228172 -0.252086133 -0.008624330 0.967666447 95.788375854
0.971209705 0.019597489 0.237419069 58.199722290 -0.021103701 0.999770105 0.003803968 -3.083659410 -0.237290010 -0.008704872 0.971399903 96.283485413
0.974349022 0.023798564 0.223780483 58.309700012 -0.025133193 0.999679208 0.003117208 -3.080582142 -0.223634541 -0.008661566 0.974634588 96.792533875
0.976142585 0.028548112 0.215245962 58.388290405 -0.030129610 0.999537766 0.004069205 -3.080894709 -0.215030313 -0.010457402 0.976551354 97.311027527
0.977404475 0.035869505 0.208311886 58.499210358 -0.037294492 0.999300063 0.002915834 -3.083834410 -0.208061546 -0.010618834 0.978058100 97.814559937
0.977863729 0.041239832 0.205138519 58.603599548 -0.041799601 0.999124706 -0.001605825 -3.075917721 -0.205025166 -0.007004432 0.978731573 98.362411499
0.978074133 0.042400751 0.203895077 58.717525482 -0.042344928 0.999092221 -0.004638597 -3.078999043 -0.203906655 -0.004097031 0.978981674 98.893669128
0.977461338 0.040757056 0.207142740 58.826126099 -0.039956711 0.999168992 -0.008047830 -3.086521149 -0.207298577 -0.000410299 0.978277564 99.448860168
0.976533294 0.039457873 0.211720780 58.942420959 -0.037270628 0.999202728 -0.014313213 -3.095953703 -0.212116748 0.006086364 0.977225363 100.019180298
0.975821912 0.040137455 0.214850202 59.083824158 -0.036941476 0.999139249 -0.018871738 -3.110806942 -0.215422735 0.010478572 0.976464629 100.586318970
0.974662185 0.045335930 0.219039828 59.211990356 -0.042316068 0.998933733 -0.018461103 -3.122260094 -0.219643235 0.008724434 0.975541294 101.168716431
0.973172307 0.048184663 0.224975437 59.339073181 -0.046049111 0.998830557 -0.014733143 -3.129251480 -0.225422218 0.003977971 0.974253118 101.774482727
0.972073376 0.044861909 0.230349377 59.478279114 -0.043731984 0.998993278 -0.010011102 -3.143957615 -0.230566561 -0.000342107 0.973056495 102.388237000
0.971372485 0.040621981 0.234062463 59.634338379 -0.040837549 0.999158144 -0.003927610 -3.161870718 -0.234024942 -0.005743363 0.972213686 103.011940002
0.970687568 0.038182214 0.237292632 59.795814514 -0.039318398 0.999226809 0.000055589 -3.165707827 -0.237107009 -0.009383924 0.971438289 103.632286072
0.970187783 0.033768602 0.239990234 59.970039368 -0.035060715 0.999384522 0.001115305 -3.173835754 -0.239804849 -0.009496284 0.970774651 104.311286926
0.970102072 0.030581437 0.240762725 60.127082825 -0.030914599 0.999519169 -0.002394119 -3.177325249 -0.240720153 -0.005120543 0.970580995 104.956771851
0.970254421 0.029848190 0.240240559 60.294410706 -0.028590528 0.999553204 -0.008719439 -3.191682816 -0.240393445 0.001591466 0.970674276 105.617843628
0.970435143 0.032213222 0.239203051 60.450073242 -0.029341714 0.999448419 -0.015556747 -3.200341702 -0.239572257 0.008078187 0.970844924 106.276550293
0.970997453 0.035344269 0.236462727 60.617233276 -0.031638958 0.999310136 -0.019447209 -3.204517603 -0.236986935 0.011401758 0.971445918 106.972755432
0.971618295 0.034079589 0.234086409 60.785675049 -0.031399600 0.999391794 -0.015167188 -3.213347912 -0.234460935 0.007386498 0.972097456 107.678863525
0.972038984 0.029750066 0.232927382 60.955650330 -0.028826708 0.999557257 -0.007368024 -3.231655836 -0.233043462 0.000447478 0.972466171 108.391845703
0.972711682 0.029392086 0.230148152 61.124336243 -0.029798031 0.999554455 -0.001712384 -3.245192766 -0.230095968 -0.005192304 0.973154068 109.106506348
0.972919762 0.034221951 0.228596151 61.287071228 -0.034606833 0.999398291 -0.002325877 -3.254311800 -0.228538230 -0.005648098 0.973518550 109.841293335
0.973235130 0.039873175 0.226326004 61.448326111 -0.039263722 0.999202967 -0.007195640 -3.259090185 -0.226432532 -0.001883351 0.974025011 110.579307556
0.974076092 0.040971722 0.222479686 61.614433289 -0.039200697 0.999154806 -0.012372497 -3.269261599 -0.222798556 0.003330393 0.974858761 111.328613281
0.975107491 0.039240789 0.218232363 61.785476685 -0.036761027 0.999205232 -0.015413148 -3.279186726 -0.218663722 0.007007032 0.975775063 112.091323853
0.975972950 0.037187785 0.214694753 61.950576782 -0.035096731 0.999292195 -0.013544806 -3.298567772 -0.215046495 0.005684280 0.976587236 112.866462708
0.976863325 0.032919865 0.211315379 62.118602753 -0.031198323 0.999447346 -0.011476546 -3.315720081 -0.211576357 0.004618334 0.977350533 113.656814575
0.977319658 0.031576391 0.209401697 62.290756226 -0.030361328 0.999498367 -0.009015300 -3.326419353 -0.209581316 0.002453118 0.977788091 114.451484680
0.977694452 0.028790958 0.208049253 62.466823578 -0.028051771 0.999585390 -0.006503057 -3.341461658 -0.208150193 0.000521854 0.978096783 115.250633240
0.977878928 0.023215925 0.207878828 62.638320923 -0.022601342 0.999730408 -0.005331420 -3.354620218 -0.207946539 0.000515145 0.978140056 116.066894531
0.978132904 0.023588277 0.206638992 62.825195312 -0.023336051 0.999721110 -0.003658242 -3.369169712 -0.206667647 -0.001243890 0.978410423 116.868240356
0.977672100 0.029202793 0.208097324 62.971199036 -0.028688360 0.999573350 -0.005490329 -3.380687714 -0.208168864 -0.000602230 0.978092730 117.744483948
0.977398634 0.034705911 0.208536521 63.137954712 -0.033570930 0.999395907 -0.008980526 -3.389123917 -0.208722204 0.001776788 0.977973402 118.574188232
0.976878941 0.043799747 0.209258318 63.304195404 -0.042499423 0.999039114 -0.010708615 -3.399695635 -0.209526241 0.001567665 0.977801800 119.403907776
0.975963891 0.049577456 0.212218642 63.471000671 -0.048554793 0.998770058 -0.010030977 -3.417565346 -0.212454945 -0.000514361 0.977170706 120.238647461
0.975154638 0.051737275 0.215399399 63.645446777 -0.051235903 0.998655140 -0.007914497 -3.438613415 -0.215519235 -0.003318327 0.976493895 121.091316223
0.974574089 0.052840889 0.217745543 63.830909729 -0.052205868 0.998598695 -0.008672286 -3.459402561 -0.217898682 -0.002915811 0.975966990 121.937652588
0.974289060 0.051045630 0.219443440 64.026214600 -0.049704146 0.998696208 -0.011633467 -3.467331171 -0.219751164 0.000427110 0.975556016 122.772872925
0.974380076 0.044712238 0.220418647 64.226058960 -0.043486618 0.998999774 -0.010412109 -3.484457254 -0.220663711 0.000560090 0.975349844 123.613464355
0.974568665 0.038318999 0.220788538 64.425483704 -0.036628585 0.999259949 -0.011746846 -3.507864952 -0.221075237 0.003360936 0.975250959 124.452957153
0.974390090 0.037003636 0.221798539 64.623008728 -0.035232581 0.999307752 -0.011937606 -3.523098946 -0.222086757 0.003817352 0.975019395 125.292335510
0.973986149 0.039594781 0.223121434 64.814315796 -0.038593236 0.999215782 -0.008849261 -3.543663263 -0.223296866 0.000008079 0.974750459 126.126892090
0.973546565 0.042113040 0.224574193 65.000007629 -0.042466637 0.999092519 -0.003257617 -3.558604479 -0.224507600 -0.006365468 0.974451542 126.976249695
0.973159969 0.045499306 0.225587055 65.185920715 -0.046963446 0.998895943 0.001125360 -3.576658010 -0.225286782 -0.011689500 0.974222362 127.805961609
0.972871363 0.044738069 0.226979777 65.366287231 -0.044705126 0.998986185 -0.005288481 -3.598364115 -0.226986289 -0.005002148 0.973885119 128.639831543
0.973180830 0.040590569 0.226432294 65.565643311 -0.037085220 0.999117613 -0.019715073 -3.616871834 -0.227032721 0.010789039 0.973827422 129.452239990
