1.000000000 0.000000000 0.000000000 0.000000000 0.000000000 1.000000000 0.000000000 0.000000000 0.000000000 0.000000000 1.000000000 0.000000000
0.999990404 -0.002736985 -0.003417642 0.000372369 0.002729845 0.999994099 -0.002091998 -0.004106731 0.003423347 0.002082649 0.999991953 0.685851276
0.999974012 -0.001005406 -0.007156946 -0.015398188 0.000979129 0.999992788 -0.003674177 -0.007002941 0.007160589 0.003667073 0.999967575 1.392029524
0.999936163 -0.001158828 -0.011240917 -0.026616788 0.001100827 0.999986053 -0.005164552 -0.007403822 0.011246745 0.005151848 0.999923468 2.112291574
0.999869823 0.000217995 -0.016132481 -0.044351969 -0.000311025 0.999983430 -0.005764331 -0.013655913 0.016130958 0.005768599 0.999853194 2.846506357
0.999785423 -0.000652805 -0.020711280 -0.060781963 0.000527569 0.999981523 -0.006051668 -0.020781526 0.020714849 0.006039442 0.999767184 3.607523680
0.999687314 0.000978004 -0.024984084 -0.090784453 -0.001161897 0.999972343 -0.007346957 -0.026087286 0.024976205 0.007373689 0.999660850 4.380938053
0.999539256 0.003641526 -0.030131446 -0.118110508 -0.003878802 0.999961913 -0.007820018 -0.040006712 0.030101821 0.007933291 0.999515355 5.153774261
0.999398053 0.004136095 -0.034443125 -0.150809392 -0.004339763 0.999973536 -0.005840518 -0.051882550 0.034418054 0.005986476 0.999389648 5.956177235
0.999237597 0.003310074 -0.038902465 -0.184565827 -0.003440623 0.999988675 -0.003289333 -0.058298498 0.038891137 0.003420672 0.999237597 6.766910076
0.999087632 0.002912723 -0.042605992 -0.214845300 -0.002938462 0.999995530 -0.000541513 -0.069911182 0.042604223 0.000666215 0.999091804 7.581698895
0.998965859 0.004441037 -0.045247667 -0.260085255 -0.004491727 0.999989450 -0.001018676 -0.080034532 0.045242660 0.001220863 0.998975277 8.406618118
0.998872936 0.003847042 -0.047308374 -0.305443704 -0.003912011 0.999991536 -0.001280789 -0.085017562 0.047303043 0.001464416 0.998879552 9.235358238
0.998798490 0.000968747 -0.048994321 -0.346330047 -0.001071562 0.999997318 -0.002072282 -0.086768396 0.048992176 0.002122293 0.998796880 10.078017235
0.998700321 0.000452292 -0.050964199 -0.388894737 -0.000509770 0.999999225 -0.001114820 -0.097469732 0.050963651 0.001139351 0.998699844 10.925608635
0.998612642 -0.001296323 -0.052639555 -0.431700557 0.001230541 0.999998391 -0.001282053 -0.104530312 0.052641135 0.001215499 0.998612702 11.793839455
0.998517513 0.001203063 -0.054417197 -0.487592489 -0.001391251 0.999993205 -0.003420487 -0.116090700 0.054412711 0.003491124 0.998512387 12.655915260
0.998453796 0.001369874 -0.055570498 -0.539126694 -0.001710826 0.999980032 -0.006088377 -0.125770524 0.055561043 0.006174034 0.998436272 13.527358055
0.998342514 0.005497100 -0.057289209 -0.599327326 -0.005951867 0.999952078 -0.007770496 -0.137998208 0.057243753 0.008098594 0.998327374 14.417550087
0.998264730 0.006068656 -0.058572631 -0.659956217 -0.006526818 0.999949574 -0.007633965 -0.143359214 0.058523349 0.008003009 0.998253942 15.327699661
0.998211324 0.005148526 -0.059561413 -0.721619844 -0.005525372 0.999965787 -0.006164047 -0.156610280 0.059527628 0.006482119 0.998205602 16.234045029
0.998140395 0.005889466 -0.060671024 -0.781908393 -0.006179728 0.999970317 -0.004597655 -0.169354379 0.060642146 0.004964035 0.998147190 17.131883621
0.998044312 0.005180389 -0.062295299 -0.831583261 -0.005458811 0.999975860 -0.004300025 -0.182972416 0.062271520 0.004631675 0.998048365 18.050405502
0.997973561 0.005074768 -0.063427776 -0.906595349 -0.005408645 0.999972403 -0.005093297 -0.196062222 0.063400179 0.005426032 0.997973442 18.966934204
0.997872233 0.003130171 -0.065126225 -0.948034763 -0.003535000 0.999975264 -0.006101778 -0.205986038 0.065105520 0.006319017 0.997858346 19.856769562
0.997843146 0.003465662 -0.065551534 -1.014119744 -0.003747230 0.999984324 -0.004172913 -0.219131231 0.065536030 0.004409550 0.997840464 20.789396286
0.997844517 0.004270867 -0.065482385 -1.080172420 -0.004350680 0.999989986 -0.001076318 -0.226609617 0.065477118 0.001358891 0.997853160 21.728742599
0.997886658 0.005469870 -0.064749092 -1.144233823 -0.005301132 0.999982059 0.002777551 -0.239716500 0.064763129 -0.002428437 0.997897625 22.674375534
0.997978032 0.004547830 -0.063397713 -1.200564146 -0.004180618 0.999973714 0.005923666 -0.250168622 0.063422993 -0.005646646 0.997970760 23.614685059
0.998068750 0.004755116 -0.061936691 -1.254512310 -0.004372090 0.999970496 0.006318208 -0.248224050 0.061964910 -0.006035214 0.998060167 24.565359116
0.998153985 0.004471277 -0.060568321 -1.318445444 -0.004246971 0.999983668 0.003831593 -0.263264954 0.060584452 -0.003567288 0.998156846 25.497211456
0.998213291 0.005310147 -0.059513737 -1.381844282 -0.005368290 0.999985278 -0.000817117 -0.268571317 0.059508521 0.001135144 0.998227119 26.457128525
0.998297513 0.004266139 -0.058170229 -1.439813018 -0.004487567 0.999983191 -0.003676449 -0.278644145 0.058153562 0.003931233 0.998299956 27.415983200
0.998328984 0.001592092 -0.057764187 -1.490800738 -0.001740681 0.999995351 -0.002522102 -0.288653284 0.057759903 0.002618437 0.998327076 28.394216537
0.998309493 -0.000097642 -0.058121458 -1.547923088 0.000246417 0.999996722 0.002552571 -0.302639246 0.058121022 -0.002562578 0.998306215 29.391698837
0.998259187 -0.003589916 -0.058870073 -1.610283375 0.003948135 0.999974489 0.005969713 -0.310417533 0.058847133 -0.006191747 0.998247862 30.375213623
0.998125136 -0.011868388 -0.060044888 -1.656724215 0.012224779 0.999909818 0.005571485 -0.317192018 0.059973340 -0.006295074 0.998180151 31.366697311
0.998022437 -0.013448540 -0.061403517 -1.712765932 0.013566280 0.999906778 0.001500911 -0.322532833 0.061377611 -0.002330960 0.998111844 32.349510193
0.997942507 -0.013182047 -0.062744692 -1.778703690 0.013067869 0.999912083 -0.002229788 -0.330690026 0.062768571 0.001405261 0.998027086 33.343425751
0.997804344 -0.012257685 -0.065086961 -1.842581272 0.012093041 0.999922574 -0.002922999 -0.339065135 0.065117754 0.002129482 0.997875333 34.346000671
0.997705042 -0.012660860 -0.066515267 -1.898578405 0.012612319 0.999919772 -0.001149667 -0.355972767 0.066524498 0.000308116 0.997784734 35.350257874
0.997667670 -0.008913132 -0.067673735 -1.978389263 0.009000430 0.999959052 0.000985174 -0.363684535 0.067662194 -0.001591969 0.997707069 36.375228882
0.997554898 -0.009041394 -0.069299683 -2.045865059 0.009234067 0.999954343 0.002460428 -0.376045227 0.069274284 -0.003094330 0.997592866 37.407093048
0.997566938 -0.007784163 -0.069279440 -2.130490541 0.008157884 0.999953628 0.005113121 -0.381057799 0.069236435 -0.005665854 0.997584164 38.367477417
0.997580051 -0.007382283 -0.069134004 -2.194348812 0.007999274 0.999930561 0.008651978 -0.403476626 0.069065340 -0.009184063 0.997569859 39.361198425
0.997509181 -0.002912935 -0.070477024 -2.274423838 0.003653389 0.999939561 0.010379710 -0.381760031 0.070442520 -0.010611334 0.997459412 40.377830505
0.997573376 -0.002267992 -0.069585256 -2.366914034 0.002950552 0.999948502 0.009707757 -0.402108163 0.069559634 -0.009889515 0.997528791 41.350776672
0.997585356 -0.002145119 -0.069418095 -2.439645290 0.002723955 0.999962270 0.008244813 -0.407141536 0.069397785 -0.008413997 0.997553587 42.351005554
0.997597396 0.000463564 -0.069276936 -2.520744562 -0.000058757 0.999982893 0.005845235 -0.408962160 0.069278464 -0.005827120 0.997580349 43.352226257
0.997483492 0.000150213 -0.070898443 -2.585110664 0.000285410 0.999981105 0.006134147 -0.422008574 0.070898026 -0.006138944 0.997464597 44.354030609
0.997428238 -0.002462549 -0.071628660 -2.662025928 0.002983692 0.999969780 0.007169531 -0.425454050 0.071608856 -0.007364811 0.997405529 45.357162476
0.997380972 -0.001445650 -0.072311498 -2.743723631 0.002030280 0.999965847 0.008012043 -0.430259287 0.072297439 -0.008137872 0.997349918 46.350868225
0.997407079 -0.000428911 -0.071964145 -2.851413250 0.000748106 0.999989986 0.004408571 -0.431131601 0.071961537 -0.004450976 0.997397482 47.360866547
0.997308552 0.000459638 -0.073317297 -2.895450592 -0.000424463 0.999999762 0.000495344 -0.449927241 0.073317520 -0.000462892 0.997308493 48.288700104
0.997207284 0.001036727 -0.074675560 -2.951155424 -0.001089939 0.999999106 -0.000671831 -0.454660118 0.074674800 0.000751348 0.997207701 49.254657745
0.997231543 -0.000448564 -0.074357033 -3.031338930 0.000647714 0.999996185 0.002654203 -0.457170844 0.074355558 -0.002695017 0.997228146 50.221557617
0.997217536 -0.002320401 -0.074510157 -3.104270935 0.002763070 0.999979079 0.005838523 -0.467709839 0.074495062 -0.006028154 0.997203171 51.199108124
0.997189641 -0.004317437 -0.074794292 -3.175656319 0.004826168 0.999966383 0.006622335 -0.478980780 0.074763186 -0.006964693 0.997177005 52.171203613
0.997141302 -0.007671970 -0.075169049 -3.244214058 0.008124133 0.999950647 0.005711334 -0.490738511 0.075121529 -0.006305690 0.997154415 53.136535645
0.997115374 -0.010628073 -0.075153485 -3.322635889 0.010994514 0.999929607 0.004463861 -0.499533206 0.075100750 -0.005277259 0.997162044 54.108097076
0.997008145 -0.011843425 -0.076384597 -3.389811993 0.012307688 0.999908447 0.005610074 -0.509868383 0.076311179 -0.006533407 0.997062624 55.065677643
0.996918738 -0.014624689 -0.077065855 -3.472704887 0.015373521 0.999840081 0.009132439 -0.506446481 0.076919988 -0.010289074 0.996984184 56.010322571
0.996827900 -0.015815917 -0.078000315 -3.543474436 0.017012302 0.999747276 0.014697601 -0.514170527 0.077748165 -0.015977945 0.996845007 56.984943390
0.996837080 -0.013562345 -0.078307427 -3.618871450 0.014876621 0.999757648 0.016224630 -0.510984778 0.078068428 -0.017338267 0.996797264 57.920925140
0.996709347 -0.013410451 -0.079941720 -3.682627678 0.014470791 0.999814630 0.012699351 -0.515933692 0.079756603 -0.013814384 0.996718645 58.829177856
0.996643960 -0.011299140 -0.081074521 -3.782446384 0.011691096 0.999922097 0.004361424 -0.510022044 0.081018925 -0.005294637 0.996698499 59.806011200
0.996611238 -0.010440120 -0.081590503 -3.854099751 0.010490933 0.999944925 0.000194075 -0.522962809 0.081583969 -0.001049378 0.996665895 60.719505310
0.996572256 -0.005571913 -0.082538798 -3.938232183 0.005677740 0.999983311 0.001047478 -0.532377779 0.082531579 -0.001512521 0.996587276 61.634017944
0.996506035 -0.003009370 -0.083466582 -4.020279408 0.003316322 0.999988198 0.003539132 -0.546004057 0.083454952 -0.003803569 0.996504247 62.534091949
0.996419370 -0.000460232 -0.084546201 -4.101100922 0.000869015 0.999988019 0.004798266 -0.558895588 0.084542982 -0.004854558 0.996407986 63.418888092
0.996300399 0.000156768 -0.085939884 -4.172113419 0.000263650 0.999988079 0.004880601 -0.568488300 0.085939623 -0.004885203 0.996288359 64.290100098
0.996131122 0.001595562 -0.087864928 -4.247934341 -0.001094186 0.999982834 0.005754089 -0.581519842 0.087872595 -0.005635686 0.996115744 65.150810242
0.995973289 0.002621877 -0.089611962 -4.331360340 -0.002071174 0.999978364 0.006237854 -0.585758686 0.089626387 -0.006027134 0.995957196 66.027893066
0.995862663 0.001835868 -0.090852350 -4.410776138 -0.001235143 0.999976933 0.006667873 -0.596579313 0.090862505 -0.006528070 0.995841980 66.850921631
0.995809734 0.002165316 -0.091422975 -4.491494656 -0.001457571 0.999968469 0.007807478 -0.604610801 0.091436997 -0.007641508 0.995781541 67.652816772
0.995651901 0.006029376 -0.092957273 -4.572973251 -0.005057421 0.999930024 0.010687948 -0.618563473 0.093015224 -0.010171351 0.995612741 68.461288452
0.995518506 0.007072209 -0.094301946 -4.652127743 -0.005698047 0.999873698 0.014833217 -0.618087053 0.094394945 -0.014229408 0.995433152 69.245910645
0.995445609 0.010888144 -0.094706967 -4.751619339 -0.009353919 0.999817908 0.016628567 -0.628844261 0.094870798 -0.015666952 0.995366216 70.008514404
0.995208204 0.012101068 -0.097026549 -4.826640129 -0.010954513 0.999863803 0.012340954 -0.622071445 0.097162686 -0.011218938 0.995205224 70.796981812
0.995071590 0.012150072 -0.098411717 -4.901601315 -0.011720506 0.999919116 0.004941962 -0.626657903 0.098463789 -0.003764171 0.995133460 71.525932312
0.994903564 0.011301246 -0.100195251 -4.966246128 -0.011422195 0.999934554 -0.000633514 -0.637799025 0.100181535 0.001774739 0.994967580 72.236923218
0.994898677 0.012213998 -0.100136608 -5.055661201 -0.012449691 0.999920964 -0.001729137 -0.643539548 0.100107566 0.002966988 0.994972169 72.945411682
0.994761884 0.014831678 -0.101137437 -5.123927116 -0.014725890 0.999889970 0.001792528 -0.654597521 0.101152904 -0.000293801 0.994870842 73.613563538
0.994638324 0.015220334 -0.102288075 -5.196974754 -0.014889361 0.999881148 0.003998470 -0.669083595 0.102336779 -0.002454028 0.994746864 74.278724670
0.994569778 0.011908052 -0.103387803 -5.261969090 -0.011934957 0.999928713 0.000358403 -0.672058403 0.103384703 0.000877473 0.994641066 74.913459778
0.994653761 0.004246402 -0.103178486 -5.314969063 -0.004761715 0.999977350 -0.004748611 -0.681026220 0.103155993 0.005214530 0.994651496 75.542411804
0.994710982 -0.000115922 -0.102712534 -5.359479427 -0.000917350 0.999949515 -0.010012551 -0.686225474 0.102708489 0.010053817 0.994660676 76.143829346
0.995052338 0.002143678 -0.099329077 -5.429210663 -0.003152638 0.999945104 -0.010001914 -0.702780724 0.099302158 0.010265577 0.995004356 76.710884094
0.995468020 0.007449402 -0.094804354 -5.497337341 -0.008157496 0.999941647 -0.007083626 -0.713264227 0.094746053 0.007824890 0.995470762 77.281822205
0.995995522 0.005565012 -0.089229293 -5.563332081 -0.005925085 0.999975324 -0.003770998 -0.723740160 0.089206114 0.004284587 0.996004045 77.834083557
0.996534050 0.002325438 -0.083152026 -5.608803749 -0.002288922 0.999997258 0.000534461 -0.738470078 0.083153039 -0.000342281 0.996536732 78.378021240
0.997155249 -0.002154434 -0.075343661 -5.629066467 0.002569930 0.999981940 0.005418169 -0.775180936 0.075330630 -0.005596383 0.997142911 78.924690247
0.997848094 0.001337432 -0.065553397 -5.652090549 -0.001028756 0.999988198 0.004742303 -0.773578525 0.065558940 -0.004664661 0.997837842 79.425933838
0.998735547 0.006478745 -0.049851771 -5.678457737 -0.006268141 0.999970853 0.004379765 -0.784824133 0.049878675 -0.004061751 0.998747110 79.925819397
0.999438882 0.011470853 -0.031469293 -5.695367813 -0.011333929 0.999925554 0.004526007 -0.783972859 0.031518854 -0.004166797 0.999494433 80.416694641
0.999893546 0.009568227 -0.011016663 -5.673868179 -0.009502665 0.999936938 0.005988221 -0.795038700 0.011073265 -0.005882896 0.999921381 80.933486938
0.999861598 0.006156540 0.015460999 -5.647449017 -0.006262846 0.999957025 0.006836690 -0.796752036 -0.015418245 -0.006932573 0.999857068 81.403297424
0.998970926 0.005056762 0.045073204 -5.606331348 -0.005450212 0.999948025 0.008610505 -0.804194450 -0.045027323 -0.008847304 0.998946548 81.863716125
0.996924877 0.004455404 0.078235760 -5.550011158 -0.005287382 0.999931633 0.010430337 -0.812926233 -0.078183949 -0.010811927 0.996880352 82.311378479
0.993256390 0.004407828 0.115854204 -5.472643852 -0.005715122 0.999923706 0.010954217 -0.814064205 -0.115797088 -0.011542468 0.993205845 82.758728027
0.987424016 0.004414547 0.158032656 -5.389266014 -0.006207737 0.999921799 0.010855144 -0.814784169 -0.157972366 -0.011699655 0.987374246 83.177810669
0.979118764 0.004374535 0.203241646 -5.278343201 -0.006683277 0.999920666 0.010674654 -0.816667378 -0.203178838 -0.011810075 0.979070425 83.590293884
0.967630625 0.006157272 0.252295583 -5.155473709 -0.008618207 0.999925435 0.008650290 -0.822304368 -0.252223492 -0.010544620 0.967611551 83.971206665
0.952510357 0.007086411 0.304423690 -5.002925873 -0.009628924 0.999930203 0.006851421 -0.840526581 -0.304353923 -0.009457322 0.952512085 84.322326660
0.932728827 0.006794916 0.360514611 -4.843296051 -0.009403216 0.999940753 0.005481435 -0.855141521 -0.360456049 -0.008502688 0.932737410 84.671447754
0.908798635 0.007793786 0.417162210 -4.631334305 -0.010206165 0.999941587 0.003552620 -0.853147686 -0.417110175 -0.007486242 0.908825099 85.026855469
0.879169405 0.008099055 0.476440489 -4.421237946 -0.009624754 0.999953389 0.000762137 -0.844206572 -0.476412117 -0.005255669 0.879206359 85.368438721
0.845269620 0.007030187 0.534293771 -4.189479828 -0.007335846 0.999971926 -0.001551992 -0.846654534 -0.534289658 -0.002607646 0.845297456 85.671638489
0.810356379 0.007455882 0.585889995 -3.898342133 -0.006985193 0.999970913 -0.003064005 -0.851128101 -0.585895717 -0.001609618 0.810384810 85.946525574
0.768537402 0.005373430 0.639782131 -3.638549805 -0.006331111 0.999979615 -0.000793430 -0.873055816 -0.639773488 -0.003440751 0.768555880 86.250823975
0.726750612 0.004528731 0.686886489 -3.338180542 -0.006168309 0.999980986 -0.000066708 -0.857566118 -0.686873734 -0.004188449 0.726764619 86.489379883
0.680999398 0.006123054 0.732258379 -3.054431915 -0.010296261 0.999946237 0.001214082 -0.872647703 -0.732211590 -0.008366311 0.681025863 86.678314209
0.634280205 0.004731019 0.773088872 -2.735202789 -0.007181646 0.999974191 -0.000227297 -0.877299786 -0.773069859 -0.005407880 0.634297848 86.884048462
0.587088346 0.001946656 0.809520602 -2.401733398 -0.002029259 0.999997497 -0.000933017 -0.885861456 -0.809520423 -0.001094964 0.587090790 87.071075439
0.540452659 0.004232633 0.841363788 -2.066455841 -0.004292342 0.999988198 -0.002273422 -0.893695116 -0.841363549 -0.002382745 0.540464461 87.239585876
0.492478877 0.006919377 0.870296836 -1.731784821 -0.007957888 0.999962389 -0.003447128 -0.900236130 -0.870288014 -0.005228088 0.492515445 87.403854370
0.447096646 0.008811224 0.894442260 -1.397949219 -0.008880175 0.999945879 -0.005411697 -0.909170747 -0.894441605 -0.005523253 0.447150677 87.531738281
0.404169559 0.006408641 0.914661646 -1.055749893 -0.001865806 0.999979138 -0.006181964 -0.913404524 -0.914682209 0.000791981 0.404173106 87.645828247
0.364823878 -0.001158335 0.931075871 -0.680185318 0.012912525 0.999909282 -0.003815551 -0.917370558 -0.930987000 0.013414545 0.364805818 87.731735229
0.328891277 -0.004532761 0.944356859 -0.318361282 0.017080108 0.999853492 -0.001149357 -0.917067885 -0.944213390 0.016507734 0.328920484 87.827209473
0.296861142 -0.000175131 0.954920650 0.030496597 0.013409278 0.999902070 -0.003985231 -0.926674187 -0.954826474 0.013987860 0.296834379 87.906372070
0.265937150 0.006215905 0.963970304 0.393655777 0.002256570 0.999972403 -0.007070590 -0.952079594 -0.963987827 0.004055601 0.265915811 88.004234314
0.237449139 0.010756606 0.971340418 0.776865005 -0.001583561 0.999941647 -0.010686226 -0.960289299 -0.971398830 0.000999257 0.237452209 88.090530396
0.211461186 0.013554821 0.977292299 1.182271957 0.000331106 0.999902785 -0.013940063 -0.962839961 -0.977386415 0.003271370 0.211436152 88.165382385
0.188175902 0.015046454 0.982020080 1.525226593 0.005062626 0.999854445 -0.016289819 -0.976806760 -0.982122302 0.008036951 0.188072354 88.196182251
0.167533830 0.021219935 0.985637963 1.947345734 0.012203934 0.999647081 -0.023595909 -0.973930597 -0.985790908 0.015981771 0.167215750 88.245773315
0.148019195 0.028093148 0.988585413 2.379716873 0.014135997 0.999434233 -0.030518003 -0.970656455 -0.988883495 0.018491890 0.147538334 88.294624329
0.130259126 0.029029068 0.991054952 2.823384285 0.012084312 0.999450505 -0.030863285 -0.981445432 -0.991406262 0.015996439 0.129836768 88.350990295
0.114726573 0.024218392 0.993101835 3.267810822 0.009759512 0.999627054 -0.025504971 -1.009794116 -0.993349195 0.012618285 0.114447430 88.393440247
0.100451425 0.021340821 0.994713068 3.739059448 0.009531835 0.999703407 -0.022410462 -1.023338675 -0.994896352 0.011732602 0.100218214 88.436035156
0.087164149 0.018881671 0.996015072 4.218933105 0.011512838 0.999734581 -0.019959701 -1.040012121 -0.996127427 0.013206731 0.086923622 88.471092224
0.076086633 0.018510494 0.996929407 4.709688663 0.015454564 0.999685764 -0.019741178 -1.051031709 -0.996981442 0.016909150 0.075776659 88.483230591
0.065194599 0.018216925 0.997706294 5.216504574 0.019632451 0.999616444 -0.019534674 -1.074771762 -0.997679412 0.020860977 0.064811952 88.521797180
0.057959035 0.019267239 0.998133004 5.743807793 0.022161191 0.999542594 -0.020581294 -1.079610229 -0.998072982 0.023312690 0.057505563 88.537147522
0.052269429 0.019944387 0.998433769 6.302682400 0.021984803 0.999535203 -0.021117326 -1.092311621 -0.998391032 0.023054160 0.051806688 88.565200806
0.046455309 0.020404749 0.998711884 6.883696079 0.023032073 0.999503732 -0.021492267 -1.112293243 -0.998654842 0.024000833 0.045962319 88.583663940
0.040838867 0.020718250 0.998950958 7.374912262 0.024385955 0.999466538 -0.021725882 -1.134497881 -0.998868167 0.025247630 0.040311858 88.595542908
0.036097523 0.021653038 0.999113679 8.007634163 0.029128326 0.999317646 -0.022709852 -1.131422520 -0.998923659 0.029922279 0.035442177 88.605102539
0.033058938 0.021482972 0.999222457 8.638046265 0.030372895 0.999285579 -0.022489209 -1.148692727 -0.998991728 0.031092754 0.032382827 88.623153687
0.030104559 0.021152766 0.999322891 9.282913208 0.031862821 0.999247551 -0.022111040 -1.165023565 -0.999038756 0.032506891 0.029407926 88.638862610
0.027645957 0.020569505 0.999406219 9.946523666 0.033699218 0.999200761 -0.021497479 -1.181006432 -0.999049544 0.034273520 0.026930690 88.655586243
0.026856177 0.020212648 0.999434888 10.612612724 0.038578819 0.999029756 -0.021241119 -1.201363325 -0.998894572 0.039127469 0.026050344 88.670906067
0.027803529 0.020272356 0.999407828 11.321220398 0.040476236 0.998951435 -0.021389151 -1.210865974 -0.998793542 0.041046966 0.026953831 88.689376831
0.030622661 0.019780576 0.999335289 12.058725357 0.042237274 0.998885393 -0.021065954 -1.235114217 -0.998638272 0.042854290 0.029753055 88.700859070
0.034475382 0.020057365 0.999204218 12.782390594 0.044569109 0.998772979 -0.021586472 -1.253177524 -0.998411179 0.045277849 0.033539146 88.725219727
0.039048485 0.018774392 0.999060929 13.528277397 0.046649147 0.998699069 -0.020590886 -1.280117512 -0.998147845 0.047409382 0.038121868 88.748062134
0.041886959 0.017806662 0.998963714 14.282141685 0.045635398 0.998763621 -0.019716607 -1.288732052 -0.998079598 0.046413977 0.041022554 88.810234070
0.046451267 0.016263641 0.998788118 15.048418045 0.046750385 0.998736441 -0.018437050 -1.307380915 -0.997826040 0.047550146 0.045632243 88.831062317
0.051109485 0.013904242 0.998596251 15.838336945 0.045755878 0.998820543 -0.016249210 -1.325802445 -0.997644305 0.046522137 0.050413001 88.865386963
0.055035997 0.013265536 0.998396277 16.654672623 0.043889567 0.998913169 -0.015691793 -1.339989185 -0.997519255 0.044682797 0.054393973 88.925636292
0.059032857 0.014103627 0.998156428 17.486110687 0.041120473 0.999017179 -0.016547732 -1.361382246 -0.997408688 0.042021528 0.058394890 88.983390808
0.062112261 0.018059468 0.997905791 18.306255341 0.039028723 0.999027550 -0.020509019 -1.385653853 -0.997305810 0.040220849 0.061347015 89.039802551
0.063378707 0.023327418 0.997716904 19.132991791 0.033448339 0.999115467 -0.025484886 -1.409837723 -0.997428894 0.034987170 0.062542379 89.105773926
0.063332722 0.026656259 0.997636378 19.953317642 0.030168615 0.999135256 -0.028611496 -1.431642771 -0.997536421 0.031909350 0.062473778 89.163673401
0.063446872 0.025776982 0.997652233 20.774198532 0.027695363 0.999235868 -0.027579222 -1.472766161 -0.997600794 0.029380159 0.062684491 89.218315125
0.062905945 0.024099696 0.997728527 21.596315384 0.024452530 0.999371111 -0.025681090 -1.506833792 -0.997719824 0.026012490 0.062277090 89.285217285
0.062039338 0.022715857 0.997815132 22.411037445 0.025314463 0.999383569 -0.024325494 -1.542386889 -0.997752607 0.026768303 0.061426051 89.348022461
0.064039387 0.022573208 0.997692049 23.259378433 0.023920352 0.999422193 -0.024147745 -1.558625937 -0.997660637 0.025411556 0.063462406 89.385353088
0.063538291 0.022266246 0.997731030 24.095861435 0.021101531 0.999497652 -0.023649476 -1.611545324 -0.997756302 0.022556297 0.063036516 89.465637207
0.063405938 0.022808025 0.997727156 24.869266510 0.017441539 0.999560833 -0.023958359 -1.636660576 -0.997835457 0.018921003 0.062980279 89.501815796
0.063314244 0.024050100 0.997703731 25.684270859 0.016202470 0.999553084 -0.025122885 -1.669511318 -0.997862101 0.017755905 0.062896259 89.553405762
0.060665973 0.024652708 0.997853637 26.511920929 0.014382313 0.999569714 -0.025569499 -1.682016730 -0.998054504 0.015902648 0.060285296 89.604797363
0.056025364 0.022966282 0.998165190 27.282331467 0.009967305 0.999672771 -0.023560418 -1.719193220 -0.998379588 0.011269000 0.055778105 89.674720764
0.050605103 0.020432053 0.998509645 28.178380966 0.005329409 0.999770939 -0.020727957 -1.765303135 -0.998704493 0.006370407 0.050484609 89.742973328
0.044316031 0.018264808 0.998850584 28.999055862 0.002980626 0.999825954 -0.018414883 -1.794797182 -0.999013066 0.003793275 0.044253886 89.782608032
0.036938865 0.018626066 0.999143839 29.809890747 0.002959060 0.999819875 -0.018748062 -1.821245670 -0.999313116 0.003649059 0.036877088 89.812850952
0.028590254 0.019559205 0.999399841 30.622896194 0.003857321 0.999798954 -0.019677365 -1.843759775 -0.999583721 0.004417587 0.028509067 89.831039429
0.018612977 0.020027932 0.999626100 31.441307068 0.003707427 0.999791205 -0.020100266 -1.870290160 -0.999819875 0.004080167 0.018534832 89.843711853
0.008593995 0.019423185 0.999774396 32.243106842 0.006269426 0.999790668 -0.019477390 -1.886762500 -0.999943316 0.006435400 0.008470435 89.840332031
-0.002567384 0.018234806 0.999830365 33.023818970 0.003492455 0.999827802 -0.018225789 -1.921490192 -0.999990582 0.003445070 -0.002630632 89.858848572
-0.013849135 0.017514370 0.999750674 33.789287567 0.005001392 0.999835312 -0.017446570 -1.943037510 -0.999891579 0.004758524 -0.013934448 89.845848083
-0.024560420 0.017219942 0.999549985 34.452579498 0.004915032 0.999841630 -0.017104194 -1.978162766 -0.999686360 0.004492732 -0.024641162 89.816307068
-0.035675481 0.018054403 0.999200284 35.229835510 0.005531369 0.999825180 -0.017868197 -2.001932144 -0.999348104 0.004889489 -0.035769105 89.785179138
-0.045946352 0.018930191 0.998764515 36.025562286 0.004821011 0.999813020 -0.018728280 -2.026110172 -0.998932302 0.003954558 -0.046029016 89.747650146
-0.056262039 0.020110514 0.998213589 36.776088715 0.005872498 0.999786437 -0.019811217 -2.053317070 -0.998398781 0.004747387 -0.056368127 89.698020935
-0.065738626 0.020885322 0.997618258 37.545890808 0.006154506 0.999770403 -0.020524818 -2.071783066 -0.997817755 0.004790575 -0.065852076 89.648933411
-0.076027617 0.021293923 0.996878326 38.289840698 0.006705693 0.999760270 -0.020844070 -2.098375082 -0.997083127 0.005100035 -0.076152176 89.606277466
-0.085719086 0.021782055 0.996081293 39.042335510 0.006962771 0.999749660 -0.021263085 -2.123440981 -0.996295035 0.005112833 -0.085849285 89.549102783
-0.094056435 0.021278135 0.995339453 39.741764069 0.008143255 0.999754548 -0.020603007 -2.148584604 -0.995533526 0.006167457 -0.094206624 89.470397949
-0.101651281 0.019929837 0.994620502 40.477764130 0.010103097 0.999768496 -0.019000443 -2.185183048 -0.994768679 0.008117327 -0.101829082 89.393920898
-0.106980696 0.018257244 0.994093537 41.205924988 0.012185751 0.999780357 -0.017050304 -2.212504864 -0.994186342 0.010289722 -0.107179679 89.314903259
-0.110110424 0.016911479 0.993775547 41.917961121 0.015855888 0.999757826 -0.015256451 -2.230232477 -0.993792892 0.014077296 -0.110351890 89.217193604
-0.113075711 0.015943011 0.993458450 42.644947052 0.017554656 0.999747217 -0.014045860 -2.244672775 -0.993431151 0.015851574 -0.113327011 89.131202698
-0.114334226 0.015375564 0.993323505 43.314971924 0.019369215 0.999724627 -0.013245202 -2.256279230 -0.993253469 0.017725512 -0.114600554 89.044647217
-0.115836836 0.015733438 0.993143678 44.015663147 0.019188048 0.999723375 -0.013599647 -2.281518459 -0.993082941 0.017481146 -0.116106674 88.986824036
-0.114742413 0.017042665 0.993249059 44.580131531 0.021436978 0.999662459 -0.014676259 -2.300386429 -0.993163884 0.019608269 -0.115069032 88.916732788
-0.112103932 0.018016445 0.993533075 45.273380280 0.019771976 0.999678135 -0.015896935 -2.330150127 -0.993499756 0.017862005 -0.112424098 88.837982178
-0.106977150 0.018661270 0.994086266 45.899951935 0.019814493 0.999665380 -0.016633695 -2.348571301 -0.994064033 0.017917892 -0.107311115 88.774826050
-0.098956116 0.019386457 0.994902968 46.503765106 0.019488782 0.999656320 -0.017540663 -2.369116783 -0.994900882 0.017653693 -0.099299923 88.721168518
-0.088158980 0.019384181 0.995917857 47.086471558 0.018295024 0.999673486 -0.017837798 -2.389030457 -0.995938361 0.016647778 -0.088484846 88.681053162
-0.074183300 0.019483101 0.997054219 47.641017914 0.016740082 0.999692619 -0.018289153 -2.412690639 -0.997104168 0.015334020 -0.074486643 88.646072388
-0.057007328 0.020600142 0.998161256 48.181175232 0.016778316 0.999665678 -0.019672941 -2.438989639 -0.998232782 0.015625957 -0.057333905 88.627067566
-0.035572045 0.023492977 0.999090970 48.709091187 0.015484424 0.999616563 -0.022954024 -2.455537796 -0.999247134 0.014653825 -0.035922185 88.617111206
-0.011154354 0.026676234 0.999581873 49.230152130 0.013656800 0.999554873 -0.026523119 -2.473039150 -0.999844551 0.013355243 -0.011513717 88.632133484
0.017081887 0.028381199 0.999451160 49.752380371 0.010731666 0.999534249 -0.028566979 -2.496882200 -0.999796510 0.011213753 0.016769342 88.663238525
0.049637869 0.028059185 0.998373032 50.325588226 0.008924255 0.999552846 -0.028536048 -2.521032095 -0.998727381 0.010326203 0.049365275 88.719619751
0.088186637 0.026211038 0.995759070 50.823810577 0.008571848 0.999596775 -0.027071200 -2.526947021 -0.996067166 0.010922816 0.087926388 88.771232605
0.130057245 0.021371063 0.991276145 51.317428589 0.006195713 0.999730647 -0.022366228 -2.563346624 -0.991487145 0.009050553 0.129889801 88.869354248
0.175818086 0.017003946 0.984275758 51.833824158 0.003251308 0.999835253 -0.017853515 -2.583403587 -0.984417260 0.006339156 0.175733894 88.979835510
0.223307669 0.013486523 0.974654734 52.322479248 -0.003225514 0.999909043 -0.013096966 -2.606111526 -0.974742591 -0.000219107 0.223330855 89.135627747
0.275825769 0.011756092 0.961135685 52.814506531 -0.007105491 0.999922752 -0.010191391 -2.631452799 -0.961181343 -0.004018292 0.275888085 89.290245056
0.329932511 0.011675028 0.943932295 53.261779785 -0.006633362 0.999927521 -0.010049049 -2.641403675 -0.943981171 -0.002945935 0.329986066 89.501235962
0.386302501 0.010863905 0.922308147 53.780769348 -0.004636961 0.999940872 -0.009836185 -2.678437471 -0.922360480 -0.000476964 0.386330038 89.751480103
0.446730912 0.013945336 0.894559741 54.202323914 -0.003121065 0.999896705 -0.014028826 -2.691821575 -0.894662797 0.003475132 0.446728289 89.992027283
0.506777227 0.017694913 0.861895382 54.603900909 -0.001366968 0.999804556 -0.019722471 -2.696413040 -0.862075925 0.008816717 0.506702483 90.260818481
0.565325499 0.022395786 0.824563861 54.976440430 -0.005503981 0.999711394 -0.023379374 -2.702682972 -0.824849486 0.008678574 0.565285683 90.562545776
0.622462869 0.024341235 0.782270730 55.313137054 -0.008032188 0.999662220 -0.024714304 -2.720786095 -0.782608151 0.009100393 0.622448146 90.852836609
0.673533440 0.025451519 0.738718390 55.605182648 -0.009400303 0.999621093 -0.025869746 -2.731856346 -0.739096940 0.010479963 0.673517585 91.209381104
0.722437859 0.023270492 0.691044271 55.877655029 -0.008624908 0.999658942 -0.024646178 -2.746856689 -0.691382170 0.011845140 0.722392201 91.553649902
0.770612955 0.019862002 0.636993885 56.193050385 -0.010642761 0.999775887 -0.018298605 -2.762039185 -0.637214601 0.007321769 0.770651579 91.928634644
0.808709621 0.010983876 0.588105500 56.424171448 -0.006935437 0.999934137 -0.009138493 -2.797237158 -0.588167191 0.003311619 0.808732569 92.371772766
0.845641971 0.008874406 0.533676863 56.643806458 -0.008672141 0.999958217 -0.002886596 -2.801194191 -0.533680141 -0.002187093 0.845683634 92.799461365
0.876981795 0.005485778 0.480492234 56.829204559 -0.008740478 0.999951482 0.004536450 -2.808118343 -0.480444163 -0.008178115 0.876987159 93.224212646
0.902641773 0.005859620 0.430352807 56.985458374 -0.011363542 0.999883115 0.010220154 -2.819222450 -0.430242687 -0.014115469 0.902602851 93.653404236
0.923042834 0.008029575 0.384613514 57.129749298 -0.014492393 0.999798179 0.013907836 -2.827205181 -0.384424239 -0.018411499 0.922972858 94.096717834
0.938372135 0.014537027 0.345320821 57.243240356 -0.021527069 0.999633491 0.016415747 -2.832878351 -0.344955683 -0.022837827 0.938341022 94.541252136
0.950458050 0.017790914 0.310343146 57.364593506 -0.023820871 0.999593735 0.015650604 -2.827007771 -0.309938669 -0.022267887 0.950495720 95.010589600
0.959904313 0.018943831 0.279686928 57.478218079 -0.024308486 0.999580860 0.015724480 -2.818916321 -0.279271841 -0.021892762 0.959962487 95.484382629
0.966161191 0.014583158 0.257526547 57.598320007 -0.019194879 0.999697089 0.015402704 -2.812595606 -0.257223904 -0.019824687 0.966148436 95.955848694
0.970195532 0.009927550 0.242119551 57.706459045 -0.014341491 0.999761403 0.016474802 -2.821427345 -0.241898209 -0.019456133 0.970106483 96.439201355
0.973014534 0.015143918 0.230246186 57.791160583 -0.019309944 0.999687791 0.015851147 -2.820708752 -0.229934275 -0.019869436 0.973003328 96.921012878
0.975387394 0.018077474 0.219755918 57.908508301 -0.022122467 0.999627829 0.015959650 -2.801094532 -0.219385684 -0.020428386 0.975424230 97.444992065
0.976482332 0.028146043 0.213752061 57.997348785 -0.032022141 0.999379158 0.014692225 -2.801005840 -0.213205785 -0.021191493 0.976777494 97.954147339
0.977074862 0.033676974 0.210215628 58.121387482 -0.036896832 0.999253869 0.011412630 -2.811922789 -0.209674507 -0.018907283 0.977588415 98.450492859
0.977377415 0.028319739 0.209598258 58.225803375 -0.030297583 0.999521613 0.006230918 -2.754899025 -0.209321514 -0.012440279 0.977767766 98.930770874
0.976899147 0.026575860 0.212041959 58.347923279 -0.027782045 0.999610364 0.002710551 -2.754344463 -0.211887315 -0.008538893 0.977256835 99.479988098
0.975977719 0.025337797 0.216391802 58.470272064 -0.025105286 0.999677479 -0.003823705 -2.754703045 -0.216418907 -0.001700728 0.976299107 100.026794434
0.975083530 0.025432765 0.220375240 58.600357056 -0.024172815 0.999672413 -0.008412562 -2.755682468 -0.220517009 0.002875860 0.975378931 100.592498779
0.973974288 0.030513080 0.224595383 58.726890564 -0.029415669 0.999533355 -0.008231429 -2.760309219 -0.224741757 0.001410577 0.974417329 101.172401428
0.972495437 0.033611495 0.230484158 58.857994080 -0.033689000 0.999425888 -0.003600225 -2.769935608 -0.230472833 -0.004263580 0.973069429 101.771469116
0.971508205 0.030396242 0.235048905 59.009155273 -0.031398408 0.999506831 0.000521430 -2.769501925 -0.234917119 -0.007886736 0.971983433 102.373588562
0.970817983 0.025518185 0.238456160 59.166221619 -0.027844962 0.999591887 0.006393748 -2.777321339 -0.238195688 -0.012846970 0.971132219 102.993698120
0.969893456 0.024151284 0.242329150 59.322845459 -0.027734017 0.999550521 0.011383750 -2.784112453 -0.241945326 -0.017761786 0.970127285 103.615356445
0.969336629 0.019128270 0.244990885 59.487236023 -0.022730578 0.999670982 0.011884540 -2.780718327 -0.244682968 -0.017088905 0.969452560 104.242973328
0.969144285 0.015494526 0.246006519 59.645431519 -0.018243821 0.999793947 0.008900428 -2.785968304 -0.245817930 -0.013113900 0.969227374 104.886001587
0.969399929 0.015119973 0.245020628 59.820884705 -0.015989065 0.999870956 0.001558162 -2.781446457 -0.244965464 -0.005428134 0.969516635 105.535728455
0.969557047 0.017577711 0.244233638 59.977493286 -0.017011715 0.999845445 -0.004426769 -2.789631844 -0.244273737 0.000137170 0.969706357 106.183242798
0.970205486 0.020762963 0.241392493 60.177341461 -0.019343995 0.999778926 -0.008246811 -2.785979271 -0.241510361 0.003331604 0.970392585 106.919403076
0.970663249 0.020921377 0.239531130 60.308074951 -0.020322973 0.999781191 -0.004968170 -2.774650097 -0.239582688 -0.000045567 0.970875978 107.594665527
0.971373141 0.013785268 0.237158462 60.502037048 -0.014892445 0.999884963 0.002877559 -2.793760300 -0.237091526 -0.006327053 0.971466720 108.247756958
0.971922934 0.014611315 0.234845072 60.669433594 -0.017088987 0.999817729 0.008518515 -2.797669172 -0.234677851 -0.012292606 0.971995413 108.978515625
0.972331643 0.017429939 0.232953861 60.837036133 -0.019843811 0.999770939 0.008022275 -2.804156065 -0.232760713 -0.012423006 0.972454727 109.710334778
0.972702444 0.022923257 0.230920613 60.998493195 -0.024386674 0.999696493 0.003484632 -2.805978537 -0.230770662 -0.009020896 0.972966373 110.447547913
0.973577976 0.023730554 0.227118149 61.171741486 -0.023914715 0.999712110 -0.001941201 -2.805403471 -0.227098867 -0.003541556 0.973865330 111.183494568
0.974487126 0.022357713 0.223327085 61.340599060 -0.021855822 0.999749959 -0.004719121 -2.812916756 -0.223376796 -0.000282273 0.974732161 111.930740356
0.975418508 0.020871416 0.219369635 61.512508392 -0.020687472 0.999781013 -0.003135819 -2.820717096 -0.219387099 -0.001479468 0.975636780 112.707916260
0.976340771 0.015017565 0.215715349 61.700428009 -0.015062031 0.999885380 -0.001437880 -2.823769569 -0.215712294 -0.001845249 0.976455271 113.512687683
0.976664901 0.015503432 0.214208603 61.862174988 -0.016219042 0.999867201 0.001583480 -2.835552454 -0.214155644 -0.005020787 0.976786613 114.293373108
0.977126837 0.011773623 0.212331489 62.049575806 -0.012913747 0.999908626 0.003983488 -2.846606731 -0.212265253 -0.006634368 0.977189660 115.096466064
0.977142334 0.005424298 0.212516770 62.219917297 -0.006382203 0.999972284 0.003821680 -2.813674450 -0.212490186 -0.005090650 0.977149904 115.915710449
0.977537036 0.007436538 0.210632280 62.441406250 -0.008668816 0.999950171 0.004927636 -2.805457592 -0.210585207 -0.006642879 0.977552891 116.793846130
0.977080047 0.012316235 0.212515712 62.561111450 -0.013332998 0.999905467 0.003351921 -2.825112820 -0.212454349 -0.006108568 0.977151930 117.617424011
0.976883292 0.018630335 0.212960050 62.725379944 -0.019080987 0.999817908 0.000060825 -2.832769156 -0.212920204 -0.004122907 0.977060974 118.452278137
0.976584017 0.026745267 0.213467553 62.899139404 -0.027127519 0.999631286 -0.001138844 -2.834640741 -0.213419363 -0.004678669 0.976949453 119.249099731
0.975533605 0.034742858 0.217087567 63.056648254 -0.035573363 0.999367177 -0.000082239 -2.852456093 -0.216953009 -0.007642310 0.976152122 120.170318604
0.974735022 0.037491046 0.220195532 63.233810425 -0.038871583 0.999242365 0.001938491 -2.860381126 -0.219956040 -0.010448862 0.975453854 121.026687622
0.974189997 0.038017411 0.222505003 63.424598694 -0.039283052 0.999227285 0.001263435 -2.871097803 -0.222285032 -0.009971502 0.974930763 121.855995178
0.973675489 0.036630139 0.224975958 63.606342316 -0.037220176 0.999305785 -0.001619400 -2.876062632 -0.224879086 -0.006796876 0.974363029 122.705078125
0.973720491 0.030062439 0.225753635 63.811798096 -0.030806735 0.999525309 -0.000225975 -2.883974552 -0.225653276 -0.006734698 0.974184453 123.542739868
0.973792136 0.023556843 0.226216689 64.014030457 -0.023719886 0.999716640 -0.001997810 -2.892573357 -0.226199672 -0.003420381 0.974074960 124.381851196
0.973561406 0.022536449 0.227311209 64.209251404 -0.022731127 0.999740064 -0.001761670 -2.910068512 -0.227291808 -0.003451945 0.973820567 125.185760498
0.973081231 0.025226722 0.229077667 64.402023315 -0.026163731 0.999657035 0.001053630 -2.916431189 -0.228972524 -0.007018794 0.973407626 126.044380188
0.972785115 0.026959220 0.230135560 64.591247559 -0.029293977 0.999548078 0.006733894 -2.922854424 -0.229850024 -0.013292218 0.973135233 126.868446350
0.972388566 0.030259274 0.231397361 64.762458801 -0.033779431 0.999365866 0.011264835 -2.938626528 -0.230909735 -0.018770266 0.972794116 127.694183350
0.972216129 0.029107753 0.232268438 64.967201233 -0.031095345 0.999504387 0.004899818 -2.939397097 -0.232010707 -0.011986149 0.972639382 128.527450562
0.972438574 0.024865916 0.231829047 65.173690796 -0.023270531 0.999682963 -0.009614259 -2.948269606 -0.231994599 0.003954493 0.972709060 129.351058960
