1.000000000 0.000000000 0.000000000 0.000000000 0.000000000 1.000000000 0.000000000 0.000000000 0.000000000 0.000000000 1.000000000 0.000000000
0.999036431 -0.000493538 0.043885797 0.039125290 0.000604530 0.999996603 -0.002515858 -0.017464159 -0.043884411 0.002539964 0.999033511 1.006250978
0.995984912 -0.004422823 0.089412034 0.126552179 0.005136222 0.999956727 -0.007750253 -0.032951146 -0.089373894 0.008178374 0.995964587 2.003181458
0.990807414 -0.003875239 0.135224894 0.259024620 0.005465290 0.999920189 -0.011389319 -0.056709763 -0.135169968 0.012023665 0.990749478 3.002737761
0.983353734 -0.001750094 0.181692764 0.424948424 0.004394426 0.999890327 -0.014152318 -0.080442473 -0.181648076 0.014715172 0.983253419 3.963599920
0.973703086 -0.004175331 0.227782279 0.653057933 0.007638349 0.999868274 -0.014323779 -0.107156023 -0.227692470 0.015686987 0.973606706 4.942838669
0.961897969 -0.004769172 0.273366690 0.920403600 0.009342839 0.999837279 -0.015431516 -0.137688190 -0.273248613 0.017397564 0.961786091 5.911204338
0.948239923 -0.007129578 0.317474544 1.215094805 0.013527349 0.999747276 -0.017952291 -0.173303157 -0.317266345 0.021317668 0.948096812 6.819695473
0.932759106 -0.008871145 0.360390961 1.574151158 0.017151585 0.999657154 -0.019784620 -0.201508999 -0.360091895 0.024635561 0.932591498 7.754630089
0.915459812 -0.008921573 0.402310520 1.974980593 0.018752484 0.999613941 -0.020504108 -0.235265046 -0.401972264 0.026315011 0.915273666 8.645994186
0.895758450 -0.009574431 0.444437832 2.414696217 0.020205470 0.999611676 -0.019189432 -0.268846065 -0.444081485 0.026169175 0.895604134 9.537720680
0.873987794 -0.008724199 0.485869467 2.872987032 0.020112058 0.999631584 -0.018228579 -0.300226927 -0.485531330 0.025703393 0.873841286 10.376362801
0.849989057 -0.009446016 0.526715636 3.369936228 0.021884285 0.999609232 -0.017389048 -0.329320312 -0.526345551 0.026307294 0.849863708 11.153466225
0.824194074 -0.009611570 0.566225767 3.926481247 0.023724085 0.999564230 -0.017565208 -0.358840704 -0.565810204 0.027910329 0.824063003 11.968250275
0.796813011 -0.011308401 0.604120195 4.525314331 0.027223747 0.999481440 -0.017198069 -0.390964329 -0.603612483 0.030150060 0.796707690 12.748682022
0.768067658 -0.010110507 0.640288889 5.152893543 0.027846523 0.999456823 -0.017621735 -0.425814271 -0.639762938 0.031364504 0.767932057 13.500013351
0.737376690 -0.013104368 0.675354540 5.791739464 0.032414820 0.999346375 -0.016000681 -0.462166667 -0.674703360 0.033690032 0.737319648 14.193569183
0.705445468 -0.012857474 0.708647490 6.470851421 0.033521999 0.999321759 -0.015239159 -0.494845569 -0.707970917 0.034505680 0.705398142 14.856219292
0.671256304 -0.011983110 0.741128504 7.164932728 0.035140522 0.999259472 -0.015670776 -0.529633760 -0.740391910 0.036562752 0.671180367 15.473324776
0.635820091 -0.013102038 0.771725953 7.900021553 0.040021226 0.999070525 -0.016011424 -0.555281639 -0.770799041 0.041065805 0.635753512 16.081493378
0.599295497 -0.011154750 0.800450146 8.675785065 0.040294260 0.999055743 -0.016245788 -0.579653382 -0.799513161 0.041989572 0.599179089 16.657823563
0.561474085 -0.010264987 0.827430606 9.461134911 0.043863609 0.998886406 -0.017372731 -0.611057341 -0.826330900 0.046048436 0.561299145 17.186527252
0.522238135 -0.008540159 0.852757037 10.270276070 0.048454050 0.998631597 -0.019672751 -0.638702273 -0.851422071 0.051593397 0.521937191 17.685436249
0.483984530 -0.007476402 0.875044584 11.132514000 0.050159447 0.998556316 -0.019211352 -0.663949370 -0.873637855 0.053189754 0.483660966 18.152908325
0.444385648 -0.008414133 0.895796061 12.043124199 0.054676175 0.998346448 -0.017746327 -0.675752521 -0.894165456 0.056864917 0.444110900 18.638587952
0.407214046 -0.009013827 0.913288355 12.933539391 0.058875442 0.998130620 -0.016400008 -0.701572537 -0.911433220 0.060448568 0.406983525 19.027915955
0.371661186 -0.006614695 0.928344905 13.836523056 0.060523707 0.998019993 -0.017119411 -0.728772581 -0.926393509 0.062549502 0.371325642 19.387828827
0.337971002 -0.007096756 0.941129804 14.750387192 0.061177716 0.998022258 -0.014443891 -0.743714392 -0.939166069 0.062457781 0.337736875 19.715648651
0.304358125 -0.008542321 0.952519357 15.705142021 0.063073635 0.997946024 -0.011204185 -0.769219637 -0.950467169 0.063488938 0.304271817 20.021030426
0.271692753 -0.008756442 0.962344229 16.633541107 0.063823126 0.997921109 -0.008938629 -0.802944660 -0.960265398 0.063848369 0.271686763 20.271514893
0.238972440 -0.005682056 0.971009791 17.619009018 0.061007995 0.998095036 -0.009173954 -0.818998694 -0.969107866 0.061431676 0.238863900 20.524785995
0.207860664 -0.004329195 0.978148818 18.598285675 0.060925417 0.998105824 -0.008529377 -0.838300645 -0.976259172 0.061367050 0.207730711 20.732097626
0.177328169 -0.004251590 0.984142661 19.561084747 0.062704325 0.998007655 -0.006986916 -0.863107920 -0.982152164 0.062948979 0.177241474 20.903112411
0.146763712 -0.004434572 0.989161730 20.561269760 0.064969823 0.997873783 -0.005166060 -0.883616209 -0.987035573 0.065023847 0.146739781 21.055011749
0.115574256 -0.004661726 0.993287921 21.605133057 0.062915497 0.998015344 -0.002636632 -0.885125935 -0.991304278 0.062797919 0.115638152 21.194902420
0.087035030 -0.005223417 0.996191561 22.648025513 0.064311020 0.997929811 -0.000386179 -0.895930946 -0.994127214 0.064099692 0.087190792 21.267147064
0.059584681 -0.004297940 0.998214006 23.719261169 0.066809714 0.997765660 0.000308052 -0.893770754 -0.995985150 0.066672035 0.059738684 21.330444336
0.034002028 -0.003483652 0.999415755 24.817607880 0.070895374 0.997483075 0.001064920 -0.893823326 -0.996904135 0.070817731 0.034163423 21.366590500
0.011112500 -0.003172932 0.999933183 25.913873672 0.075138532 0.997170269 0.002329132 -0.902432084 -0.997111201 0.075107642 0.011319466 21.374639511
-0.009384412 -0.003084690 0.999951184 27.026008606 0.081111327 0.996697724 0.003835872 -0.903210402 -0.996660829 0.081143402 -0.009103231 21.361207962
-0.027113758 -0.004032200 0.999624193 28.144287109 0.085032359 0.996358037 0.006325439 -0.910607100 -0.996009231 0.085171923 -0.026672147 21.327936172
-0.042402927 -0.004002385 0.999092579 29.279901505 0.088230506 0.996070027 0.007734906 -0.911326587 -0.995197296 0.088478431 -0.041883148 21.269317627
-0.057587795 -0.004082782 0.998332024 30.450443268 0.090963192 0.995810628 0.009319591 -0.903697848 -0.994187772 0.091348164 -0.056975160 21.208799362
-0.069895834 -0.005034300 0.997541606 31.562349319 0.090840094 0.995800316 0.011390504 -0.893913746 -0.993409634 0.091412924 -0.069144987 21.097589493
-0.082670376 -0.005072091 0.996564031 32.715610504 0.090472944 0.995819569 0.012573523 -0.896183550 -0.992461741 0.091201551 -0.081865922 21.018281937
-0.093464255 -0.001841830 0.995620966 33.833118439 0.090691857 0.995825171 0.010355935 -0.888201118 -0.991483510 0.091262631 -0.092907026 20.916580200
-0.103274420 0.001081743 0.994652271 35.022487640 0.091338731 0.995784461 0.008400695 -0.902742028 -0.990450203 0.091717869 -0.102937862 20.790716171
-0.112989277 0.003834928 0.993588805 36.241317749 0.092578702 0.995682955 0.006684886 -0.893393278 -0.989273727 0.092740469 -0.112856522 20.655590057
-0.120439187 0.004988187 0.992708147 37.472946167 0.092532828 0.995690227 0.006223272 -0.885819793 -0.988398671 0.092607625 -0.120381698 20.504648209
-0.125748977 0.005850004 0.992044866 38.731906891 0.092103332 0.995732665 0.005803027 -0.879388869 -0.987777412 0.092100382 -0.125751168 20.333501816
-0.130878285 0.007573831 0.991369486 40.007377625 0.092938200 0.995660961 0.004662865 -0.868124843 -0.987032592 0.092746377 -0.131014273 20.167219162
-0.134785235 0.009164215 0.990832388 41.333778381 0.091868803 0.995765686 0.003287287 -0.862926126 -0.986606836 0.091469668 -0.135056436 19.956357956
-0.138956279 0.010180335 0.990246236 42.626033783 0.093211286 0.995642364 0.002844063 -0.864289761 -0.985902011 0.092697315 -0.139299661 19.780277252
-0.142694205 0.009136368 0.989724696 43.921127319 0.092327639 0.995720029 0.004119685 -0.872443855 -0.985451162 0.091966785 -0.142927036 19.616750717
-0.144885883 0.007193313 0.989422143 45.322635651 0.093277931 0.995619357 0.006420772 -0.862839341 -0.985041797 0.093221530 -0.144922182 19.412120819
-0.147335783 0.006179322 0.989067256 46.719947815 0.093224227 0.995615602 0.007666857 -0.853904665 -0.984683394 0.093334645 -0.147265896 19.205078125
-0.149223179 0.007248247 0.988776863 48.123184204 0.095795289 0.995375335 0.007160515 -0.840496540 -0.984152317 0.095788695 -0.149227411 18.991771698
-0.150446609 0.006576694 0.988596261 49.555248260 0.095448293 0.995402992 0.007903538 -0.842991471 -0.983999729 0.095548876 -0.150382742 18.777698517
-0.150954366 0.007950933 0.988508701 50.993251801 0.097152568 0.995246053 0.006830968 -0.835245371 -0.983755052 0.097067341 -0.151009172 18.555797577
-0.152539477 0.008599496 0.988259852 52.350303650 0.095757671 0.995385826 0.006118844 -0.817881823 -0.983647287 0.095566846 -0.152659088 18.419553757
-0.150660172 0.009516249 0.988539755 53.877929688 0.097082868 0.995262563 0.005215122 -0.824002147 -0.983807087 0.096755996 -0.150870293 18.122745514
-0.149449140 0.009483106 0.988723934 55.392829895 0.097778633 0.995194435 0.005234419 -0.818398118 -0.983922839 0.097458340 -0.149658188 17.891944885
-0.148089975 0.008136543 0.988940358 56.906650543 0.096787520 0.995285094 0.006304811 -0.819868326 -0.984226286 0.096650772 -0.148179278 17.674797058
-0.146931201 0.008935924 0.989106297 58.474510193 0.098043941 0.995166481 0.005573699 -0.816628039 -0.984275639 0.097794831 -0.147097126 17.424766541
-0.146380648 0.009476020 0.989182949 59.986339569 0.096910529 0.995281518 0.004806510 -0.813169718 -0.984469891 0.096565828 -0.146608263 17.219749451
-0.145106807 0.010299118 0.989362299 61.591785431 0.098364927 0.995142162 0.004067606 -0.800940514 -0.984514177 0.097908802 -0.145414963 16.977628708
-0.143709257 0.010683272 0.989562273 63.171131134 0.099191263 0.995061576 0.003662417 -0.799634933 -0.984636366 0.098682247 -0.144059256 16.719585419
-0.143040881 0.009170993 0.989674270 64.817985535 0.100852348 0.994886935 0.005357225 -0.793218493 -0.984564900 0.100577280 -0.143234417 16.478862762
-0.142228335 0.006888823 0.989809930 66.473312378 0.103011310 0.994648814 0.007879460 -0.799585521 -0.984459162 0.103082284 -0.142176896 16.233646393
-0.142145202 0.007693809 0.989815831 68.132888794 0.103284195 0.994626582 0.007101207 -0.794547319 -0.984442472 0.103241757 -0.142176017 16.012275696
-0.141065747 0.009788565 0.989951849 69.773681641 0.105337061 0.994423032 0.005177503 -0.786185265 -0.984380364 0.105008982 -0.141310140 15.773085594
-0.140912458 0.009007715 0.989981115 71.438537598 0.104403429 0.994518042 0.005811632 -0.807250619 -0.984501779 0.104176357 -0.141080394 15.550483704
-0.140534043 0.009115753 0.990033865 73.100265503 0.105355173 0.994417727 0.005798925 -0.802690029 -0.984454393 0.105120167 -0.140709981 15.323874474
-0.140415847 0.008333919 0.990057528 74.839469910 0.105555601 0.994391441 0.006600125 -0.795414746 -0.984449863 0.105432890 -0.140508041 15.076114655
-0.140370831 0.008329304 0.990063965 76.600166321 0.106599957 0.994279027 0.006748931 -0.792411804 -0.984343708 0.106488131 -0.140455678 14.826725006
-0.140645400 0.008245151 0.990025699 78.331878662 0.107887618 0.994138002 0.007047374 -0.782342911 -0.984164178 0.107802704 -0.140710533 14.592746735
-0.140784428 0.009127494 0.989998221 80.083099365 0.107248716 0.994213521 0.006085129 -0.788583159 -0.984214127 0.107032709 -0.140948698 14.349866867
-0.141611904 0.010118029 0.989870548 81.910156250 0.106436647 0.994306624 0.005063565 -0.770124316 -0.984183550 0.106075563 -0.141882569 14.087646484
-0.142595157 0.011127094 0.989718556 83.717178345 0.106805004 0.994271100 0.004209813 -0.767733574 -0.984001696 0.106307186 -0.142966673 13.804954529
-0.143795133 0.011838283 0.989536643 85.498413086 0.105453946 0.994418383 0.003427422 -0.755210876 -0.983972788 0.104843400 -0.144240901 13.583498001
-0.144819528 0.010889983 0.989398062 87.338401794 0.104208745 0.994546115 0.004306528 -0.756483197 -0.983955145 0.103727601 -0.145164520 13.315184593
-0.145751268 0.010334078 0.989267230 89.186035156 0.104144514 0.994549870 0.004954610 -0.762954116 -0.983824492 0.103748888 -0.146033123 13.039105415
-0.145666867 0.009500131 0.989288092 91.034187317 0.101599932 0.994810581 0.005406831 -0.751711249 -0.984102905 0.101299182 -0.145876199 12.757717133
-0.147507221 0.010127439 0.989009142 92.910865784 0.101545341 0.994818509 0.004958201 -0.756077290 -0.983834445 0.101160631 -0.147771299 12.480218887
-0.150589392 0.011533219 0.988529146 94.824012756 0.100501649 0.994930029 0.003702208 -0.749598980 -0.983474553 0.099906318 -0.150985032 12.220324516
-0.154638246 0.012561024 0.987891436 96.740798950 0.101047203 0.994876564 0.003167444 -0.744328141 -0.982790172 0.100313455 -0.155115202 11.922088623
-0.159894556 0.011537277 0.987066746 98.658691406 0.098994710 0.995078266 0.004405194 -0.751011133 -0.982157707 0.098418735 -0.160249725 11.632847786
-0.165235788 0.010392927 0.986199319 100.559616089 0.097299106 0.995238185 0.005814096 -0.760350704 -0.981442869 0.096917003 -0.165460169 11.346513748
-0.169707045 0.011080748 0.985432267 102.432922363 0.094849825 0.995478332 0.005140933 -0.763624251 -0.980919480 0.094340526 -0.169990703 11.038261414
-0.174150720 0.013714920 0.984623492 104.339714050 0.094036460 0.995564938 0.002764934 -0.741769135 -0.980218709 0.093072012 -0.174668014 10.701059341
-0.179037049 0.015558966 0.983719289 106.288963318 0.093836807 0.995586693 0.001331649 -0.751513362 -0.979357123 0.092547506 -0.179706901 10.365533829
-0.182906628 0.015912548 0.983001590 108.208595276 0.092293769 0.995731235 0.001054443 -0.757986903 -0.978788674 0.090917766 -0.183594465 9.994651794
-0.188947216 0.015804056 0.981860042 110.205795288 0.090190835 0.995923698 0.001325720 -0.762714267 -0.977836728 0.088805273 -0.189602345 9.649234772
-0.195193425 0.014855458 0.980652273 112.123703003 0.088446133 0.996077716 0.002515581 -0.779983282 -0.976768494 0.087225921 -0.195741728 9.296779633
-0.200848833 0.014512531 0.979514778 114.102981567 0.087655999 0.996145606 0.003214867 -0.783980846 -0.975692630 0.086506024 -0.201346815 8.907939911
-0.206626534 0.014252981 0.978316009 116.118324280 0.087785058 0.996131241 0.004028225 -0.788560152 -0.974473894 0.086713858 -0.207078353 8.491334915
-0.212245360 0.015627645 0.977091491 118.105545044 0.088352270 0.996083975 0.003260612 -0.804928422 -0.973214209 0.087020308 -0.212794930 8.070669174
-0.217861339 0.017101508 0.975829959 120.089508057 0.087882452 0.996128500 0.002163171 -0.800439537 -0.972014964 0.086229585 -0.218520835 7.636608124
-0.224399760 0.017097052 0.974347174 122.108543396 0.088501438 0.996071815 0.002904312 -0.809490919 -0.970470130 0.086882852 -0.225031376 7.222753525
-0.230092838 0.017135089 0.973017812 124.148513794 0.087622248 0.996148765 0.003177906 -0.813699543 -0.969216049 0.085989229 -0.230708122 6.750316620
-0.235019431 0.017553596 0.971832156 126.157463074 0.086837746 0.996217966 0.003006027 -0.825419307 -0.968103886 0.085098207 -0.235654876 6.275289536
-0.240121558 0.018201858 0.970572174 128.182586670 0.085655905 0.996321619 0.002506693 -0.830904305 -0.966956377 0.083737150 -0.240797386 5.775350571
-0.244398564 0.017292986 0.969520628 130.201370239 0.087404802 0.996163666 0.004264950 -0.845915198 -0.965727568 0.085783094 -0.244972453 5.277536392
-0.248863608 0.018605089 0.968359947 132.313079834 0.088869803 0.996036351 0.003702258 -0.818879247 -0.964452744 0.086979307 -0.249530658 4.746429443
-0.252308965 0.019288687 0.967454433 134.363281250 0.089904621 0.995943844 0.003590135 -0.823488593 -0.963461220 0.087884456 -0.253019691 4.213665009
-0.255375147 0.019820923 0.966638744 136.414871216 0.090245165 0.995913744 0.003420554 -0.832571685 -0.962621033 0.088108011 -0.256120354 3.674179077
-0.258402079 0.019883286 0.965832770 138.485977173 0.089893930 0.995944977 0.003547319 -0.836680770 -0.961845934 0.087739140 -0.259141654 3.108551025
-0.261233956 0.020149942 0.965065181 140.512939453 0.087413974 0.996167898 0.002862781 -0.841835976 -0.961309373 0.085108049 -0.261994302 2.551258087
-0.267647833 0.020777049 0.963292778 142.740417480 0.085748762 0.996313989 0.002335749 -0.855243325 -0.959693551 0.083226331 -0.268442899 2.008529663
-0.272354990 0.020673081 0.961974680 144.834335327 0.084982008 0.996378958 0.002647737 -0.861415505 -0.958436608 0.082471676 -0.273125708 1.432689667
-0.277061641 0.021160470 0.960619152 146.933029175 0.085115112 0.996367693 0.002600951 -0.873753607 -0.957074881 0.082483828 -0.277856290 0.836948395
-0.282433897 0.021713385 0.959040999 149.072494507 0.084424354 0.996427238 0.002302811 -0.855206013 -0.955564559 0.081616819 -0.283257902 0.278663635
-0.287110239 0.021585032 0.957654357 151.171813965 0.083787136 0.996480167 0.002659712 -0.867573142 -0.954226077 0.081002742 -0.287908167 -0.337478638
-0.291546524 0.021367833 0.956317961 153.279678345 0.084232502 0.996440351 0.003415107 -0.868268311 -0.952840745 0.081548721 -0.292308539 -0.970787048
-0.295161337 0.021461722 0.955206454 155.381546021 0.084574692 0.996410191 0.003746319 -0.872260392 -0.951696813 0.081892051 -0.295916855 -1.625835419
-0.299336463 0.021992702 0.953894138 157.488616943 0.085672989 0.996315658 0.003913824 -0.896386564 -0.950293541 0.082894504 -0.300117761 -2.269104004
-0.303286314 0.022225427 0.952640235 159.570892334 0.085450336 0.996334493 0.003959473 -0.924356699 -0.949060321 0.082604282 -0.304073781 -2.908573151
-0.306978345 0.023975490 0.951414466 161.702346802 0.085587397 0.996327519 0.002507880 -0.929979563 -0.947860241 0.082198948 -0.307902962 -3.584953308
-0.310694665 0.025192285 0.950175822 163.828094482 0.085854948 0.996306241 0.001658054 -0.931883812 -0.946624339 0.082092449 -0.311709911 -4.262023926
-0.313578099 0.026045715 0.949205101 165.957031250 0.086232021 0.996274471 0.001150216 -0.949632525 -0.945638835 0.082212567 -0.314655811 -4.961368561
-0.317345381 0.025791533 0.947959185 168.090774536 0.085678443 0.996321619 0.001574956 -0.965246439 -0.944431543 0.081719466 -0.318387836 -5.663093567
-0.321482807 0.025260309 0.946578443 170.143020630 0.084138945 0.996452034 0.001984555 -0.970198274 -0.943169892 0.080282092 -0.322467625 -6.335716248
-0.325300902 0.026198341 0.945247650 172.303268433 0.086539179 0.996246099 0.002170093 -0.980217695 -0.941642344 0.082506873 -0.326346934 -7.074085236
-0.328417778 0.026829923 0.944151521 174.471755981 0.088854380 0.996041358 0.002603028 -0.982584298 -0.940343916 0.084746875 -0.329501569 -7.834987640
-0.330728143 0.026559602 0.943352342 176.604034424 0.089924470 0.995942414 0.003486206 -0.991690636 -0.939431965 0.085983440 -0.331774533 -8.580513000
-0.334297836 0.025955638 0.942110002 178.869461060 0.088574655 0.996061563 0.003987756 -0.986783624 -0.938296080 0.084780172 -0.335280180 -9.376483917
-0.337621540 0.026958084 0.940895855 181.039047241 0.088068925 0.996109605 0.003061712 -0.998592377 -0.937152922 0.083897367 -0.338682204 -10.119510651
-0.339877456 0.028252423 0.940045238 183.034591675 0.086488806 0.996251941 0.001328730 -1.009116650 -0.936484337 0.081754997 -0.341047198 -10.842319489
-0.343380988 0.029835405 0.938722134 185.233367920 0.085832313 0.996309519 -0.000268565 -1.021735668 -0.935265839 0.080480486 -0.344674647 -11.635395050
-0.346949846 0.031041492 0.937369764 187.437011719 0.085228808 0.996360242 -0.001449147 -1.039425373 -0.934003115 0.079388142 -0.348332703 -12.428482056
-0.349971205 0.031228576 0.936239779 189.615020752 0.082671195 0.996574104 -0.002338135 -1.056205988 -0.933105409 0.076581791 -0.351353884 -13.236118317
-0.354188979 0.031727228 0.934635460 191.812057495 0.083858207 0.996475577 -0.002047590 -1.077667356 -0.931406498 0.077651627 -0.355601251 -14.035011292
-0.357219875 0.031297028 0.933495760 194.039703369 0.084264532 0.996442676 -0.001162012 -1.104581475 -0.930211544 0.078245498 -0.358586311 -14.911548615
-0.360826999 0.030125784 0.932146072 196.018905640 0.082991913 0.996550143 -0.000081673 -1.108659148 -0.928932846 0.077331118 -0.362082481 -15.663455963
-0.364907086 0.029553352 0.930574834 198.241363525 0.082873538 0.996559680 0.000848345 -1.131354213 -0.927348375 0.077429578 -0.366100848 -16.526851654
-0.368542939 0.030126574 0.929122508 200.448455811 0.082471684 0.996593297 0.000398657 -1.149100900 -0.925945222 0.076773196 -0.369771987 -17.387634277
-0.372451812 0.030349262 0.927555203 202.682846069 0.081533335 0.996670604 0.000128311 -1.175829411 -0.924463093 0.075674444 -0.373686254 -18.270736694
-0.375573367 0.030829495 0.926279783 204.772994995 0.080671363 0.996740639 -0.000465301 -1.195123196 -0.923275054 0.074549496 -0.376836300 -19.114295959
-0.378275484 0.031561039 0.925154924 206.986923218 0.081580795 0.996666491 -0.000644020 -1.217353582 -0.922091246 0.075231262 -0.379589289 -20.013175964
-0.380477101 0.031255268 0.924262047 209.192626953 0.082970053 0.996551931 0.000455175 -1.241675019 -0.921060979 0.076859258 -0.381758422 -20.928089142
-0.382922649 0.031547848 0.923241556 211.402938843 0.085273996 0.996356666 0.001321907 -1.262830734 -0.919836223 0.079234697 -0.384217680 -21.861537933
-0.385493070 0.031555325 0.922171056 213.612487793 0.085503004 0.996336460 0.001649465 -1.284076691 -0.918740690 0.079484239 -0.386778861 -22.785266876
-0.388581961 0.032347348 0.920846164 215.793670654 0.084507480 0.996422648 0.000658587 -1.287126184 -0.917530596 0.078074314 -0.389925420 -23.677738190
-0.391331375 0.032651108 0.919670463 218.029815674 0.084087163 0.996458411 0.000402844 -1.308259726 -0.916399956 0.077490114 -0.392691016 -24.622051239
-0.394228250 0.033861101 0.918388546 220.243896484 0.083994471 0.996465981 -0.000684296 -1.333320260 -0.915166140 0.076869801 -0.395679146 -25.563114166
-0.397156268 0.034884289 0.917087793 222.505661011 0.083709143 0.996488869 -0.001653279 -1.357047915 -0.913925469 0.076112017 -0.398681879 -26.537265778
-0.399828851 0.035249088 0.915911674 224.761871338 0.081390299 0.996678352 -0.002827585 -1.365780234 -0.912969172 0.073415771 -0.401369661 -27.482048035
-0.402669430 0.035922207 0.914640248 226.894775391 0.082262672 0.996606410 -0.002925358 -1.396675348 -0.911641479 0.074062794 -0.404257953 -28.430335999
-0.405370265 0.035433594 0.913465619 229.132202148 0.083758697 0.996484995 -0.001484196 -1.425824046 -0.910307288 0.075909041 -0.406913280 -29.419887543
-0.407713711 0.034670573 0.912451267 231.331237793 0.084443316 0.996428370 -0.000129353 -1.453173161 -0.909196794 0.076997697 -0.409185141 -30.402671814
-0.411326230 0.033948492 0.910855651 233.544418335 0.082644954 0.996579051 0.000177502 -1.474212766 -0.907733798 0.075350635 -0.412724733 -31.386440277
-0.414020360 0.034687724 0.909606457 235.758132935 0.081822976 0.996646523 -0.000764098 -1.485724092 -0.906582654 0.074110344 -0.415470243 -32.376686096
-0.417605340 0.034021411 0.907991350 237.980834961 0.080285072 0.996771753 -0.000423036 -1.506971717 -0.905074596 0.072721474 -0.418988645 -33.386596680
-0.420929819 0.033229593 0.906484365 240.194778442 0.079251744 0.996854603 0.000258522 -1.529508114 -0.903624475 0.071949273 -0.422239333 -34.403903961
-0.424897939 0.033181120 0.904632926 242.375442505 0.078689590 0.996899068 0.000394433 -1.568004131 -0.901814699 0.071352795 -0.426191360 -35.409423828
-0.428332537 0.033154588 0.903012753 244.569335938 0.078310065 0.996928871 0.000542608 -1.582387924 -0.900221467 0.070947386 -0.429613441 -36.450347900
-0.432185322 0.032461286 0.901200473 246.771423340 0.077290989 0.997007847 0.001153878 -1.603124022 -0.898466408 0.070153356 -0.433401138 -37.498558044
-0.436579287 0.032260180 0.899087310 248.939926147 0.076351814 0.997080088 0.001298692 -1.628348231 -0.896420062 0.069213927 -0.437767595 -38.517143250
-0.440269381 0.032972977 0.897260070 251.139846802 0.076395802 0.997077227 0.000844938 -1.662085176 -0.894609749 0.068918899 -0.441501558 -39.582359314
-0.443092078 0.033808235 0.895838380 253.318466187 0.076804325 0.997046053 0.000360573 -1.669829369 -0.893180013 0.068964027 -0.444379866 -40.682220459
-0.447102487 0.033712007 0.893847227 255.510070801 0.076799758 0.997046173 0.000811029 -1.692580223 -0.891179740 0.069009870 -0.448370934 -41.761589050
-0.450887889 0.034271240 0.891922414 257.677917480 0.075595550 0.997138500 -0.000098717 -1.707414865 -0.889373660 0.067380860 -0.452188492 -42.838607788
-0.454595059 0.034922615 0.890013397 259.848449707 0.076119952 0.997098684 -0.000244411 -1.718179226 -0.887439609 0.067636684 -0.455934495 -43.916885376
-0.457922161 0.035324112 0.888290226 262.048950195 0.076624565 0.997060120 -0.000148796 -1.747867227 -0.885683894 0.067996718 -0.459282547 -45.069320679
-0.461372405 0.036558032 0.886453092 264.242675781 0.078044638 0.996949673 -0.000495092 -1.766889334 -0.883767188 0.068954498 -0.462818265 -46.211326599
-0.464694947 0.038516980 0.884632707 266.392120361 0.079759292 0.996812999 -0.001504001 -1.787149668 -0.881871402 0.069858782 -0.466286033 -47.320457458
-0.468422383 0.039492525 0.882621527 268.527465820 0.080362000 0.996763885 -0.001950286 -1.794627190 -0.879842281 0.070015669 -0.470080137 -48.417457581
-0.470057040 0.041622475 0.881654084 270.683227539 0.083269015 0.996523499 -0.002650234 -1.819319487 -0.878699422 0.072168693 -0.471888840 -49.602836609
-0.472466618 0.044284623 0.880235314 272.866729736 0.085319549 0.996344149 -0.004330766 -1.840355635 -0.877209187 0.073055126 -0.474517792 -50.778678894
-0.475084573 0.045263257 0.878775179 275.041168213 0.086674020 0.996226728 -0.004455027 -1.859203577 -0.875661016 0.074050464 -0.477215111 -51.970726013
-0.478763938 0.045706194 0.876753092 277.167175293 0.086461566 0.996243954 -0.004721787 -1.903805017 -0.873675823 0.073544823 -0.480917513 -53.096191406
-0.482326865 0.046148151 0.874774933 279.395141602 0.085793346 0.996299207 -0.005254982 -1.908677101 -0.871779978 0.072515257 -0.484500945 -54.291702271
-0.485604286 0.047603328 0.872881711 281.594207764 0.086824648 0.996205449 -0.006026322 -1.930122018 -0.869856298 0.072861254 -0.487894684 -55.510231018
-0.488382936 0.047836013 0.871317267 283.780670166 0.086029500 0.996271610 -0.006475615 -1.960447431 -0.868378401 0.071796410 -0.490677327 -56.738151550
-0.491085976 0.047533117 0.869813263 285.991973877 0.084326610 0.996414661 -0.006841784 -1.985799670 -0.867020011 0.069988504 -0.493333578 -57.991767883
-0.493724197 0.047772560 0.868305385 288.185028076 0.084862478 0.996371031 -0.006565128 -2.005482197 -0.865467966 0.070445180 -0.495986611 -59.226982117
-0.495935589 0.047736008 0.867046237 290.412261963 0.086329848 0.996251643 -0.005470313 -2.034946918 -0.864057302 0.072139055 -0.498197734 -60.492652893
-0.497846365 0.047599059 0.865958095 292.624511719 0.087529719 0.996152043 -0.004433868 -2.069331408 -0.862836957 0.073589683 -0.500096977 -61.773208618
-0.499708891 0.047849938 0.864870787 294.840057373 0.087562755 0.996148825 -0.004520633 -2.089977026 -0.861756206 0.073471464 -0.501974285 -63.035415649
-0.501595736 0.047571909 0.863793194 297.096405029 0.087663710 0.996142268 -0.003955411 -2.101372719 -0.860649049 0.073739283 -0.503831029 -64.375480652
-0.503819644 0.047748469 0.862488270 299.339599609 0.089105479 0.996017396 -0.003090164 -2.123944283 -0.859200835 0.075295530 -0.506067634 -65.680076599
-0.505951464 0.047211520 0.861269057 301.572509766 0.089028187 0.996026456 -0.002298919 -2.147893906 -0.857955158 0.075514071 -0.508144140 -66.979194641
-0.508131802 0.048588093 0.859907746 303.833038330 0.089103147 0.996015787 -0.003626392 -2.156105042 -0.856657863 0.074777812 -0.510436654 -68.330619812
-0.510983646 0.050592009 0.858100414 306.113372803 0.088015720 0.996098995 -0.006316351 -2.178363323 -0.855072498 0.072298765 -0.513443232 -69.661842346
-0.514141917 0.049528614 0.856274009 308.382537842 0.086174831 0.996262670 -0.005882946 -2.214170456 -0.853365123 0.070764594 -0.516488492 -71.020721436
-0.518265247 0.048016559 0.853871047 310.641784668 0.084115952 0.996443510 -0.004978997 -2.242544174 -0.851073205 0.069243729 -0.520460904 -72.370010376
-0.523393631 0.045687471 0.850865304 312.929687500 0.081821486 0.996641934 -0.003184060 -2.264288664 -0.848153472 0.067952558 -0.525374234 -73.748931885
-0.528276503 0.044083003 0.847927332 315.192535400 0.080773272 0.996731460 -0.001495757 -2.291453123 -0.845221698 0.067699693 -0.530110419 -75.115737915
-0.532905698 0.044789508 0.844988406 317.445617676 0.082212478 0.996614337 -0.000977965 -2.320867538 -0.842171311 0.068947434 -0.534783781 -76.502853394
-0.537235320 0.046178270 0.842167318 319.746093750 0.084630914 0.996412158 -0.000648176 -2.334200144 -0.839175582 0.070925169 -0.539215982 -77.951881409
-0.541344941 0.047463696 0.839459896 322.058441162 0.085489392 0.996338308 -0.001203935 -2.344567060 -0.836443305 0.071113169 -0.543420374 -79.421005249
-0.544443548 0.046572253 0.837503612 324.175872803 0.085496113 0.996338487 0.000174426 -2.374557257 -0.834428966 0.071698271 -0.546431780 -80.803466797
-0.548933446 0.045226749 0.834641576 326.479064941 0.085609682 0.996326029 0.002316487 -2.390294790 -0.831470311 0.072724998 -0.550788641 -82.294731140
-0.552691817 0.042892374 0.832281291 328.729553223 0.084559515 0.996406853 0.004802570 -2.425038815 -0.829084694 0.073031642 -0.554332852 -83.762832642
-0.556282818 0.043471631 0.829855144 330.994689941 0.084052160 0.996452689 0.004144506 -2.432120323 -0.826731324 0.072056636 -0.557963312 -85.269844055
-0.560831726 0.043124765 0.826806009 333.263122559 0.084205337 0.996435165 0.005145080 -2.447325230 -0.823636651 0.072507009 -0.562463641 -86.775787354
-0.564533114 0.043474674 0.824264705 335.448974609 0.085991524 0.996275663 0.006347829 -2.466812611 -0.820918977 0.074463353 -0.566168845 -88.254547119
-0.568951905 0.042725768 0.821260154 337.751403809 0.085868090 0.996277094 0.007656658 -2.482983828 -0.817875564 0.074876308 -0.570502520 -89.820236206
-0.572401285 0.041410729 0.818927288 339.993438721 0.084323689 0.996401608 0.008554186 -2.491592884 -0.815626383 0.073951393 -0.573833466 -91.372322083
-0.576897740 0.040726770 0.815800369 342.253875732 0.083826177 0.996434748 0.009533669 -2.488149881 -0.812503576 0.073885374 -0.578254998 -92.911987305
-0.578785181 0.040489551 0.814474225 344.504302979 0.084216140 0.996394157 0.010312787 -2.468282700 -0.811119854 0.074560769 -0.580107927 -94.542304993
-0.581738591 0.039400913 0.812420964 346.755950928 0.081695788 0.996605515 0.010165200 -2.470667601 -0.809262753 0.072284862 -0.582982659 -96.137298584
-0.585202456 0.037795473 0.810005963 348.982666016 0.077316165 0.996962845 0.009339345 -2.476085663 -0.807192922 0.068091974 -0.586347222 -97.698242188
-0.588183999 0.037783299 0.807844162 351.158203125 0.074311420 0.997207105 0.007465561 -2.469522953 -0.805305779 0.064423159 -0.589348912 -99.277488708
-0.591350913 0.035017006 0.805653811 353.370452881 0.072055221 0.997355044 0.009539482 -2.474315405 -0.803188860 0.063692741 -0.592309892 -100.871177673
-0.595093131 0.034709707 0.802906930 355.579132080 0.073782220 0.997207165 0.011576089 -2.479419231 -0.800262690 0.066129103 -0.595992148 -102.478446960
-0.599337876 0.034375936 0.799757600 357.808319092 0.072126478 0.997332931 0.011183262 -2.475014925 -0.797240198 0.064386263 -0.600218832 -104.051704407
-0.602430820 0.032806270 0.797496498 359.988067627 0.069768973 0.997494936 0.011670146 -2.474864006 -0.795115888 0.062670976 -0.603210628 -105.666481018
-0.605341911 0.029413385 0.795421898 362.173889160 0.068156555 0.997562170 0.014981151 -2.478494167 -0.793042123 0.063281931 -0.605870903 -107.310989380
-0.609284580 0.027364628 0.792479336 364.347290039 0.065938786 0.997691453 0.016245270 -2.450961113 -0.790205300 0.062153138 -0.609682322 -108.949905396
-0.613821030 0.026236484 0.789008975 366.533294678 0.064364895 0.997783422 0.016894864 -2.442110062 -0.786816895 0.061154902 -0.614149094 -110.562126160
-0.616497695 0.026316943 0.786916733 368.692504883 0.064215414 0.997792304 0.016939294 -2.427694321 -0.784733593 0.060975216 -0.616826594 -112.228744507
-0.618954897 0.025687117 0.785006404 370.843566895 0.063298263 0.997845471 0.017257176 -2.408582211 -0.782871723 0.060370952 -0.619247258 -113.906852722
-0.623993933 0.024556225 0.781043172 372.919311523 0.062616497 0.997863352 0.018652705 -2.395796776 -0.778916299 0.060545374 -0.624198377 -115.461975098
-0.627217948 0.023093175 0.778501332 375.074401855 0.059439577 0.998064458 0.018282687 -2.376778603 -0.776572287 0.057741024 -0.627376676 -117.156494141
-0.631369114 0.018911839 0.775251806 377.196594238 0.049215123 0.998664498 0.015719190 -2.374333858 -0.773919165 0.048078727 -0.631456733 -118.815315247
-0.635934114 0.021480713 0.771444321 379.254150391 0.041739654 0.999106824 0.006587841 -2.368077517 -0.770613670 0.036389254 -0.636262774 -120.383247375
-0.638623416 0.031305999 0.768882394 381.347290039 0.051521908 0.998669565 0.002131340 -2.388710976 -0.767792761 0.040975414 -0.639386714 -122.096008301
-0.639997065 0.033537634 0.767645061 383.377105713 0.059761968 0.998193324 0.006214390 -2.394623756 -0.766049743 0.049853176 -0.640845120 -123.768737793
-0.642364264 0.023907999 0.766026437 385.406127930 0.058529437 0.998124599 0.017928960 -2.396331310 -0.764161170 0.056352019 -0.642558992 -125.438949585
-0.646258414 0.013140611 0.763005555 387.512573242 0.052336246 0.998260736 0.027136073 -2.363669395 -0.761321962 0.057469759 -0.645822048 -127.174949646
-0.649723053 0.007325133 0.760135710 389.611846924 0.046579845 0.998458147 0.030192196 -2.315474510 -0.758742452 0.055023573 -0.649062574 -128.915008545
-0.652990878 0.006625071 0.757336795 391.598022461 0.045127168 0.998525381 0.030174576 -2.265227318 -0.756020129 0.053880181 -0.652327001 -130.560501099
-0.655313194 0.012360218 0.755256236 393.649230957 0.051671665 0.998257458 0.028496880 -2.229337692 -0.753587902 0.057699725 -0.654809952 -132.333160400
-0.657026231 0.018306181 0.753645420 395.673492432 0.054837991 0.998217225 0.023560748 -2.190593719 -0.751870573 0.056808434 -0.656858802 -134.073486328
-0.661572814 0.021734808 0.749565899 397.715332031 0.056535177 0.998180687 0.020954628 -2.150588989 -0.747746706 0.056239858 -0.661598027 -135.780364990
-0.664403737 0.021990916 0.747050285 399.768463135 0.056970082 0.998148978 0.021284947 -2.126466751 -0.745199263 0.056701314 -0.664426744 -137.584106445
-0.667155027 0.021376595 0.744612157 401.779174805 0.057411954 0.998090506 0.022786224 -2.089088440 -0.742703199 0.057951581 -0.667108297 -139.369415283
-0.670613348 0.020472685 0.741524518 403.707153320 0.057613064 0.998037100 0.024548873 -2.058078766 -0.739566386 0.059184302 -0.670476496 -141.002990723
-0.672979116 0.020308975 0.739382625 405.720611572 0.057357654 0.998045802 0.024792593 -2.022246361 -0.737434149 0.059094150 -0.672828853 -142.791015625
-0.674382746 0.020594690 0.738094628 407.729888916 0.058003429 0.997999549 0.025149925 -1.989543915 -0.736100137 0.059772708 -0.674228251 -144.584060669
-0.676794112 0.021929966 0.735845625 409.721923828 0.059432823 0.997921109 0.024922904 -1.952518463 -0.733769357 0.060601044 -0.676690519 -146.368255615
-0.678047657 0.021710055 0.734697223 411.718872070 0.061083041 0.997770369 0.026889389 -1.913089752 -0.732475400 0.063109815 -0.677862048 -148.198791504
-0.678728044 0.020569332 0.734101713 413.648712158 0.062095828 0.997635305 0.029458437 -1.879629135 -0.731759787 0.065578915 -0.678400338 -149.964157104
-0.681285322 0.020926246 0.731718719 415.612548828 0.064264029 0.997441649 0.031309072 -1.824310303 -0.729191482 0.068353616 -0.680887282 -151.692367554
-0.682786882 0.021031931 0.730314791 417.601257324 0.062985793 0.997558653 0.030158615 -1.771819115 -0.727897525 0.066591360 -0.682444692 -153.535064697
-0.684656441 0.020205431 0.728585839 419.574035645 0.058325004 0.997928739 0.027133392 -1.734509468 -0.726528466 0.061071809 -0.684417009 -155.350387573
-0.686313212 0.019984050 0.727031529 421.501831055 0.055969775 0.998109341 0.025399895 -1.694683075 -0.725149333 0.058124069 -0.686134100 -157.119110107
-0.687332749 0.019624719 0.726077437 423.484741211 0.055772789 0.998109519 0.025819346 -1.651959419 -0.724198222 0.058241844 -0.687128007 -158.983306885
-0.688682199 0.018281586 0.724832833 425.457611084 0.053334609 0.998251140 0.025496874 -1.616632462 -0.723099053 0.056217916 -0.688452721 -160.821868896
-0.690445721 0.016427936 0.723197699 427.384216309 0.049721129 0.998455524 0.024788760 -1.582756996 -0.721673369 0.053073492 -0.690196097 -162.598175049
-0.693113565 0.015676161 0.720657825 429.398925781 0.048849538 0.998486519 0.025262812 -1.566192627 -0.719171166 0.052713804 -0.692830384 -164.372497559
-0.694063306 0.014342417 0.719771028 431.364837646 0.049488991 0.998386919 0.027827213 -1.526846886 -0.718210876 0.054934595 -0.693653584 -166.245559692
-0.694276631 0.013459975 0.719582379 433.316284180 0.051891685 0.998159111 0.031395968 -1.483337402 -0.717835009 0.059137821 -0.693696976 -168.092971802
-0.694198430 0.012619013 0.719673038 435.234375000 0.055929616 0.997768998 0.036454607 -1.417609215 -0.717607439 0.065557770 -0.693355441 -169.907669067
-0.692719996 0.012237534 0.721102715 437.182312012 0.060024098 0.997365415 0.040735681 -1.345951080 -0.718704343 0.071501970 -0.691629589 -171.789703369
-0.692017198 0.009604504 0.721817076 439.144836426 0.054109223 0.997788668 0.038598757 -1.262611389 -0.719850242 0.065767966 -0.691006720 -173.631439209
-0.692128420 0.007775669 0.721732438 441.084381104 0.046614043 0.998336017 0.033946361 -1.230279922 -0.720267475 0.057138111 -0.691339254 -175.433517456
-0.690994084 0.005779990 0.722837210 443.046203613 0.042303886 0.998577535 0.032455385 -1.173122406 -0.721621513 0.053005300 -0.690255642 -177.287551880
-0.688792944 0.005294631 0.724938750 444.984039307 0.040235177 0.998711288 0.030934887 -1.124095917 -0.723840714 0.050475765 -0.688118279 -179.096618652
-0.687006831 0.005981380 0.726626337 446.952911377 0.041830119 0.998633385 0.031328838 -1.070202827 -0.725445986 0.051917989 -0.686318159 -180.907531738
-0.684762418 0.006185951 0.728740096 448.913238525 0.042824917 0.998577476 0.031764057 -1.014098167 -0.727507055 0.052959066 -0.684053302 -182.731750488
-0.682752311 0.006636092 0.730619729 450.913482666 0.040343862 0.998775601 0.028628977 -0.961175919 -0.729535222 0.049022514 -0.682184041 -184.600906372
-0.681930959 0.001660696 0.731414735 452.910797119 0.033666950 0.999008715 0.029120939 -0.911133766 -0.730641305 0.044482972 -0.681310833 -186.433654785
-0.681711078 -0.004894098 0.731605113 454.889526367 0.024706358 0.999253273 0.029705981 -0.867159843 -0.731204093 0.038326196 -0.681081176 -188.233200073
-0.681903481 -0.008900379 0.731388152 456.889556885 0.017476125 0.999442220 0.028456086 -0.823077202 -0.731233478 0.032186128 -0.681367517 -190.045944214
-0.681573570 -0.009393300 0.731689274 458.880798340 0.015882637 0.999492168 0.027626097 -0.781999588 -0.731577158 0.030450370 -0.681078255 -191.877929688
-0.681325257 -0.009109240 0.731924057 460.856597900 0.018153869 0.999404728 0.029337071 -0.740015984 -0.731755614 0.033275347 -0.680754304 -193.687164307
-0.680729926 -0.010231443 0.732462943 462.795867920 0.019099953 0.999314606 0.031709917 -0.691890717 -0.732285440 0.035575897 -0.680067897 -195.415954590
-0.679632127 -0.012481833 0.733446836 464.753417969 0.017331421 0.999302983 0.033065960 -0.634941101 -0.733348310 0.035184365 -0.678942025 -197.208099365
-0.679146349 -0.013538547 0.733877957 466.767456055 0.014718690 0.999377668 0.032057464 -0.585374832 -0.733855307 0.032573432 -0.678524435 -199.039245605
-0.679076731 -0.012525254 0.733960390 468.710906982 0.013392884 0.999476612 0.029447770 -0.526597023 -0.733945012 0.029827144 -0.678553581 -200.785827637
-0.677967250 -0.010990996 0.735009789 470.690826416 0.014329017 0.999500632 0.028163038 -0.480661392 -0.734952450 0.029625585 -0.677471220 -202.598632812
-0.677249670 -0.010126494 0.735683680 472.704467773 0.016426481 0.999447942 0.028878896 -0.432329178 -0.735569954 0.031642914 -0.676709414 -204.423645020
