1.000000000 0.000000000 0.000000000 0.000000000 0.000000000 1.000000000 0.000000000 0.000000000 0.000000000 0.000000000 1.000000000 0.000000000
0.999996662 -0.002251556 -0.001269553 -0.000050480 0.002255224 0.999993205 0.002894816 -0.015922513 0.001263026 -0.002897669 0.999994993 1.530378461
0.999992967 -0.002754481 -0.002537778 -0.011017183 0.002764131 0.999988854 0.003806963 -0.034990668 0.002527264 -0.003813951 0.999989450 3.047465801
0.999992788 -0.001378208 -0.003550453 -0.028379915 0.001390483 0.999992967 0.003457084 -0.048512913 0.003545663 -0.003461996 0.999987662 4.579883099
0.999986470 -0.001126059 -0.005071655 -0.044442456 0.001143754 0.999993265 0.003487513 -0.067641705 0.005067694 -0.003493267 0.999981046 6.092094898
0.999980032 -0.001211225 -0.006199070 -0.063159443 0.001234274 0.999992371 0.003715689 -0.080246165 0.006194522 -0.003723266 0.999973953 7.623628616
0.999969244 -0.001577175 -0.007678366 -0.083448574 0.001610884 0.999989092 0.004385924 -0.097524658 0.007671366 -0.004398158 0.999960899 9.141001701
0.999951601 -0.003170077 -0.009314624 -0.100977078 0.003198591 0.999990225 0.003047846 -0.108752221 0.009304870 -0.003077491 0.999951899 10.616801262
0.999937117 -0.004308393 -0.010351655 -0.125499204 0.004347072 0.999983668 0.003716895 -0.127231777 0.010335471 -0.003761660 0.999939501 12.134228706
0.999919951 -0.004276625 -0.011907917 -0.145435527 0.004319358 0.999984264 0.003565152 -0.142268687 0.011892483 -0.003616301 0.999922752 13.649600029
0.999907315 -0.003928671 -0.013036409 -0.168487236 0.003974894 0.999985814 0.003521618 -0.159324080 0.013022388 -0.003573109 0.999908805 15.126964569
0.999903500 -0.002243350 -0.013709534 -0.198530793 0.002299496 0.999989033 0.004081017 -0.172726944 0.013700229 -0.004112149 0.999897718 16.629693985
0.999903321 -0.001299736 -0.013845555 -0.232145712 0.001364204 0.999988198 0.004647806 -0.184695035 0.013839350 -0.004666245 0.999893308 18.132104874
0.999887288 -0.000661953 -0.014999877 -0.243299395 0.000746944 0.999983609 0.005661245 -0.204654306 0.014995885 -0.005671809 0.999871433 19.606563568
0.999884963 -0.000588149 -0.015159353 -0.278228343 0.000669243 0.999985456 0.005344909 -0.212065876 0.015155989 -0.005354438 0.999870777 21.091201782
0.999875188 0.000194421 -0.015800087 -0.306604326 -0.000107962 0.999984980 0.005472711 -0.223731607 0.015800914 -0.005470321 0.999860227 22.579683304
0.999873579 0.000752944 -0.015882295 -0.327026248 -0.000656033 0.999981165 0.006106124 -0.242442816 0.015886594 -0.006094933 0.999855220 24.021339417
0.999877572 0.001495322 -0.015571374 -0.358936429 -0.001381687 0.999972343 0.007305912 -0.250948489 0.015581868 -0.007283503 0.999852002 25.488142014
0.999876320 0.001865700 -0.015617209 -0.387822807 -0.001769246 0.999979258 0.006187673 -0.262627661 0.015628433 -0.006159277 0.999858856 26.955682755
0.999876380 0.002415780 -0.015535488 -0.416313976 -0.002349970 0.999988198 0.004252906 -0.279733688 0.015545579 -0.004215873 0.999870241 28.389427185
0.999883950 0.000643334 -0.015220883 -0.444274962 -0.000586244 0.999992788 0.003754948 -0.288926989 0.015223190 -0.003745588 0.999877095 29.836317062
0.999895513 -0.000276650 -0.014451110 -0.479116380 0.000374334 0.999977052 0.006757388 -0.306176901 0.014448908 -0.006762091 0.999872684 31.260910034
0.999900877 -0.001596816 -0.013988062 -0.509162962 0.001703564 0.999969482 0.007622835 -0.306088924 0.013975463 -0.007645909 0.999873102 32.668403625
0.999899030 -0.002348964 -0.014016238 -0.531043172 0.002447268 0.999972522 0.007000579 -0.314599693 0.013999408 -0.007034174 0.999877274 34.085899353
0.999904513 -0.002339068 -0.013619245 -0.556231499 0.002408109 0.999984264 0.005055236 -0.327811182 0.013607208 -0.005087550 0.999894440 35.489437103
0.999914587 -0.001333781 -0.013001219 -0.584513187 0.001391590 0.999989152 0.004438402 -0.345343113 0.012995158 -0.004456114 0.999905646 36.859027863
0.999937832 -0.000999172 -0.011108954 -0.626089692 0.001042913 0.999991715 0.003932415 -0.372358978 0.011104934 -0.003943755 0.999930620 38.217761993
0.999942064 -0.000051229 -0.010758760 -0.630497336 0.000100481 0.999989510 0.004577383 -0.378202021 0.010758412 -0.004578199 0.999931633 39.501579285
0.999957383 0.000148480 -0.009225746 -0.651733160 -0.000089207 0.999979377 0.006424752 -0.392623305 0.009226508 -0.006423656 0.999936819 40.836536407
0.999971032 -0.000519888 -0.007595547 -0.662825108 0.000578453 0.999970138 0.007710271 -0.408255309 0.007591313 -0.007714441 0.999941409 42.164031982
0.999985456 0.000230429 -0.005383137 -0.677338600 -0.000185222 0.999964774 0.008396803 -0.423353881 0.005384882 -0.008395685 0.999950230 43.445938110
0.999998033 -0.000403443 -0.001972515 -0.685489178 0.000418924 0.999969006 0.007854473 -0.437333047 0.001969285 -0.007855285 0.999967217 44.731678009
0.999998212 -0.001073124 0.001517020 -0.684846938 0.001064523 0.999983370 0.005659088 -0.441977382 -0.001523067 -0.005657463 0.999982834 45.979579926
0.999984860 -0.001044899 0.005407869 -0.693506837 0.001023428 0.999991596 0.003971523 -0.457545698 -0.005411973 -0.003965928 0.999977469 47.215835571
0.999956250 -0.000792406 0.009316226 -0.688878894 0.000746949 0.999987781 0.004881794 -0.483682096 -0.009319982 -0.004874621 0.999944627 48.358268738
0.999893010 -0.000322954 0.014623404 -0.676070094 0.000252407 0.999988377 0.004825837 -0.498649716 -0.014624792 -0.004821629 0.999881446 49.578224182
0.999776006 0.001393801 0.021119138 -0.662287235 -0.001475831 0.999991417 0.003869060 -0.511573672 -0.021113567 -0.003899361 0.999769449 50.794902802
0.999587357 0.002388092 0.028624810 -0.634067655 -0.002503528 0.999988914 0.003997575 -0.525792360 -0.028614942 -0.004067588 0.999582171 52.010261536
0.999309599 0.004102232 0.036927029 -0.592424750 -0.004285423 0.999978781 0.004883110 -0.536818981 -0.036906220 -0.005037987 0.999306023 53.230113983
0.998847842 0.006110671 0.047600396 -0.547854662 -0.006384484 0.999963880 0.005602399 -0.552027941 -0.047564439 -0.005899849 0.998850763 54.387428284
0.998121917 0.008859932 0.060614254 -0.497106552 -0.009213000 0.999942124 0.005547842 -0.564585447 -0.060561597 -0.006095862 0.998145878 55.532047272
0.997148514 0.010436236 0.074739009 -0.400947094 -0.010891655 0.999924421 0.005688469 -0.565142453 -0.074674025 -0.006486282 0.997186840 56.653274536
0.995761275 0.012519270 0.091119379 -0.312609673 -0.013199059 0.999889255 0.006861652 -0.574792981 -0.091023400 -0.008035258 0.995816231 57.790958405
0.993981361 0.012422737 0.108842678 -0.194147587 -0.013322456 0.999882758 0.007542936 -0.582408667 -0.108736239 -0.008947589 0.994030356 58.907543182
0.991687834 0.012202447 0.128087580 -0.064291477 -0.013164547 0.999891043 0.006667341 -0.595003366 -0.127992302 -0.008298136 0.991740406 60.019790649
0.988828659 0.011558864 0.148607478 0.086333275 -0.012573127 0.999903560 0.005887468 -0.607285380 -0.148525089 -0.007690159 0.988878727 61.087917328
0.985567868 0.008416737 0.169071198 0.266715050 -0.009563728 0.999936402 0.005970880 -0.625330925 -0.169010192 -0.007501659 0.985585690 62.154060364
0.981703818 0.003262048 0.190386280 0.465988159 -0.004860632 0.999956667 0.007930165 -0.635544419 -0.190352201 -0.008710470 0.981677175 63.138374329
0.976832271 -0.001831261 0.213998362 0.673129082 -0.000152508 0.999957144 0.009253145 -0.644279122 -0.214006156 -0.009071408 0.976790190 64.171371460
0.971493125 -0.007044848 0.236963138 0.943801880 0.005210959 0.999951363 0.008364576 -0.636764348 -0.237010524 -0.006891321 0.971482754 65.156929016
0.964905322 -0.012952667 0.262278497 1.218109131 0.011631658 0.999910593 0.006588648 -0.643685102 -0.262340426 -0.003306688 0.964969814 66.158424377
0.957336962 -0.016516002 0.288501561 1.518894196 0.015086754 0.999860406 0.007177042 -0.650673687 -0.288579822 -0.002518295 0.957452536 67.154594421
0.948663950 -0.019371385 0.315692067 1.831365585 0.017213911 0.999805450 0.009621406 -0.659054339 -0.315817028 -0.003693187 0.948812902 68.104812622
0.938720882 -0.022971155 0.343911886 2.168195724 0.019815870 0.999723077 0.012687040 -0.664728522 -0.344108075 -0.005094676 0.938916206 69.045883179
0.927889466 -0.026137641 0.371938229 2.547111511 0.023280600 0.999654830 0.012170831 -0.670514703 -0.372127891 -0.002634241 0.928177714 69.962921143
0.915677786 -0.026185425 0.401059091 2.928567886 0.024789922 0.999655068 0.008669076 -0.683485091 -0.401147783 0.002004144 0.916011214 70.848922729
0.902448833 -0.026716575 0.429967880 3.326471329 0.028012484 0.999602020 0.003316790 -0.687949121 -0.429885358 0.009051235 0.902838111 71.699073792
0.888250470 -0.028798858 0.458455682 3.779523849 0.031755552 0.999494791 0.001259502 -0.702729166 -0.458260357 0.013439761 0.888716400 72.553466797
0.872442484 -0.029725973 0.487811983 4.275671005 0.031432208 0.999494791 0.004690665 -0.717554331 -0.487705022 0.011240674 0.872936130 73.439941406
0.854494989 -0.028819632 0.518659472 4.739881516 0.027896229 0.999564767 0.009582211 -0.702156246 -0.518710017 0.006280693 0.854927182 74.223327637
0.835456610 -0.027988192 0.548843265 5.298660278 0.024547210 0.999606133 0.013608680 -0.719101548 -0.549007893 0.002103111 0.835814476 75.030281067
0.814085841 -0.021634620 0.580341518 5.839685440 0.020429015 0.999754250 0.008612735 -0.720254838 -0.580385149 0.004844301 0.814327657 75.805038452
0.792005360 -0.014947884 0.610331178 6.406593323 0.017710311 0.999841988 0.001505517 -0.725261807 -0.610257208 0.009616779 0.792144895 76.554954529
0.769349456 -0.012581257 0.638704121 6.987224579 0.016854465 0.999857724 -0.000606705 -0.729953408 -0.638605654 0.011231784 0.769452155 77.261573792
0.745918393 -0.015027007 0.665867805 7.616512299 0.017827444 0.999837697 0.002593234 -0.738456428 -0.665798664 0.009936380 0.746065259 77.963943481
0.721356034 -0.015550135 0.692389846 8.237701416 0.018289562 0.999826908 0.003400049 -0.755864859 -0.692322969 0.010210860 0.721515536 78.616165161
0.695403695 -0.013095136 0.718499899 8.896877289 0.018460900 0.999829531 0.000355075 -0.763803899 -0.718382120 0.013017234 0.695527017 79.285034180
0.669533908 -0.010995429 0.742700160 9.570148468 0.018151531 0.999834001 -0.001561144 -0.779672980 -0.742559731 0.014526385 0.669622362 79.865447998
0.642366111 -0.008776220 0.766347766 10.242561340 0.017276090 0.999846220 -0.003030878 -0.778427601 -0.766203225 0.015186425 0.642418861 80.438430786
0.614387274 -0.006740137 0.788975775 10.987506866 0.016503058 0.999854505 -0.004309529 -0.793319345 -0.788831949 0.015668236 0.614409089 81.021957397
0.583931148 -0.000321776 0.811803102 11.703460693 0.015185641 0.999829233 -0.010526753 -0.817831755 -0.811661065 0.018474652 0.583836317 81.620498657
0.555207789 0.009346344 0.831659198 12.514106750 0.014953057 0.999662995 -0.021216925 -0.802777708 -0.831577241 0.024215648 0.554880857 82.128044128
0.519149184 0.020172769 0.854445517 13.252017975 0.017174451 0.999273360 -0.034026995 -0.700924635 -0.854511082 0.032339722 0.518425465 82.775634766
0.486997157 0.024812562 0.873050988 14.066272736 0.015229625 0.999203205 -0.036893118 -0.734218121 -0.873270810 0.031263083 0.486231238 83.235244751
0.454396009 0.024483319 0.890463352 14.896999359 0.013508678 0.999317944 -0.034369648 -0.769386292 -0.890697420 0.027646415 0.453755260 83.659385681
0.421244383 0.023120901 0.906652451 15.753671646 0.008845191 0.999522686 -0.029598828 -0.808478296 -0.906904042 0.020487854 0.420838773 84.061408997
0.387693048 0.023987982 0.921476305 16.641819000 0.004965259 0.999592483 -0.028110545 -0.851687193 -0.921775103 0.015473631 0.387415975 84.422912598
0.351504266 0.027086653 0.935794413 17.487125397 -0.002257069 0.999602914 -0.028085792 -0.889485240 -0.936183572 0.007760122 0.351425707 84.768310547
0.315396309 0.029165326 0.948511720 18.407760620 -0.007495851 0.999573052 -0.028242886 -0.924847841 -0.948930383 0.001797803 0.315480202 85.095565796
0.279624760 0.028478207 0.959686995 19.272859573 -0.009382533 0.999593377 -0.026928607 -0.949202776 -0.960063577 -0.001474392 0.279778123 85.341384888
0.242336452 0.028405316 0.969776332 20.261976242 -0.010613862 0.999589026 -0.026626261 -0.986791193 -0.970134258 -0.003840567 0.242538273 85.625175476
0.207561791 0.028320771 0.977811813 21.146644592 -0.006941850 0.999598324 -0.027478216 -0.981350422 -0.978197217 -0.001084393 0.207674950 85.782424927
0.172955647 0.026031097 0.984585524 22.033422470 -0.005173360 0.999660909 -0.025520897 -1.053585172 -0.984916031 -0.000679633 0.173031628 85.903495789
0.138193637 0.024939446 0.990091205 23.004787445 0.003014768 0.999667704 -0.025601462 -1.089324594 -0.990400612 0.006522854 0.138072520 86.028465271
0.104892693 0.028249402 0.994082212 23.978702545 0.005510358 0.999564588 -0.028986633 -1.125189781 -0.994468272 0.008518236 0.104691379 86.117599487
0.072069265 0.033490054 0.996837139 24.945138931 0.006205464 0.999401748 -0.034024853 -1.159497857 -0.997380376 0.008637983 0.071818337 86.188240051
0.042504087 0.037532486 0.998391092 25.901157379 0.013383625 0.999183178 -0.038132034 -1.197884083 -0.999006689 0.014982857 0.041967049 86.230400085
0.017535239 0.035838414 0.999203682 26.888887405 0.015205304 0.999232352 -0.036106274 -1.232470155 -0.999730587 0.015826328 0.016976848 86.230751038
-0.005139455 0.032395877 0.999461949 27.890132904 0.017039612 0.999332786 -0.032304071 -1.279325962 -0.999841630 0.016864417 -0.005688041 86.242530823
-0.023796439 0.030310733 0.999257267 28.865863800 0.017277222 0.999403477 -0.029903725 -1.316341639 -0.999567568 0.016552785 -0.024305925 86.213623047
-0.040590744 0.033081342 0.998628080 29.991046906 0.018236853 0.999309778 -0.032362662 -1.374948621 -0.999009430 0.016898211 -0.041166037 86.188903809
-0.055243094 0.037438866 0.997770786 30.989650726 0.021073369 0.999117792 -0.036322657 -1.411720037 -0.998250544 0.019019816 -0.055983324 86.128524780
-0.067055553 0.042505860 0.996843338 31.981729507 0.025426144 0.998840451 -0.040880658 -1.458232403 -0.997425199 0.022604607 -0.068058558 86.056037903
-0.076103792 0.046295535 0.996024609 32.992736816 0.031065842 0.998546660 -0.044039100 -1.505226493 -0.996615827 0.027590800 -0.077431396 85.974273682
-0.081995696 0.051480167 0.995302200 33.975875854 0.034533158 0.998212099 -0.048785746 -1.561718941 -0.996034265 0.030370712 -0.083626874 85.884841919
-0.085584037 0.056345858 0.994736373 34.965141296 0.036375064 0.997910678 -0.053396065 -1.611288905 -0.995666802 0.031613752 -0.087454811 85.798164368
-0.088625647 0.060483329 0.994226992 35.989444733 0.039241623 0.997591794 -0.057190020 -1.677831173 -0.995291710 0.033946585 -0.090785682 85.704093933
-0.090959094 0.063633151 0.993819535 37.001686096 0.038702987 0.997428298 -0.060321935 -1.725858688 -0.995102286 0.032976951 -0.093187973 85.615722656
-0.093882419 0.067002565 0.993326128 38.019760132 0.039700456 0.997191072 -0.063511051 -1.795654297 -0.994791389 0.033472914 -0.096278757 85.525299072
-0.095705986 0.071018733 0.992872894 39.035488129 0.041147243 0.996881306 -0.067339137 -1.863230944 -0.994558871 0.034409221 -0.098329738 85.420463562
-0.097985864 0.072651535 0.992532432 40.050827026 0.043842923 0.996678472 -0.068626717 -1.934214830 -0.994221628 0.036791068 -0.100845672 85.316665649
-0.099642470 0.070940584 0.992491245 41.084007263 0.043841243 0.996799469 -0.066847041 -2.019867659 -0.994057059 0.036851246 -0.102433696 85.202857971
-0.101568617 0.071030371 0.992289484 42.122844696 0.043680638 0.996804237 -0.066882476 -2.092563868 -0.993869185 0.036550678 -0.104346693 85.094192505
-0.103983641 0.072137833 0.991959453 43.158927917 0.043436181 0.996743917 -0.067932524 -2.171995640 -0.993629992 0.036023062 -0.106778465 84.990699768
-0.106293462 0.074265286 0.991557539 44.197635651 0.042231563 0.996644258 -0.070119105 -2.246284246 -0.993437529 0.034421824 -0.109073110 84.877174377
-0.109881125 0.076536588 0.990993619 45.217319489 0.040066559 0.996561527 -0.072524041 -2.320183039 -0.993136764 0.031736672 -0.112569861 84.788619995
-0.112340607 0.079953760 0.990447819 46.276237488 0.037205826 0.996397018 -0.076213971 -2.405678749 -0.992972910 0.028288517 -0.114910595 84.659500122
-0.114349730 0.083992735 0.989883542 47.305397034 0.033810098 0.996171236 -0.080620572 -2.491678238 -0.992865026 0.024249116 -0.116751730 84.540122986
-0.116847761 0.086644575 0.989363074 48.332740784 0.032668203 0.995983362 -0.083366096 -2.584304333 -0.992612362 0.022579575 -0.119208947 84.433547974
-0.120651774 0.085417651 0.989013135 49.413932800 0.028316153 0.996181905 -0.082582444 -2.660945892 -0.992290914 0.018041331 -0.122609824 84.310234070
-0.122417279 0.081376299 0.989136994 50.515319824 0.025100011 0.996567905 -0.078881234 -2.747313261 -0.992161214 0.015170923 -0.124039687 84.146820068
-0.124965429 0.079078682 0.989004672 51.550987244 0.028072035 0.996701300 -0.076147065 -2.866101027 -0.991763890 0.018247617 -0.126773104 84.034080505
-0.127118230 0.079503179 0.988696158 52.623149872 0.027256072 0.996686101 -0.076641306 -2.954158068 -0.991513014 0.017205466 -0.128863886 83.900993347
-0.128845975 0.082217060 0.988250554 53.688640594 0.028434392 0.996453702 -0.079192311 -3.041425943 -0.991256893 0.017896693 -0.130726859 83.769248962
-0.129465908 0.085311987 0.987907231 54.763984680 0.029015642 0.996191323 -0.082224861 -3.129176140 -0.991159260 0.018019447 -0.131448179 83.626785278
-0.130086377 0.085950218 0.987770259 55.831043243 0.027555516 0.996164203 -0.083051629 -3.226947308 -0.991119623 0.016414640 -0.131955788 83.496063232
-0.130325258 0.084729172 0.987844229 56.896163940 0.024661010 0.996310532 -0.082201838 -3.317126751 -0.991164505 0.013648264 -0.131933972 83.363700867
-0.131009087 0.084019907 0.987814426 57.946506500 0.020143427 0.996422052 -0.082080521 -3.415795803 -0.991176486 0.009144674 -0.132232800 83.238006592
-0.130852148 0.085188732 0.987735152 59.044448853 0.016280333 0.996351719 -0.083775111 -3.506310940 -0.991268158 0.005118500 -0.131761670 83.106147766
-0.131284222 0.084850326 0.987706959 60.123397827 0.012232129 0.996393144 -0.083970651 -3.623546600 -0.991269290 0.001057740 -0.131848574 82.966133118
-0.132032022 0.084841162 0.987608016 61.219459534 0.009029442 0.996392071 -0.084388629 -3.703034639 -0.991204441 -0.002224443 -0.132321686 82.833969116
-0.132719725 0.078852989 0.988011956 62.366233826 0.008640203 0.996884525 -0.078400478 -3.813366652 -0.991115928 -0.001868664 -0.132987514 82.723236084
-0.133252576 0.070580788 0.988565683 63.485691071 0.011735303 0.997503400 -0.069637068 -3.899109840 -0.991012573 0.002321800 -0.133748159 82.574539185
-0.133024663 0.065070540 0.988974333 64.609161377 0.017284267 0.997843087 -0.063329190 -3.986971855 -0.990961969 0.008669352 -0.133862406 82.416717529
-0.132465139 0.067671478 0.988874972 65.729766846 0.025833359 0.997563541 -0.064805545 -4.065699100 -0.990850925 0.016961487 -0.133890554 82.258140564
-0.130912289 0.073274657 0.988682389 66.840911865 0.031339325 0.997072279 -0.069746807 -4.145309448 -0.990898490 0.021853926 -0.132825390 82.095596313
-0.130756244 0.079487815 0.988222897 67.953559875 0.034948163 0.996530771 -0.075531907 -4.225688457 -0.990798354 0.024660304 -0.133080572 81.958358765
-0.130335629 0.083563961 0.987942100 69.079917908 0.035647467 0.996192575 -0.079558961 -4.322431564 -0.990828872 0.024848266 -0.132818222 81.810012817
-0.130190879 0.080550119 0.988211513 70.252357483 0.034276906 0.996464312 -0.076707050 -4.412765503 -0.990896285 0.023886273 -0.132491574 81.645797729
-0.130008057 0.076007389 0.988595366 71.399162292 0.033522837 0.996824443 -0.072231553 -4.505064487 -0.990946114 0.023749840 -0.132143185 81.493186951
-0.129962236 0.073959291 0.988756716 72.549270630 0.031230001 0.997024655 -0.070472859 -4.594541073 -0.991026998 0.021720059 -0.131885290 81.346069336
-0.130313501 0.074604958 0.988662004 73.697875977 0.029298190 0.997019291 -0.071373865 -4.680967331 -0.991039813 0.019665027 -0.132110849 81.207817078
-0.130238816 0.079650544 0.988278031 74.820549011 0.029563161 0.996636689 -0.076428264 -4.780050278 -0.991041780 0.019262699 -0.132155463 81.081405640
-0.128803745 0.082434252 0.988237917 75.994560242 0.029507788 0.996416271 -0.079270504 -4.871367455 -0.991231084 0.018950373 -0.130774602 80.909255981
-0.128860325 0.081704393 0.988291144 77.172698975 0.027638974 0.996508718 -0.078779995 -4.941726685 -0.991277516 0.017163740 -0.130668700 80.751625061
-0.128380105 0.074967131 0.988887489 78.349952698 0.029292621 0.996990383 -0.071778551 -5.037900925 -0.991292298 0.019752171 -0.130189732 80.595596313
-0.129075497 0.073473208 0.988909006 79.528343201 0.028413434 0.997115970 -0.070374347 -5.127891541 -0.991227686 0.019014696 -0.130790845 80.447639465
-0.129005969 0.076352015 0.988700032 80.707687378 0.025860129 0.996951461 -0.073614985 -5.221057892 -0.991306543 0.016071143 -0.130587175 80.303833008
-0.128884956 0.079336077 0.988480806 81.882057190 0.024907609 0.996739149 -0.076751262 -5.314736366 -0.991346717 0.014728618 -0.130440712 80.159194946
-0.129452869 0.079328619 0.988407254 83.060737610 0.024466159 0.996746719 -0.076793589 -5.398891926 -0.991283715 0.014241382 -0.130972579 80.018226624
-0.130774364 0.076112337 0.988486230 84.217361450 0.023325153 0.997008920 -0.073682725 -5.492032528 -0.991137743 0.013420782 -0.132158563 79.893119812
-0.129127651 0.074327223 0.988838494 85.354316711 0.025037827 0.997113347 -0.071679644 -5.600589752 -0.991311967 0.015502538 -0.130615890 79.716804504
-0.128264815 0.074744418 0.988919318 86.556983948 0.026517304 0.997057855 -0.071920194 -5.693280220 -0.991385341 0.016998643 -0.129869446 79.562866211
-0.127423644 0.074953787 0.989012122 87.755249023 0.029582156 0.996984124 -0.071746603 -5.788109303 -0.991407156 0.020114904 -0.129256636 79.407623291
-0.126114652 0.074445143 0.989218414 88.969337463 0.028814206 0.997034311 -0.071359836 -5.879522324 -0.991597116 0.019504018 -0.127885714 79.251419067
-0.125391498 0.074735299 0.989288390 90.169754028 0.029841745 0.996991694 -0.071534820 -5.981261253 -0.991658449 0.020552238 -0.127244487 79.106277466
-0.124022186 0.073365718 0.989563465 91.373908997 0.030080345 0.997082651 -0.070153207 -6.068745613 -0.991823435 0.021065859 -0.125867218 78.952636719
-0.123945594 0.072700828 0.989622235 92.605529785 0.028596174 0.997159958 -0.069673039 -6.159592152 -0.991876900 0.019663742 -0.125672549 78.823509216
-0.121618047 0.072008803 0.989961624 93.851913452 0.029559471 0.997185349 -0.068902843 -6.255466938 -0.992136717 0.020882908 -0.123404294 78.640846252
-0.120180160 0.072977290 0.990066111 95.086540222 0.027223388 0.997161627 -0.070195749 -6.345081806 -0.992378771 0.018516818 -0.121825747 78.498207092
-0.119273819 0.075438939 0.989991307 96.316429138 0.027839057 0.996971309 -0.072616786 -6.442361832 -0.992471099 0.018899141 -0.121012725 78.361335754
-0.118363850 0.074254707 0.990190029 97.561286926 0.026127178 0.997087657 -0.071648806 -6.540059566 -0.992626488 0.017390240 -0.119959205 78.221405029
-0.117324203 0.073303565 0.990384459 98.802772522 0.021235337 0.997229278 -0.071294554 -6.621807098 -0.992866635 0.012666573 -0.118555732 78.068939209
-0.116993047 0.074175119 0.990358889 100.062355042 0.020401448 0.997175932 -0.072275646 -6.725642204 -0.992923141 0.011749005 -0.118175924 77.919586182
-0.117659479 0.073429003 0.990335584 101.323501587 0.017867679 0.997257590 -0.071819410 -6.822350025 -0.992893279 0.009244760 -0.118648812 77.780708313
-0.118519582 0.071011171 0.990409315 102.597709656 0.015442203 0.997450650 -0.069668107 -6.916695118 -0.992831647 0.007037065 -0.119314000 77.630775452
-0.119664527 0.069521651 0.990377367 103.875137329 0.013330800 0.997567832 -0.068415686 -7.016642094 -0.992724836 0.005015589 -0.120300278 77.483657837
-0.120741449 0.068389006 0.990325570 105.102851868 0.010987969 0.997655034 -0.067555502 -7.118095398 -0.992623091 0.002724913 -0.121209778 77.330322266
-0.122976616 0.068751223 0.990025342 106.362976074 0.011277009 0.997629881 -0.067878515 -7.211099148 -0.992345512 0.002817047 -0.123460449 77.186950684
-0.125330135 0.066948429 0.989853680 107.648269653 0.010208834 0.997754753 -0.066190228 -7.309312344 -0.992062509 0.001809618 -0.125732213 77.034553528
-0.128493890 0.063306205 0.989687622 108.856170654 0.006256400 0.997992337 -0.063025132 -7.360146999 -0.991690695 -0.001906463 -0.128632009 76.887702942
-0.133065492 0.063117474 0.989095390 110.118545532 0.005707023 0.998002470 -0.062918067 -7.452370644 -0.991090834 -0.002727434 -0.133159891 76.728111267
-0.138526380 0.068849750 0.987962663 111.364814758 0.000857312 0.997588515 -0.069400348 -7.547261715 -0.990358412 -0.008766787 -0.138251364 76.563705444
-0.145605311 0.072124138 0.986710250 112.612480164 0.001890491 0.997357726 -0.072623424 -7.642392635 -0.989340961 -0.008708991 -0.145356938 76.379989624
-0.153877527 0.068213791 0.985732496 113.860092163 0.005046092 0.997655451 -0.068251155 -7.737758636 -0.988077044 -0.005528223 -0.153860971 76.168510437
-0.163442835 0.066238284 0.984326601 115.092193604 0.006723986 0.997795045 -0.066028126 -7.836545467 -0.986529887 -0.004173227 -0.163527876 75.945251465
-0.178364664 0.066268533 0.981730342 116.388137817 0.004981176 0.997777522 -0.066446766 -7.940603256 -0.983951807 -0.006961581 -0.178298369 75.783004761
-0.192387134 0.066671394 0.979051590 117.617340088 0.007251450 0.997758746 -0.066520378 -8.031476021 -0.981292367 -0.005698121 -0.192439422 75.546890259
-0.207219422 0.064643696 0.976156414 118.840080261 0.007814207 0.997891963 -0.064424284 -8.122697830 -0.978263319 -0.005722073 -0.207287744 75.302375793
-0.222548991 0.066786371 0.972631216 120.033378601 0.012199969 0.997763395 -0.065720603 -8.225749016 -0.974845171 -0.002759982 -0.222866043 75.034072876
-0.237824917 0.070603825 0.968738496 121.213851929 0.012093738 0.997492433 -0.069730468 -8.299991608 -0.971232772 -0.004867972 -0.238082439 74.759117126
-0.252305984 0.074251167 0.964794517 122.402145386 0.012604667 0.997219265 -0.073450312 -8.404725075 -0.967565477 -0.006371040 -0.252540261 74.440208435
-0.266173869 0.072425991 0.961200178 123.575073242 0.009703763 0.997324109 -0.072460748 -8.492381096 -0.963876128 -0.009959902 -0.266164452 74.066787720
-0.283656657 0.065861791 0.956661463 124.734832764 0.004324036 0.997716248 -0.067406133 -8.619182587 -0.958916187 -0.014983560 -0.283293635 73.760101318
-0.299456239 0.061758868 0.952109158 125.914001465 0.000559929 0.997914076 -0.064553916 -8.711144447 -0.954109848 -0.018797958 -0.298866242 73.409019470
-0.314745665 0.062968269 0.947085083 127.066390991 -0.001577775 0.997760952 -0.066861860 -8.802497864 -0.949174762 -0.022538766 -0.313941598 73.046966553
-0.329167485 0.064907186 0.942038119 128.220886230 -0.001627753 0.997594297 -0.069303818 -8.894257545 -0.944270253 -0.024345968 -0.328269869 72.659637451
-0.343002588 0.067216709 0.936926425 129.344726562 0.000013505 0.997436821 -0.071552873 -8.989766121 -0.939334452 -0.024530170 -0.342124283 72.257316589
-0.356745213 0.067755073 0.931741476 130.492355347 0.002972969 0.997443736 -0.071394578 -9.077203751 -0.934197068 -0.022699628 -0.356034636 71.818038940
-0.370149940 0.065332107 0.926671922 131.557907104 0.001897496 0.997575164 -0.069572978 -9.182945251 -0.928970098 -0.023994079 -0.369376302 71.384338379
-0.384833515 0.064458340 0.920732617 132.689025879 0.002828502 0.997636080 -0.068659991 -9.271298409 -0.922981679 -0.023818370 -0.384106189 70.942260742
-0.399881512 0.065818608 0.914200604 133.797668457 0.001402468 0.997461081 -0.071199574 -9.364162445 -0.916565776 -0.027189255 -0.398958564 70.476974487
-0.414617896 0.068082280 0.907445192 134.888458252 0.002033017 0.997264206 -0.073892154 -9.454217911 -0.909993351 -0.028792163 -0.413621962 69.989334106
-0.429434359 0.069954246 0.900384605 135.990585327 0.003825597 0.997127354 -0.075645946 -9.548564911 -0.903089941 -0.029040461 -0.428468376 69.479347229
-0.443179637 0.072089054 0.893529534 137.044616699 0.005602742 0.996964455 -0.077655181 -9.646797180 -0.896415293 -0.029408982 -0.442238271 68.941024780
-0.457969964 0.076135352 0.885701418 138.099624634 0.006940876 0.996601582 -0.082079470 -9.750391960 -0.888940573 -0.031442389 -0.456942022 68.415664673
-0.473105103 0.077855036 0.877559245 139.178726196 0.006447930 0.996366978 -0.084919207 -9.853509903 -0.880982399 -0.034517270 -0.471888244 67.852523804
-0.487135112 0.075049140 0.870095968 140.183471680 0.005457956 0.996542931 -0.082899965 -9.963934898 -0.873309553 -0.035634533 -0.485860676 67.274368286
-0.503232837 0.070551723 0.861266077 141.257202148 0.002562827 0.996779084 -0.080155022 -10.069383621 -0.864147067 -0.038129352 -0.501792789 66.665779114
-0.519008875 0.070436634 0.851861775 142.314392090 0.002025012 0.996697545 -0.081178695 -10.178157806 -0.854766548 -0.040407434 -0.517437458 66.034423828
-0.535030425 0.069595516 0.841961324 143.371765137 0.000809538 0.996643007 -0.081866868 -10.282258034 -0.844832361 -0.043119669 -0.533290625 65.383239746
-0.550413311 0.068921529 0.832042634 144.362335205 0.000684404 0.996623695 -0.082101725 -10.381722450 -0.834892035 -0.044620425 -0.548602164 64.715286255
-0.566463292 0.068388700 0.821244299 145.426116943 -0.000246539 0.996536553 -0.083156124 -10.493776321 -0.824086905 -0.047307357 -0.564484537 64.036102295
-0.581135392 0.068178050 0.810945988 146.375213623 0.000284608 0.996501565 -0.083574161 -10.599967957 -0.813806832 -0.048337102 -0.579121709 63.339412689
-0.597192287 0.065669619 0.799405336 147.459396362 -0.000145914 0.996633887 -0.081980571 -10.700515747 -0.802098036 -0.049074810 -0.595172524 62.607891083
-0.611749291 0.061746072 0.788638175 148.518371582 -0.001291957 0.996869624 -0.079051621 -10.805208206 -0.791050673 -0.049378671 -0.609754503 61.786212921
-0.626605809 0.060024314 0.777021348 149.510513306 -0.000445263 0.997001827 -0.077376701 -10.913091660 -0.779336333 -0.048830677 -0.624700367 61.002586365
-0.641358197 0.058335416 0.765020728 150.485900879 -0.001218267 0.997026563 -0.077047989 -11.016547203 -0.767240644 -0.050347354 -0.639380097 60.206005096
-0.656196296 0.059163354 0.752267420 151.462982178 -0.002428335 0.996751010 -0.080509394 -11.127290726 -0.754586399 -0.054656707 -0.653920531 59.384410858
-0.671036184 0.059230860 0.739054799 152.364379883 -0.003428129 0.996545255 -0.082979821 -11.240999222 -0.741416633 -0.058216035 -0.668514967 58.572734833
-0.687564552 0.055851061 0.723972142 153.386962891 -0.005458613 0.996611834 -0.082068041 -11.347997665 -0.726102769 -0.060378950 -0.684930086 57.693912506
-0.703844368 0.047768869 0.708746135 154.333419800 -0.009780437 0.996990085 -0.076909050 -11.458448410 -0.710286736 -0.061063860 -0.701258779 56.825763702
-0.720519304 0.045331404 0.691951632 155.246551514 -0.010447250 0.997038066 -0.076196909 -11.566289902 -0.693356276 -0.062130332 -0.717911601 55.905738831
-0.737815022 0.042636458 0.673655093 156.148498535 -0.012212135 0.996996582 -0.076476373 -11.670362473 -0.674892604 -0.064652182 -0.735078335 54.955310822
-0.754645169 0.038808100 0.654984474 157.012786865 -0.015488391 0.996917605 -0.076912835 -11.776726723 -0.655950367 -0.068186551 -0.751717865 53.995235443
-0.770787001 0.036407180 0.636051655 157.837615967 -0.015604889 0.996987462 -0.075977392 -11.879432678 -0.636901736 -0.068487912 -0.767896950 53.017566681
-0.786269784 0.038451705 0.616685629 158.632858276 -0.013507984 0.996753514 -0.079372354 -11.988080978 -0.617735565 -0.070738278 -0.783197761 52.009365082
-0.800990641 0.038874023 0.597413421 159.412597656 -0.009205848 0.996971846 -0.077216394 -12.089534760 -0.598606050 -0.067349300 -0.798207283 50.985637665
-0.816165447 0.039210591 0.576486290 160.239746094 -0.006068869 0.997058094 -0.076408483 -12.203639984 -0.577786386 -0.065860584 -0.813526452 49.976272583
-0.830329299 0.040156551 0.555824399 160.974914551 -0.004541065 0.996879637 -0.078805178 -12.312795639 -0.557254672 -0.067958280 -0.827556074 48.912586212
-0.843953848 0.041319966 0.534821928 161.684249878 -0.003841460 0.996537626 -0.083053648 -12.426794052 -0.536402047 -0.072147936 -0.840873063 47.838195801
-0.856357813 0.042147435 0.514659822 162.357711792 -0.000662475 0.996573091 -0.082715414 -12.542997360 -0.516382337 -0.071174935 -0.853395164 46.736698151
-0.867869675 0.040396549 0.495146811 163.017608643 0.000645772 0.996779382 -0.080190368 -12.656797409 -0.496791571 -0.069275022 -0.865100622 45.623413086
-0.878161848 0.043035850 0.476423860 163.669708252 0.004446907 0.996636331 -0.081830487 -12.762989044 -0.478342980 -0.069741786 -0.875399351 44.477081299
-0.886990190 0.047019202 0.459388375 164.227920532 0.008004694 0.996218920 -0.086509243 -12.830577850 -0.461718976 -0.073055573 -0.884012699 43.360172272
-0.895824909 0.045745209 0.442046404 164.812026978 0.007069611 0.996029258 -0.088747285 -12.919966698 -0.444350928 -0.076376945 -0.892591000 42.243358612
-0.903046370 0.040035654 0.427673221 165.371307373 0.003228309 0.996251345 -0.086445153 -13.114566803 -0.429530919 -0.076683313 -0.899790466 40.980606079
-0.910126269 0.037961379 0.412588120 165.918457031 0.002400681 0.996260345 -0.086368211 -13.238277435 -0.414323866 -0.077615499 -0.906813979 39.813362122
-0.916542411 0.036374994 0.398279935 166.443084717 0.002256767 0.996309936 -0.085799821 -13.356984138 -0.399931192 -0.077740341 -0.913242280 38.635925293
-0.922246039 0.033896383 0.385114670 166.946090698 0.001040049 0.996362865 -0.085205600 -13.472147942 -0.386602044 -0.078179978 -0.918927014 37.418659210
-0.927616596 0.028789770 0.372422725 167.434921265 -0.001994811 0.996629298 -0.082012072 -13.581914902 -0.373528510 -0.076818645 -0.924432397 36.226871490
-0.932888210 0.025126807 0.359288335 167.930526733 -0.003445548 0.996895194 -0.078664146 -13.696189880 -0.360149384 -0.074622802 -0.929905236 35.031066895
-0.936766267 0.026244659 0.348970234 168.377975464 -0.000018656 0.997180223 -0.075044014 -13.801279068 -0.349955738 -0.070305206 -0.934124231 33.815826416
-0.940189362 0.029064616 0.339410096 168.877014160 0.003127183 0.997047961 -0.076717421 -13.925776482 -0.340637922 -0.071067505 -0.937504768 32.595108032
-0.942306399 0.034179837 0.333002150 169.310363770 0.008454950 0.996886432 -0.078396678 -14.030210495 -0.334644914 -0.071058162 -0.939661264 31.373073578
-0.943926871 0.037169855 0.328055352 169.730453491 0.011232875 0.996682703 -0.080606930 -14.141952515 -0.329963267 -0.072402053 -0.941213191 30.152221680
-0.945775032 0.034729108 0.322960258 170.158920288 0.009350809 0.996766806 -0.079802558 -14.250438690 -0.324687570 -0.072455339 -0.943041980 28.933069229
-0.947458744 0.027698765 0.318676353 170.576385498 0.003875542 0.997164786 -0.075149313 -14.370717049 -0.319854379 -0.069965839 -0.944879830 27.722139359
-0.949238598 0.021470493 0.313823253 171.000579834 -0.001662580 0.997311413 -0.073260814 -14.472044945 -0.314552486 -0.070063762 -0.946650803 26.515441895
-0.950670421 0.014929509 0.309843242 171.400802612 -0.008721879 0.997159839 -0.074807949 -14.568715096 -0.310080051 -0.073820122 -0.947840214 25.321294785
-0.952499270 0.011643955 0.304317892 171.807601929 -0.012568445 0.996914446 -0.077482976 -14.665598869 -0.304281116 -0.077627309 -0.949413955 24.214504242
-0.953285694 0.011944490 0.301833868 172.211807251 -0.012768567 0.996731400 -0.079770826 -14.775178909 -0.301800162 -0.079898372 -0.950017333 22.981376648
-0.953477025 0.012058739 0.301224291 172.610565186 -0.013214859 0.996567309 -0.081724524 -14.890395164 -0.301175833 -0.081903078 -0.950044692 21.742523193
-0.953293502 0.015140139 0.301665515 173.006744385 -0.010452650 0.996491134 -0.083043836 -15.014435768 -0.301864266 -0.082318366 -0.949790239 20.490169525
-0.953040481 0.016772466 0.302377939 173.401992798 -0.009291500 0.996375740 -0.084552638 -15.128274918 -0.302700192 -0.083391644 -0.949430585 19.272991180
-0.952497542 0.018117310 0.304006875 173.767028809 -0.008493279 0.996260405 -0.085982896 -15.242860794 -0.304427773 -0.084480494 -0.948781669 18.127330780
-0.951925993 0.019508889 0.305706292 174.174896240 -0.007033214 0.996315002 -0.085481077 -15.364965439 -0.306247383 -0.083521746 -0.948280871 16.891445160
-0.951271355 0.018626109 0.307792068 174.578964233 -0.008250327 0.996279240 -0.085788772 -15.484712601 -0.308244735 -0.084147781 -0.947578192 15.682857513
-0.950195253 0.017939858 0.311138600 174.986083984 -0.008967279 0.996354699 -0.084833980 -15.616863251 -0.311526388 -0.083398908 -0.946570635 14.471237183
-0.948604167 0.016727760 0.316022724 175.406707764 -0.010246874 0.996454835 -0.083502501 -15.723362923 -0.316299230 -0.082449064 -0.945069969 13.241603851
-0.946730793 0.014566648 0.321696311 175.840377808 -0.011744882 0.996749878 -0.079697974 -15.852678299 -0.321811646 -0.079230815 -0.943482757 11.990570068
-0.944467425 0.012557129 0.328365147 176.274932861 -0.013415471 0.996963084 -0.076711759 -15.962286949 -0.328331172 -0.076856934 -0.941430628 10.782135010
-0.942015827 0.014529174 0.335253686 176.708465576 -0.011945461 0.996977150 -0.076771915 -16.070678711 -0.335355669 -0.076325133 -0.938994706 9.583160400
-0.938756943 0.015538414 0.344229370 177.141830444 -0.011530879 0.997006655 -0.076450758 -16.183294296 -0.344386935 -0.075737953 -0.935767829 8.387199402
-0.935349464 0.018007591 0.353266478 177.586654663 -0.010574494 0.996833444 -0.078811370 -16.297628403 -0.353567064 -0.077451780 -0.932197154 7.224483490
-0.931373298 0.018265104 0.363607198 178.051864624 -0.011112329 0.996849120 -0.078538813 -16.388624191 -0.363896042 -0.077189475 -0.928235650 6.053142548
-0.926731110 0.019920433 0.375196815 178.538452148 -0.010943648 0.996738732 -0.079950772 -16.499221802 -0.375565916 -0.078198887 -0.923490822 4.868309021
-0.921483815 0.022452654 0.387767464 179.042846680 -0.009918909 0.996641994 -0.081279054 -16.607748032 -0.388290316 -0.078743540 -0.918166697 3.700237274
-0.915623128 0.024579527 0.401285529 179.557891846 -0.008762403 0.996672273 -0.081041507 -16.724998474 -0.401942074 -0.077719718 -0.912360728 2.515937805
-0.909886658 0.023092495 0.414213717 180.096298218 -0.010491938 0.996849358 -0.078621760 -16.837354660 -0.414724261 -0.075882800 -0.906777561 1.360488892
-0.903148532 0.027127542 0.428470284 180.632797241 -0.007549532 0.996843934 -0.079025961 -16.942642212 -0.429261774 -0.074606925 -0.900093436 0.181106567
-0.896332324 0.027798241 0.442510545 181.231338501 -0.008118158 0.996836424 -0.079064503 -17.046905518 -0.443308473 -0.074460424 -0.893271089 -1.022148132
-0.889459670 0.029382661 0.456068248 181.819030762 -0.006425923 0.997028351 -0.076766923 -17.157661438 -0.456968546 -0.071211718 -0.886627674 -2.156112671
-0.881985009 0.031273745 0.470238686 182.409271240 -0.003914752 0.997275174 -0.073667452 -17.267341614 -0.471261233 -0.066814445 -0.879459321 -3.268295288
-0.874012470 0.034153238 0.484701753 183.005950928 -0.001233070 0.997367561 -0.072500370 -17.371555328 -0.485901952 -0.063963890 -0.871669590 -4.359931946
-0.864522874 0.038632728 0.501106322 183.634246826 0.003877872 0.997524440 -0.070213787 -17.481151581 -0.502578378 -0.058758207 -0.862532556 -5.490653992
-0.855934501 0.038678121 0.515635669 184.275085449 0.002777341 0.997528017 -0.070214860 -17.575187683 -0.517076850 -0.058667224 -0.853926063 -6.508178711
-0.845125139 0.041889321 0.532924831 184.932296753 0.005645956 0.997568905 -0.069458112 -17.671695709 -0.534538746 -0.055691924 -0.843307018 -7.567405701
-0.834217250 0.043119356 0.549747348 185.620834351 0.006627255 0.997650027 -0.068193980 -17.777332306 -0.551396012 -0.053245280 -0.832542658 -8.611763000
-0.821982324 0.046240799 0.567632735 186.305526733 0.009406950 0.997664750 -0.067650206 -17.878768921 -0.569435477 -0.050267562 -0.820497692 -9.651245117
-0.810216844 0.048261601 0.584139884 187.035903931 0.010815260 0.997665584 -0.067426041 -17.972164154 -0.586030304 -0.048312087 -0.808847547 -10.653709412
-0.796715558 0.049262695 0.602343440 187.785903931 0.012165759 0.997777581 -0.065511756 -18.062625885 -0.604231954 -0.044866268 -0.795544326 -11.651252747
-0.782081842 0.051360808 0.621055543 188.543884277 0.014972894 0.997858763 -0.063667096 -18.157651901 -0.622995734 -0.040493883 -0.781176388 -12.605087280
