1.000000000 0.000000000 0.000000000 0.000000000 0.000000000 1.000000000 0.000000000 0.000000000 0.000000000 0.000000000 1.000000000 0.000000000
0.999998212 0.000849728 0.001668305 -0.007596115 -0.000842366 0.999989927 -0.004409006 -0.003336123 -0.001672034 0.004407594 0.999988854 0.964646876
0.999996245 -0.001456926 0.002325200 -0.004490963 0.001469270 0.999984801 -0.005315904 -0.000543016 -0.002317419 0.005319299 0.999983191 1.930082560
0.999992251 -0.003283783 0.002189116 -0.000352846 0.003286586 0.999993801 -0.001278310 0.000957621 -0.002184905 0.001285494 0.999996781 2.894515276
0.999983013 -0.005515304 0.001890866 -0.007116965 0.005506296 0.999973655 0.004736017 -0.003680019 -0.001916937 -0.004725525 0.999987006 3.862796545
0.999960005 -0.008933878 0.000467331 -0.004979587 0.008931524 0.999948621 0.004812717 -0.000250932 -0.000510303 -0.004808350 0.999988317 4.813750267
0.999931693 -0.011667418 -0.000640166 -0.000209667 0.011668532 0.999930441 0.001767100 0.005986705 0.000619504 -0.001774450 0.999998212 5.761028290
0.999922276 -0.012385932 -0.001383806 -0.004488600 0.012383629 0.999921918 -0.001660802 0.006632852 0.001404269 0.001643536 0.999997675 6.715324402
0.999923587 -0.012140389 -0.002314826 -0.008455455 0.012135007 0.999923587 -0.002324658 0.009250311 0.002342871 0.002296389 0.999994636 7.655852795
0.999930382 -0.011291916 -0.003401751 -0.016120305 0.011290556 0.999936163 -0.000418197 0.007991312 0.003406256 0.000379760 0.999994218 8.583927155
0.999931216 -0.011062620 -0.003891407 -0.022069341 0.011072255 0.999935746 0.002463282 0.005852042 0.003863906 -0.002506199 0.999989450 9.520103455
0.999912024 -0.012213399 -0.005175041 -0.028732905 0.012234014 0.999917269 0.003970680 0.011031020 0.005126119 -0.004033641 0.999978662 10.452644348
0.999894142 -0.013368056 -0.005746626 -0.037268221 0.013394581 0.999899626 0.004602074 0.019119352 0.005684528 -0.004678559 0.999972880 11.375247002
0.999889433 -0.013534230 -0.006158629 -0.050304271 0.013562279 0.999897659 0.004535402 0.023953322 0.006096616 -0.004618426 0.999970734 12.303089142
0.999879837 -0.013851525 -0.006967187 -0.058556121 0.013876325 0.999897540 0.003523676 0.018836383 0.006917664 -0.003619931 0.999969482 13.214363098
0.999862075 -0.014334554 -0.008391621 -0.066443816 0.014345163 0.999896288 0.001205632 0.027601641 0.008373469 -0.001325845 0.999964058 14.131956100
0.999815285 -0.016096532 -0.010501538 -0.073701836 0.016096262 0.999870420 -0.000110615 0.032719851 0.010501959 -0.000058441 0.999944806 15.022721291
0.999798536 -0.015860124 -0.012301912 -0.084059745 0.015851719 0.999874115 -0.000780493 0.033904292 0.012312743 0.000585329 0.999924004 15.930051804
0.999797344 -0.014441895 -0.014028977 -0.101611331 0.014421633 0.999894738 -0.001544655 0.033528768 0.014049810 0.001342021 0.999900401 16.836732864
0.999801934 -0.012574944 -0.015425798 -0.124184355 0.012555336 0.999920249 -0.001367252 0.031232065 0.015441760 0.001173305 0.999880016 17.738689423
0.999773204 -0.013089113 -0.016799737 -0.142657310 0.013072276 0.999913871 -0.001111620 0.035120390 0.016812842 0.000891757 0.999858260 18.645364761
0.999745905 -0.013321099 -0.018182782 -0.162981912 0.013327112 0.999911189 0.000209715 0.037258994 0.018178377 -0.000451986 0.999834657 19.519710541
0.999721467 -0.013099146 -0.019633576 -0.184046566 0.013122764 0.999913394 0.001074679 0.035815544 0.019617798 -0.001332027 0.999806702 20.412036896
0.999670744 -0.014344869 -0.021273818 -0.199886888 0.014372376 0.999896109 0.001140696 0.034556475 0.021255242 -0.001446076 0.999773145 21.290294647
0.999645650 -0.013997363 -0.022636969 -0.229273260 0.014002589 0.999901950 0.000072403 0.040015887 0.022633739 -0.000389354 0.999743760 22.168689728
0.999611974 -0.014192408 -0.023968861 -0.251173884 0.014214869 0.999898732 0.000766972 0.034908369 0.023955550 -0.001107389 0.999712467 23.047403336
0.999593377 -0.014132186 -0.024766743 -0.276402175 0.014198068 0.999896049 0.002486197 0.041242994 0.024729034 -0.002836825 0.999690175 23.878713608
0.999559045 -0.015128694 -0.025553083 -0.300824374 0.015268214 0.999869466 0.005273695 0.043477908 0.025469964 -0.005661519 0.999659598 24.736902237
0.999542058 -0.014984770 -0.026290942 -0.322281778 0.015171122 0.999861062 0.006903011 0.045836210 0.026183847 -0.007298713 0.999630511 25.578210831
0.999533534 -0.014216268 -0.027029151 -0.348819613 0.014376298 0.999880254 0.005735560 0.047262482 0.026944377 -0.006121464 0.999618173 26.417667389
0.999526739 -0.012700283 -0.028015872 -0.375101149 0.012800665 0.999912322 0.003406601 0.046072319 0.027970148 -0.003763611 0.999601603 27.249891281
0.999508023 -0.012254016 -0.028871112 -0.410636216 0.012301380 0.999923289 0.001463506 0.047896087 0.028850960 -0.001817941 0.999582112 28.029151917
0.999496400 -0.011200269 -0.029690627 -0.430250764 0.011231182 0.999936461 0.000874517 0.055687226 0.029678948 -0.001207537 0.999558747 28.794290543
0.999456584 -0.011460332 -0.030906249 -0.458587736 0.011480752 0.999933898 0.000483308 0.053754523 0.030898672 -0.000837872 0.999522209 29.582429886
0.999401987 -0.011072007 -0.032758296 -0.486482203 0.011064734 0.999938667 -0.000403292 0.055310342 0.032760754 0.000040589 0.999463260 30.361194611
0.999329448 -0.011055566 -0.034908563 -0.515428007 0.011040634 0.999938786 -0.000620503 0.054198444 0.034913294 0.000234674 0.999390304 31.137216568
0.999260604 -0.010769382 -0.036910377 -0.549575090 0.010807728 0.999941170 0.000839462 0.051846776 0.036899168 -0.001237758 0.999318182 31.899477005
0.999166846 -0.011626905 -0.039118011 -0.578744531 0.011746902 0.999926925 0.002839143 0.054791659 0.039082140 -0.003296293 0.999230504 32.664810181
0.999118507 -0.010315566 -0.040691502 -0.619077146 0.010493243 0.999936283 0.004155259 0.057951793 0.040646050 -0.004578582 0.999163091 33.398975372
0.999038279 -0.009259499 -0.042858921 -0.646642327 0.009452924 0.999945998 0.004312593 0.063151971 0.042816676 -0.004713587 0.999071836 34.128360748
0.998988152 -0.006720175 -0.044469886 -0.700635910 0.006884003 0.999970078 0.003531902 0.068754561 0.044444822 -0.003834459 0.999004424 34.820125580
0.998912394 -0.005100033 -0.046346586 -0.738544643 0.005233440 0.999982476 0.002757575 0.073587023 0.046331711 -0.002997128 0.998921573 35.534336090
0.998851180 -0.004921481 -0.047666579 -0.780786216 0.005114665 0.999979198 0.003931691 0.076182567 0.047646239 -0.004170973 0.998855531 36.233673096
0.998804986 -0.003387571 -0.048754118 -0.816332638 0.003678555 0.999975979 0.005879930 0.077036336 0.048733030 -0.006052249 0.998793483 36.933277130
0.998804331 -0.000667221 -0.048882119 -0.856206059 0.000984955 0.999978542 0.006476213 0.076558799 0.048876744 -0.006516616 0.998783529 37.612136841
0.998860061 0.002401457 -0.047675449 -0.900236487 -0.002171939 0.999985814 0.004865428 0.068622679 0.047686454 -0.004756333 0.998851061 38.291233063
0.998955667 0.003938518 -0.045521252 -0.940887690 -0.003861139 0.999991000 0.001787633 0.070957124 0.045527887 -0.001610003 0.998961687 38.934997559
0.999029458 0.004247460 -0.043841876 -0.963244796 -0.004284568 0.999990523 -0.000752497 0.087156698 0.043838259 0.000939610 0.999038160 39.589256287
0.999131501 0.006318765 -0.041188218 -0.990530849 -0.006314107 0.999980032 0.000243141 0.084611908 0.041188922 0.000017136 0.999151349 40.246410370
0.999249279 0.009779476 -0.037486412 -1.027265787 -0.009679670 0.999949157 0.002843008 0.087504625 0.037512302 -0.002478017 0.999292970 40.881050110
0.999338627 0.014118874 -0.033510186 -1.059224129 -0.013905191 0.999881566 0.006601191 0.078462481 0.033599414 -0.006130860 0.999416530 41.491527557
0.999381781 0.019444587 -0.029292250 -1.080642939 -0.019229794 0.999786198 0.007596662 0.080631331 0.029433701 -0.007028681 0.999541998 42.090152740
0.999421954 0.023791932 -0.024282260 -1.087524295 -0.023612220 0.999691844 0.007660979 0.088634193 0.024457041 -0.007083193 0.999675870 42.694992065
0.999454319 0.026925689 -0.019138148 -1.086096764 -0.026735228 0.999591172 0.010138994 0.078402132 0.019403325 -0.009621797 0.999765456 43.255374908
0.999381006 0.032656953 -0.013081208 -1.069947839 -0.032497350 0.999396980 0.012233553 0.055644453 0.013472831 -0.011800875 0.999839604 43.782722473
0.999390244 0.034648970 -0.004304186 -1.151353478 -0.034603458 0.999348760 0.010232393 0.104323655 0.004655925 -0.010077215 0.999938369 44.389564514
0.999261022 0.038310327 0.003119455 -1.155142784 -0.038340725 0.999211192 0.010349854 0.107038438 -0.002720488 -0.010461807 0.999941587 44.902374268
0.999048173 0.042299904 0.010652594 -1.154906273 -0.042405836 0.999051213 0.009922670 0.109915465 -0.010222758 -0.010364961 0.999894023 45.395359039
0.998735547 0.046806380 0.018341444 -1.149178743 -0.046945523 0.998871326 0.007230284 0.113582164 -0.017982319 -0.008082191 0.999805570 45.867752075
0.998460114 0.048861463 0.026269453 -1.143420339 -0.048990812 0.998790026 0.004302697 0.109966025 -0.026027428 -0.005583035 0.999645650 46.310531616
0.998194695 0.049317479 0.034282826 -1.132331371 -0.049485683 0.998766601 0.004074552 0.110652983 -0.034039591 -0.005763706 0.999403894 46.728809357
0.997912169 0.048892997 0.042201046 -1.110032916 -0.049166039 0.998775780 0.005455836 0.113999113 -0.041882627 -0.007519304 0.999094248 47.142898560
0.997445524 0.050506543 0.050513238 -1.089765072 -0.050887100 0.998684704 0.006275320 0.112436309 -0.050129846 -0.008829763 0.998703718 47.520408630
0.996783078 0.053559959 0.059622601 -1.082466125 -0.054046065 0.998516798 0.006569253 0.110362247 -0.059182324 -0.009770488 0.998199403 47.881050110
0.995962024 0.058500819 0.068098702 -1.055653095 -0.059031550 0.998239279 0.005805708 0.113672733 -0.067639165 -0.009802236 0.997661769 48.199287415
0.995126903 0.061942890 0.076717317 -1.020176649 -0.062570296 0.998023748 0.005799285 0.115890652 -0.076206475 -0.010571252 0.997035980 48.514507294
0.994396508 0.061323971 0.086110868 -0.992713928 -0.062112916 0.998047948 0.006510198 0.110462546 -0.085543551 -0.011822319 0.996264279 48.788684845
0.993428409 0.060030423 0.097449660 -0.969516754 -0.060786556 0.998139322 0.004806257 0.107311323 -0.096979789 -0.010698302 0.995228827 49.074142456
0.992374659 0.058029272 0.108743846 -0.914792061 -0.058412910 0.998292446 0.000343020 0.103464738 -0.108538255 -0.006692449 0.994069815 49.339233398
0.990665197 0.059963644 0.122421168 -0.889175415 -0.059983231 0.998193145 -0.003528837 0.095817059 -0.122411594 -0.003847323 0.992471933 49.606853485
0.988546252 0.061615244 0.137767777 -0.858263016 -0.061487883 0.998094440 -0.005184238 0.079072326 -0.137824684 -0.003346193 0.990451038 49.902225494
0.986089110 0.062995635 0.153817773 -0.802958012 -0.062640727 0.998010516 -0.007157697 0.099064231 -0.153962657 -0.002577129 0.988073289 50.117828369
0.983440101 0.063303016 0.169818342 -0.730075836 -0.062890090 0.997989893 -0.007814998 0.081198037 -0.169971704 -0.002994307 0.985444367 50.314270020
0.980096400 0.063115746 0.188221425 -0.680275917 -0.062465921 0.998003006 -0.009388246 0.095732272 -0.188438073 -0.002556039 0.982081771 50.533641815
0.976351798 0.061161447 0.207355693 -0.596858978 -0.060461536 0.998123288 -0.009717259 0.088467747 -0.207560852 -0.003049580 0.978217363 50.783676147
0.971822739 0.061447896 0.227563202 -0.533547401 -0.060624901 0.998104274 -0.010611360 0.081304431 -0.227783814 -0.003483637 0.973705471 51.048492432
0.966542125 0.063450389 0.248536721 -0.450280190 -0.062128577 0.997981310 -0.013166758 0.087393939 -0.248870403 -0.002715006 0.968533039 51.315662384
0.960370719 0.064566672 0.271144181 -0.375653267 -0.062885210 0.997909665 -0.014894656 0.077066839 -0.271539092 -0.002746566 0.962423503 51.533832550
0.953111649 0.065822445 0.295373768 -0.268642426 -0.063913390 0.997825265 -0.016124312 0.075050175 -0.295792699 -0.003510066 0.955245733 51.778934479
0.944664299 0.068009496 0.320911467 -0.179079056 -0.066100478 0.997670650 -0.016852964 0.059817493 -0.321310103 -0.005292013 0.946959257 51.972373962
0.934765518 0.070832998 0.348132342 -0.071287155 -0.068964869 0.997460842 -0.017772447 0.051320672 -0.348507255 -0.007395832 0.937276900 52.222625732
0.923495293 0.072185300 0.376756757 0.048984528 -0.069919899 0.997357965 -0.019704692 0.056461453 -0.377183706 -0.008145602 0.926102638 52.496803284
0.910960019 0.069792584 0.406547546 0.172870636 -0.066897273 0.997531474 -0.021349430 0.040897489 -0.407033980 -0.007748442 0.913380206 52.685222626
0.895960093 0.066614456 0.439110667 0.328969955 -0.062377997 0.997761905 -0.024087735 0.035022378 -0.439732462 -0.005809196 0.898110092 52.983993530
0.878901243 0.066187665 0.472389638 0.496229172 -0.059927378 0.997801363 -0.028306916 0.030082464 -0.473224491 -0.003430090 0.880935252 53.158927917
0.859463394 0.067821234 0.506678462 0.665390015 -0.059204455 0.997696221 -0.033119507 0.017078638 -0.507757425 -0.001532617 0.861498773 53.370197296
0.837565601 0.068383805 0.542040050 0.838735580 -0.057093862 0.997658908 -0.037642710 0.021462560 -0.543345273 0.000581073 0.839509130 53.643814087
0.812498868 0.072649673 0.578418195 1.020164490 -0.059626464 0.997357249 -0.041511931 0.007959366 -0.579905450 -0.000760642 0.814683557 53.868766785
0.785302401 0.077276647 0.614270687 1.220634460 -0.063536644 0.997000337 -0.044197716 -0.028601289 -0.615843534 -0.004320123 0.787856638 54.075180054
0.755241513 0.081380993 0.650374830 1.457094193 -0.066954598 0.996650338 -0.046959840 -0.041760683 -0.652017891 -0.008079557 0.758160591 54.313789368
0.722231448 0.082442068 0.686720371 1.723592758 -0.066651478 0.996545732 -0.049539074 -0.056798697 -0.688432455 -0.009992246 0.725231647 54.549232483
0.685545027 0.079879634 0.723634720 1.996685028 -0.062734209 0.996746898 -0.050595492 -0.074108481 -0.725322306 -0.010711161 0.688326120 54.763534546
0.646351278 0.078561336 0.758984923 2.298646927 -0.060069896 0.996837497 -0.052025564 -0.095096231 -0.760671854 -0.011965356 0.649026394 54.978828430
0.603589892 0.077962942 0.793474078 2.629074097 -0.058092877 0.996862888 -0.053756110 -0.116026402 -0.795175791 -0.013648555 0.606225371 55.199787140
0.557385266 0.077669054 0.826613188 2.980123520 -0.054013826 0.996897817 -0.057247564 -0.130863786 -0.828495145 -0.012739602 0.559851348 55.402351379
0.509189665 0.077005997 0.857202411 3.342388153 -0.051647700 0.996928155 -0.058878712 -0.151056886 -0.859103203 -0.014292104 0.511602759 55.583572388
0.460383683 0.074948385 0.884550452 3.750856400 -0.049356926 0.997049332 -0.058791563 -0.171295524 -0.886346877 -0.016592016 0.462724477 55.763092041
0.412863016 0.072093531 0.907935321 4.163980484 -0.048676439 0.997184217 -0.057045713 -0.208692789 -0.909491420 -0.020642992 0.415209919 55.888237000
0.364118636 0.071282692 0.928620696 4.637924194 -0.050801985 0.997102439 -0.056619670 -0.223042130 -0.929966092 -0.026559504 0.366684884 56.036777496
0.313750267 0.072553173 0.946729541 5.082418442 -0.049801648 0.996961415 -0.059898231 -0.242949605 -0.948198557 -0.028355606 0.316410184 56.172237396
0.268300474 0.068136141 0.960922599 5.517473221 -0.036352672 0.997501194 -0.060579717 -0.273221493 -0.962649107 -0.018678535 0.270106971 56.207450867
0.223079890 0.063351288 0.972739398 6.040354729 -0.024809042 0.997931600 -0.059302475 -0.297020853 -0.974484444 -0.010903548 0.224190205 56.319061279
0.181038082 0.062697358 0.981475592 6.528809547 -0.018399516 0.998007059 -0.060359523 -0.336688876 -0.983303905 -0.007131302 0.181830943 56.359321594
0.142241031 0.064447455 0.987731755 6.940037727 -0.016841648 0.997891247 -0.062685028 -0.376350522 -0.989688694 -0.007718649 0.143026471 56.371315002
0.109185748 0.065071762 0.991889238 7.483336449 -0.008114973 0.997880101 -0.064571492 -0.408636659 -0.993988276 -0.000998865 0.109482318 56.408267975
0.080421135 0.063531741 0.994734228 8.040592194 -0.000685298 0.997970045 -0.063682996 -0.439919591 -0.996760726 0.004439767 0.080301419 56.424499512
0.055506065 0.061570410 0.996558130 8.606414795 0.006308424 0.998055339 -0.062014259 -0.476064831 -0.998438478 0.009728881 0.055009700 56.435073853
0.035945527 0.060692489 0.997509062 9.188543320 0.010967449 0.998070061 -0.061121836 -0.500854552 -0.999293506 0.013137185 0.035210513 56.430854797
0.019902147 0.062519819 0.997845232 9.774352074 0.014163828 0.997925162 -0.062807329 -0.528745711 -0.999701560 0.015383311 0.018975325 56.431537628
0.006319568 0.062389608 0.998031855 10.390738487 0.014351214 0.997943282 -0.062474947 -0.559546590 -0.999877036 0.014717786 0.005411208 56.436386108
-0.004731938 0.062958606 0.998004973 10.990252495 0.015386568 0.997902513 -0.062879190 -0.602298677 -0.999870420 0.015058331 -0.005690724 56.409530640
-0.014167935 0.065941207 0.997722983 11.595789909 0.019835331 0.997645259 -0.065654412 -0.633727431 -0.999702811 0.018859971 -0.015442535 56.408657074
-0.020900548 0.067862660 0.997475743 12.222571373 0.025065424 0.997415662 -0.067333356 -0.662369967 -0.999467313 0.023594847 -0.022547528 56.395359039
-0.025183588 0.067390457 0.997408807 12.920000076 0.024069957 0.997476757 -0.066787310 -0.696364164 -0.999393046 0.022325646 -0.026742071 56.372829437
-0.028971225 0.064713851 0.997483253 13.553215027 0.022016890 0.997701347 -0.064088538 -0.730403423 -0.999337733 0.020104753 -0.030329421 56.362129211
-0.032292604 0.057769634 0.997807503 14.201448441 0.019237723 0.998179138 -0.057168543 -0.773833573 -0.999293268 0.017349426 -0.033345148 56.352333069
-0.032684475 0.052130364 0.998105288 14.928215027 0.021628059 0.998441935 -0.051439695 -0.805755258 -0.999231696 0.019905798 -0.033761024 56.315982819
-0.033204868 0.049913857 0.998201430 15.611559868 0.023565145 0.998513520 -0.049145576 -0.833734214 -0.999170721 0.021890888 -0.034331739 56.295280457
-0.032382503 0.052220799 0.998110354 16.308368683 0.027406307 0.998304963 -0.051341821 -0.871259332 -0.999099731 0.025691943 -0.033758804 56.250896454
-0.033060580 0.059261192 0.997694910 17.044294357 0.027937587 0.997905314 -0.058347918 -0.913303614 -0.999062777 0.025944175 -0.034646958 56.279338837
-0.029226132 0.068344027 0.997233629 17.797807693 0.029453713 0.997285426 -0.067484386 -0.907750845 -0.999138772 0.027399929 -0.031159783 56.225131989
-0.027248533 0.068787560 0.997259080 18.532773972 0.030332062 0.997227073 -0.067956567 -0.943623185 -0.999168396 0.028397212 -0.029259443 56.209220886
-0.025275102 0.064746350 0.997581661 19.272661209 0.029008284 0.997527659 -0.064007878 -0.980033040 -0.999259591 0.027320325 -0.027090793 56.196521759
-0.022844438 0.058182336 0.998044491 20.017375946 0.028545445 0.997936010 -0.057522636 -1.026967764 -0.999331355 0.027175551 -0.024458125 56.179718018
-0.019635562 0.056433778 0.998213172 20.771133423 0.026853653 0.998075306 -0.055897739 -1.068649888 -0.999446571 0.025708091 -0.021113221 56.170021057
-0.016852517 0.061666626 0.997954488 21.500038147 0.034865517 0.997525513 -0.061051331 -1.118546247 -0.999249935 0.033765335 -0.018960856 56.154590607
-0.012688719 0.067308888 0.997651517 22.230449677 0.036909312 0.997083366 -0.066801123 -1.157975554 -0.999238014 0.035975013 -0.015136043 56.129913330
-0.010187069 0.068138689 0.997623742 22.978523254 0.030487377 0.997233033 -0.067800671 -1.193505406 -0.999483168 0.029724248 -0.012236254 56.128982544
-0.007309826 0.063860402 0.997932076 23.719287872 0.025423657 0.997648001 -0.063655995 -1.244872689 -0.999650002 0.024905765 -0.008916201 56.142311096
-0.002480933 0.060363069 0.998173416 24.438629150 0.029801514 0.997737646 -0.060262639 -1.299654961 -0.999552727 0.029597573 -0.004274234 56.140468597
0.000225374 0.061046287 0.998134971 25.231704712 0.033516929 0.997573733 -0.061019525 -1.356940031 -0.999438107 0.033468172 -0.001821255 56.165328979
0.003574742 0.066364847 0.997789025 25.930383682 0.033877987 0.997214615 -0.066448011 -1.377540231 -0.999419630 0.034040626 0.001316477 56.141822815
0.006806778 0.067018203 0.997728527 26.671659470 0.030530138 0.997272611 -0.067195863 -1.424700379 -0.999510586 0.030918181 0.004742132 56.170013428
0.009338606 0.066484034 0.997743726 27.460634232 0.029734746 0.997327566 -0.066734605 -1.472556472 -0.999514163 0.030290870 0.007336762 56.227165222
0.013422665 0.063239947 0.997908056 28.248645782 0.033178262 0.997420251 -0.063655309 -1.532071471 -0.999359429 0.033963278 0.011289847 56.208045959
0.016860990 0.063651614 0.997829735 28.992815018 0.037653159 0.997223198 -0.064249188 -1.578294396 -0.999148667 0.038654745 0.014417487 56.214740753
0.020656999 0.064525373 0.997702241 29.738250732 0.040231306 0.997053206 -0.065316372 -1.622768402 -0.998976827 0.041488104 0.018000187 56.227088928
0.023228185 0.064523295 0.997645795 30.491741180 0.040749647 0.997024536 -0.065431893 -1.668007135 -0.998899400 0.042173579 0.020529769 56.245422363
0.026789436 0.062687181 0.997673571 31.240238190 0.042268638 0.997068107 -0.063784137 -1.717478752 -0.998746991 0.043879043 0.024061192 56.260192871
0.030945143 0.061902504 0.997602403 31.998100281 0.044289593 0.997015059 -0.063239902 -1.759329081 -0.998539329 0.046140373 0.028111139 56.278820038
0.033476502 0.061864007 0.997523010 32.777149200 0.042496413 0.997091532 -0.063263424 -1.814151764 -0.998535693 0.044508990 0.030750144 56.315025330
0.036511358 0.063911498 0.997287452 33.517662048 0.039936442 0.997062266 -0.065359168 -1.851895094 -0.998534977 0.042214468 0.033851702 56.348548889
0.039595440 0.064019069 0.997162819 34.251777649 0.041643921 0.996972620 -0.065660454 -1.891657591 -0.998347640 0.044125624 0.036809564 56.367603302
0.042324465 0.063554734 0.997080445 35.024276733 0.039958287 0.997068524 -0.065250136 -1.943738937 -0.998304605 0.042603299 0.039660856 56.407417297
0.044424772 0.063831270 0.996971428 35.789970398 0.037542649 0.997144997 -0.065515280 -1.987811804 -0.998306990 0.040339451 0.041901544 56.450939178
0.047600441 0.063566104 0.996841729 36.547561646 0.034453508 0.997274637 -0.065238915 -2.045727730 -0.998272061 0.037450098 0.045280639 56.486629486
0.049819261 0.066385046 0.996549547 37.325347900 0.032830182 0.997140467 -0.068065658 -2.082772970 -0.998218477 0.036107887 0.047497369 56.554119110
0.053322334 0.069285087 0.996170819 38.093994141 0.031533469 0.996975660 -0.071028955 -2.142470360 -0.998079360 0.035200153 0.050976265 56.589218140
0.058132473 0.071911544 0.995715499 38.850902557 0.032579117 0.996734142 -0.073887177 -2.177975178 -0.997777164 0.036734775 0.055599816 56.605449677
0.060060792 0.074089900 0.995441437 39.738079071 0.026869204 0.996760368 -0.075809263 -2.241909027 -0.997832954 0.031299885 0.057875484 56.713958740
0.062519848 0.073220327 0.995354235 40.524589539 0.023224438 0.996928453 -0.074794903 -2.291630745 -0.997773468 0.027792703 0.060627311 56.775661469
0.066066332 0.073355623 0.995115101 41.309902191 0.025425520 0.996846378 -0.075171262 -2.352425575 -0.997491241 0.030267613 0.063992880 56.829795837
0.070204012 0.074636631 0.994736493 42.098545074 0.024720119 0.996760488 -0.076533139 -2.406975031 -0.997226298 0.029962942 0.068131566 56.884464264
0.074044980 0.075864434 0.994365156 42.894676208 0.020552803 0.996774375 -0.077578709 -2.455957413 -0.997043073 0.026181303 0.072246917 56.953788757
0.078232512 0.073608860 0.994213939 43.695919037 0.019562427 0.996965051 -0.075351879 -2.515001297 -0.996743202 0.025344202 0.076555125 57.018749237
0.082573585 0.073522203 0.993869245 44.500240326 0.020018335 0.996951342 -0.075413398 -2.575955868 -0.996383846 0.026122764 0.080850072 57.101341248
0.087490752 0.076934546 0.993190050 45.289180756 0.015289897 0.996792138 -0.078560472 -2.641363144 -0.996047974 0.022059090 0.086033776 57.186237335
0.092675790 0.085464664 0.992021739 46.034576416 0.014187393 0.996095002 -0.087140992 -2.697703600 -0.995595157 0.022150062 0.091101371 57.269824982
0.101529658 0.090396360 0.990717053 46.852447510 0.012264000 0.995673656 -0.092105463 -2.762717009 -0.994756877 0.021501590 0.099981792 57.322494507
0.108358972 0.094300106 0.989629149 47.591537476 0.007005509 0.995393515 -0.095616460 -2.812562466 -0.994087160 0.017293755 0.107199222 57.430843353
0.115151539 0.092492238 0.989032567 48.410411835 0.002945637 0.995619476 -0.093451187 -2.883421183 -0.993343592 0.013674377 0.114374667 57.543891907
0.122911364 0.090566389 0.988276601 49.226821899 0.003104613 0.995787263 -0.091640808 -2.955562830 -0.992412746 0.014331913 0.122112423 57.649963379
0.130297810 0.087017760 0.987648904 50.046306610 0.002506791 0.996109009 -0.088093854 -3.025098801 -0.991471708 0.013954266 0.129572690 57.762256622
0.138281152 0.081265546 0.987053216 50.862915039 0.000872803 0.996617496 -0.082175232 -3.093392134 -0.990392625 0.012224790 0.137742490 57.873359680
0.144819707 0.074240111 0.986668944 51.689846039 -0.001949080 0.997200668 -0.074746460 -3.155066967 -0.989456177 0.008901661 0.144558996 58.018379211
0.152708620 0.071799979 0.985659599 52.497028351 -0.001922854 0.997376978 -0.072355598 -3.215589762 -0.988269329 0.009154047 0.152446136 58.142509460
0.160084426 0.073605001 0.984355271 53.283329010 -0.001823983 0.997236371 -0.074271537 -3.273478746 -0.987101674 0.010094269 0.159776270 58.275474548
0.165046886 0.079054832 0.983112335 54.059288025 -0.000918807 0.996794343 -0.080000795 -3.346681595 -0.986285269 0.012300590 0.164590448 58.419235229
0.170643583 0.083823502 0.981760859 54.809967041 -0.001740530 0.996398985 -0.084770776 -3.383306742 -0.985331297 0.012756808 0.170174986 58.540161133
0.175417721 0.086982116 0.980643988 55.594783783 -0.003075129 0.996132851 -0.087805882 -3.446494579 -0.984489322 0.012387102 0.175006866 58.691772461
0.180878296 0.085801475 0.979755640 56.362350464 -0.005727259 0.996262252 -0.086189695 -3.519349575 -0.983488798 0.009978529 0.180693626 58.838951111
0.186161041 0.083055414 0.979002535 57.134185791 -0.001168500 0.996438622 -0.084312454 -3.578291655 -0.982518554 0.014551730 0.185595125 58.981407166
0.190560728 0.076922007 0.978657067 57.896846771 -0.000918780 0.996938765 -0.078180052 -3.632609129 -0.981674969 0.013998878 0.190048039 59.134429932
0.193548203 0.070469551 0.978556693 58.651584625 -0.003397015 0.997459233 -0.071158901 -3.700941086 -0.981084943 0.010448506 0.193295822 59.293281555
0.197089583 0.067430854 0.978063822 59.391433716 -0.005920258 0.997695506 -0.067591347 -3.747329712 -0.980367601 0.007531158 0.197034582 59.449539185
0.200497910 0.067443058 0.977369964 60.124050140 -0.008224213 0.997708380 -0.067159377 -3.804249763 -0.979659617 0.005427217 0.200593129 59.604621887
0.202982843 0.069002911 0.976747930 60.832313538 -0.009480361 0.997605681 -0.068506263 -3.856198311 -0.979136407 0.004645672 0.203151017 59.748504639
0.203978628 0.074209243 0.976158679 61.532913208 -0.013619345 0.997241497 -0.072966099 -3.899984360 -0.978880644 0.001588883 0.204426616 59.910106659
0.205764189 0.077170834 0.975554049 62.199928284 -0.014325754 0.997016668 -0.075847030 -3.964668512 -0.978496671 0.001631055 0.206255823 60.076393127
0.206678972 0.082542919 0.974920809 62.880058289 -0.015142809 0.996585488 -0.081166990 -4.016023636 -0.978291571 0.002012468 0.207223192 60.238918304
0.208667234 0.084434435 0.974335015 63.565891266 -0.014168824 0.996422589 -0.083314054 -4.068776131 -0.977884114 0.003579731 0.209117115 60.385898590
0.210437521 0.084610350 0.973938942 64.242103577 -0.016919957 0.996413648 -0.082906961 -4.121428013 -0.977460742 0.000967730 0.211114466 60.537036896
0.211037487 0.081742719 0.974054039 64.910247803 -0.016516743 0.996653140 -0.080060743 -4.176630974 -0.977338433 0.000807618 0.211681306 60.685035706
0.211664706 0.078887619 0.974153340 65.576957703 -0.017128848 0.996883333 -0.077006556 -4.233159065 -0.977192223 -0.000386556 0.212356314 60.836235046
0.210346326 0.077073142 0.974584103 66.224830627 -0.015652662 0.997025192 -0.075469509 -4.290706635 -0.977501571 0.000619901 0.210927024 60.995819092
0.209700808 0.076817267 0.974743366 66.872726440 -0.016637651 0.997045040 -0.074995473 -4.340315819 -0.977624059 -0.000490826 0.210359216 61.137050629
0.207899868 0.077896751 0.975043476 67.489723206 -0.017246351 0.996960878 -0.075970471 -4.384813786 -0.977998018 -0.001021693 0.208611473 61.265266418
0.206241906 0.080315381 0.975199282 68.107261658 -0.017540582 0.996769011 -0.078382201 -4.434905052 -0.978343785 -0.000939867 0.206984341 61.394824982
0.204331741 0.084392935 0.975257099 68.702133179 -0.015843984 0.996431470 -0.082905665 -4.487860680 -0.978773475 0.001488304 0.204939663 61.515609741
0.202676758 0.084768362 0.975569785 69.315650940 -0.013056099 0.996391594 -0.083865173 -4.532790184 -0.979158640 0.004260382 0.203052133 61.640361786
0.200247601 0.083853684 0.976150334 69.906707764 -0.014325677 0.996474922 -0.082660832 -4.578305721 -0.979640603 0.002568617 0.200742945 61.767799377
0.198167518 0.081250742 0.976794839 70.487274170 -0.014776835 0.996692717 -0.079908036 -4.622447014 -0.980056703 0.001401243 0.198712781 61.880744934
0.196206599 0.077129647 0.977524459 71.075897217 -0.014434593 0.997020841 -0.075770698 -4.675554276 -0.980456293 0.000756541 0.196735412 62.001800537
0.194067076 0.076182030 0.978025734 71.632469177 -0.011030735 0.997086525 -0.075477950 -4.724214554 -0.980926275 0.003859443 0.194342017 62.110805511
0.192018539 0.077718288 0.978309155 72.182510376 -0.007539899 0.996946812 -0.077718996 -4.761734962 -0.981362224 0.007547136 0.192018300 62.217735291
0.189406171 0.080439217 0.978598416 72.734504700 -0.004535327 0.996699870 -0.081049316 -4.795907974 -0.981888294 0.010912973 0.189145908 62.328369141
0.187566370 0.081540860 0.978861690 73.285278320 -0.005079415 0.996615529 -0.082046501 -4.848822594 -0.982238770 0.010417119 0.187345758 62.440246582
0.185930476 0.083986230 0.978966951 73.829246521 -0.005398569 0.996412456 -0.084457561 -4.892020226 -0.982547939 0.010418215 0.185716867 62.548313141
0.184547499 0.082752235 0.979333580 74.377037048 -0.003738099 0.996500850 -0.083498418 -4.933115959 -0.982816458 0.011748582 0.184211105 62.654678345
0.185728580 0.080917083 0.979263663 74.934913635 0.002828805 0.996555328 -0.082882412 -4.975958347 -0.982597053 0.018163778 0.184859917 62.745201111
0.187556788 0.078885704 0.979080856 75.487777710 0.007248479 0.996631563 -0.081688315 -5.018953323 -0.982227087 0.022418046 0.186353207 62.849311829
0.188983545 0.078239962 0.978858411 76.037773132 0.009799601 0.996620834 -0.081551671 -5.063117027 -0.981931388 0.025004344 0.187578231 62.968032837
0.193098411 0.077937156 0.978079259 76.602851868 0.007818990 0.996686339 -0.080963515 -5.106243134 -0.981148303 0.023281520 0.191849142 63.070869446
0.198241144 0.079113841 0.976955235 77.160644531 0.006117372 0.996617854 -0.081947446 -5.147449970 -0.980134189 0.022221753 0.197086692 63.192581177
0.205647618 0.077271335 0.975570679 77.721557617 0.008099610 0.996709228 -0.080653019 -5.196412086 -0.978592575 0.024487846 0.204345018 63.306663513
0.212394327 0.078000322 0.974066079 78.297523499 0.005050005 0.996708155 -0.080914594 -5.231003761 -0.977171004 0.022104839 0.211301297 63.448150635
0.221232906 0.075540252 0.972290993 78.873046875 0.005827994 0.996875226 -0.078776360 -5.278854847 -0.975203574 0.023094429 0.220101371 63.581520081
0.230416954 0.075791836 0.970135868 79.509056091 0.001544045 0.996932387 -0.078252040 -5.320575714 -0.973090768 0.019528534 0.229593068 63.734600067
0.239844948 0.075527146 0.967868745 80.096961975 0.000544089 0.996958375 -0.077931970 -5.362119198 -0.970811069 0.019218197 0.239074335 63.892436981
0.249091759 0.079642884 0.965199649 80.681877136 -0.005106858 0.996707082 -0.080924772 -5.402547836 -0.968466461 0.015228559 0.248678252 64.064361572
0.258802921 0.081659973 0.962472141 81.284858704 -0.008240198 0.996570408 -0.082337260 -5.447501183 -0.965894997 0.013378164 0.258588225 64.237892151
0.269409657 0.084034815 0.959352195 81.881973267 -0.011824918 0.996399045 -0.083959214 -5.491304398 -0.962953150 0.011275162 0.269433230 64.416870117
0.279813468 0.085826807 0.956210375 82.514869690 -0.013716581 0.996251702 -0.085406944 -5.545264244 -0.959956467 0.010782079 0.279941916 64.615242004
0.289705336 0.086558394 0.953193784 83.127212524 -0.016419683 0.996205151 -0.085473746 -5.592796326 -0.956974983 0.009111063 0.290027201 64.808387756
0.299786210 0.087297074 0.950003862 83.740287781 -0.017581550 0.996140897 -0.085988574 -5.637163162 -0.953844309 0.009075650 0.300164163 65.016906738
0.310930669 0.087979928 0.946351647 84.378730774 -0.021487288 0.996102452 -0.085545324 -5.684243202 -0.950189650 0.006264131 0.311609268 65.219764709
0.320796341 0.083143473 0.943491817 84.956817627 -0.020549988 0.996516109 -0.080828957 -5.728664398 -0.946925223 0.006540885 0.321387380 65.429519653
0.331549644 0.075941265 0.940376341 85.630989075 -0.016790647 0.997072220 -0.074599907 -5.776316643 -0.943288326 0.008944043 0.331854075 65.670722961
0.342098504 0.071643777 0.936928868 86.298393250 -0.015376340 0.997382462 -0.070652120 -5.826898575 -0.939538300 0.009763451 0.342304707 65.922752380
0.352466494 0.068285041 0.933329701 86.980895996 -0.015822228 0.997626603 -0.067013994 -5.871951580 -0.935690701 0.008852835 0.352710307 66.185943604
0.362371355 0.066146284 0.929683566 87.675155640 -0.010084875 0.997698426 -0.067054600 -5.911722183 -0.931979239 0.014922924 0.362204403 66.448699951
0.371135592 0.060200583 0.926625133 88.380516052 -0.002278354 0.997952282 -0.063921995 -5.948501587 -0.928575873 0.021612547 0.370512724 66.719116211
0.378248692 0.051199883 0.924286962 89.115135193 0.006789381 0.998289049 -0.058077589 -5.986759663 -0.925679088 0.028243111 0.377253890 67.011306763
0.385429412 0.046255160 0.921577215 89.840049744 0.012646861 0.998384178 -0.055399470 -6.033025265 -0.922650635 0.033007644 0.384221643 67.309692383
0.392570078 0.046264514 0.918557763 90.541168213 0.014748141 0.998288929 -0.056583304 -6.072290421 -0.919603825 0.035759930 0.391216040 67.599830627
0.400092036 0.052637696 0.914962113 91.254234314 0.016873889 0.997756839 -0.064779446 -6.110559464 -0.916319609 0.041356705 0.398306370 67.909515381
0.407379150 0.057061780 0.911474764 91.969238281 0.020895043 0.997202456 -0.071767606 -6.147332191 -0.913020074 0.048281927 0.405047178 68.224601746
0.412725478 0.059161700 0.908932090 92.689414978 0.019049330 0.997109532 -0.073550962 -6.199445724 -0.910656214 0.047670905 0.410405517 68.554016113
0.417063177 0.060625821 0.906853318 93.396919250 0.011905768 0.997322738 -0.072149456 -6.255203247 -0.908799469 0.040887665 0.415224910 68.893318176
0.420277476 0.064809747 0.905078232 94.063987732 0.004772169 0.997274399 -0.073627591 -6.305411339 -0.907383084 0.035263207 0.418822676 69.237915039
0.424797922 0.068077505 0.902724862 94.762184143 0.003645934 0.997031808 -0.076905191 -6.363859177 -0.905280828 0.035960436 0.423288852 69.558174133
0.429284573 0.071857035 0.900306344 95.445549011 0.000921497 0.996794581 -0.079997540 -6.419779301 -0.903168857 0.035171337 0.427842319 69.878387451
0.432889342 0.074838206 0.898335159 96.098602295 -0.001841725 0.996619225 -0.082138538 -6.470609665 -0.901445091 0.033902418 0.431563646 70.195068359
0.436658144 0.072744802 0.896681607 96.748931885 -0.002562565 0.996821880 -0.079620957 -6.537878513 -0.899623811 0.032469332 0.435456812 70.520118713
0.441146135 0.069714606 0.894723356 97.455924988 -0.000358238 0.996991813 -0.077506468 -6.582065582 -0.897435129 0.033871159 0.439844042 70.868865967
0.444400847 0.067184150 0.893305182 98.098335266 -0.000877328 0.997216046 -0.074562676 -6.634368420 -0.895827591 0.032351997 0.443222582 71.196456909
0.447904617 0.066470809 0.891606987 98.733955383 -0.002064597 0.997306764 -0.073313750 -6.685947418 -0.894078910 0.030996753 0.446835488 71.523757935
0.451516449 0.067512676 0.889704943 99.352928162 -0.003093949 0.997245848 -0.074102946 -6.738363266 -0.892257392 0.030705994 0.450481772 71.842491150
0.454298407 0.068220623 0.888233602 99.961738586 -0.002597083 0.997160673 -0.075258434 -6.790860176 -0.890845776 0.031882968 0.453185678 72.152008057
0.456293523 0.066189833 0.887364149 100.567108154 -0.000956462 0.997265518 -0.073895708 -6.848104954 -0.889828742 0.032869399 0.455109090 72.470397949
0.458122462 0.065094456 0.886502445 101.157890320 0.000891248 0.997280955 -0.073689312 -6.896668434 -0.888888597 0.034548823 0.456818759 72.767532349
0.460145622 0.064911559 0.885467410 101.758728027 -0.000252221 0.997333407 -0.072981112 -6.947036743 -0.887843430 0.033358604 0.458934933 73.082809448
0.462116390 0.064347178 0.884481728 102.335105896 0.000881174 0.997330368 -0.073017441 -6.996192932 -0.886818826 0.034521934 0.460825950 73.389732361
0.464644551 0.066291586 0.883012414 102.895576477 0.000570641 0.997171104 -0.075162254 -7.031404495 -0.885497034 0.035427611 0.463292390 73.682762146
0.467321426 0.066044293 0.881617188 103.441368103 0.003957718 0.997039557 -0.076788768 -7.078353882 -0.884078622 0.039374225 0.465676486 73.980247498
0.470862448 0.064966530 0.879811287 103.998184204 0.006146749 0.997019053 -0.076910950 -7.131148338 -0.882185161 0.041622456 0.469059497 74.259597778
0.474119425 0.063252278 0.878185630 104.501670837 0.007944144 0.997068226 -0.076103859 -7.190637589 -0.880424678 0.043058746 0.472226977 74.521675110
0.477807701 0.061867144 0.876283169 105.051506042 0.011893610 0.996970057 -0.076873019 -7.213660240 -0.878383934 0.047152683 0.475624114 74.821701050
0.481933594 0.060914081 0.874087691 105.294273376 0.012579076 0.996996701 -0.076415017 -7.249957085 -0.876117408 0.047822174 0.479720026 74.924301147
0.485473365 0.060135603 0.872180760 105.810142517 0.013411406 0.997001886 -0.076206908 -7.291621685 -0.874148548 0.048693594 0.483211398 75.210968018
0.489068180 0.059713118 0.870199203 106.324264526 0.014648369 0.996950984 -0.076643489 -7.335203171 -0.872122645 0.050230879 0.486702263 75.497596741
0.492579997 0.060779188 0.868142188 106.824981689 0.014318050 0.996857285 -0.077914611 -7.379857063 -0.870149434 0.050809272 0.490161657 75.794250488
0.496838480 0.061165996 0.865684867 107.330474854 0.016303314 0.996679425 -0.079778448 -7.422484875 -0.867689967 0.053750534 0.494191349 76.086227417
0.501497209 0.064313792 0.862765431 107.815353394 0.014091608 0.996493697 -0.082473382 -7.473900795 -0.865044415 0.053517926 0.498832464 76.376480103
0.506658554 0.069991775 0.859301031 108.310729980 0.010692946 0.996112466 -0.087440081 -7.522144794 -0.862080574 0.053490721 0.503940463 76.683395386
0.512525797 0.077023648 0.855210245 108.784408569 0.004701589 0.995702207 -0.092494555 -7.580136776 -0.858658969 0.051426686 0.509960830 76.977554321
0.518646777 0.083211549 0.850929677 109.272491455 -0.000009339 0.995253265 -0.097319111 -7.629655838 -0.854988635 0.050466292 0.516185641 77.294677734
0.524941862 0.087821640 0.846595287 109.764282227 -0.003454271 0.994874179 -0.101061530 -7.673086643 -0.851131141 0.050127059 0.522554517 77.614685059
0.531441689 0.088057682 0.842505574 110.263267517 -0.007502459 0.995032609 -0.099267162 -7.725232124 -0.847061694 0.046433851 0.529462397 77.902359009
0.536868393 0.087744318 0.839090705 110.770843506 -0.015053183 0.995414972 -0.094459899 -7.774856091 -0.843531728 0.038081549 0.535727680 78.241516113
0.542949319 0.084695488 0.835483491 111.228477478 -0.020647822 0.995946646 -0.087543882 -7.842391968 -0.839511633 0.030280977 0.542497337 78.552330017
0.549349189 0.083033048 0.831457198 111.731338501 -0.027831649 0.996316612 -0.081108116 -7.898962021 -0.835129321 0.021415848 0.549636602 78.878723145
0.553586006 0.081443913 0.828800023 112.239822388 -0.030369665 0.996518910 -0.077640168 -7.940161228 -0.832238078 0.017810127 0.554132283 79.290199280
0.559911788 0.084981687 0.824182510 112.754737854 -0.035255861 0.996268928 -0.078774333 -7.983703613 -0.827801704 0.015049407 0.560818732 79.654724121
0.565989912 0.088862024 0.819609046 113.272117615 -0.038959607 0.995946229 -0.081076503 -8.025783539 -0.823491156 0.013956834 0.567157507 80.031509399
0.571858525 0.092093803 0.815166652 113.798370361 -0.041949615 0.995661616 -0.083056644 -8.073802948 -0.819279015 0.013300724 0.573240757 80.422576904
0.578492522 0.094625503 0.810180545 114.334899902 -0.044590287 0.995431662 -0.084423281 -8.117651939 -0.814467967 0.012712047 0.580069244 80.805953979
