1.000000000 0.000000000 0.000000000 0.000000000 0.000000000 1.000000000 0.000000000 0.000000000 0.000000000 0.000000000 1.000000000 0.000000000
0.999999881 -0.000425793 -0.000135962 -0.007166225 0.000426012 0.999998629 0.001615846 -0.017157415 0.000135273 -0.001615904 0.999998689 1.327907324
0.999998629 -0.001556919 -0.000591235 -0.011691297 0.001557840 0.999997556 0.001559833 -0.034005530 0.000588805 -0.001560752 0.999998629 2.651165247
0.999993920 -0.003418275 -0.000716822 -0.012378924 0.003418663 0.999993980 0.000541032 -0.051714525 0.000714968 -0.000543479 0.999999583 3.984070301
0.999993503 -0.003549712 -0.000609503 -0.014613980 0.003550225 0.999993324 0.000842279 -0.079299122 0.000606509 -0.000844437 0.999999464 5.310843468
0.999990880 -0.004273801 -0.000205237 -0.025289053 0.004274186 0.999989033 0.001915382 -0.099683791 0.000197049 -0.001916241 0.999998152 6.645721436
0.999983728 -0.005711842 -0.000048388 -0.028087249 0.005711957 0.999979556 0.002862794 -0.116030946 0.000032035 -0.002863024 0.999995887 7.988568783
0.999987602 -0.004965191 -0.000443357 -0.033224702 0.004966608 0.999982357 0.003250248 -0.136217520 0.000427211 -0.003252410 0.999994636 9.322084427
0.999992311 -0.003870667 -0.000656194 -0.043749806 0.003871678 0.999991238 0.001544588 -0.152758658 0.000650210 -0.001547116 0.999998629 10.660786629
0.999998629 -0.001412425 -0.000907602 -0.046225928 0.001411691 0.999998629 -0.000807933 -0.170506418 0.000908742 0.000806650 0.999999285 12.022588730
0.999997854 0.001955444 -0.000590314 -0.058025919 -0.001956348 0.999996901 -0.001534192 -0.197042674 0.000587312 0.001535344 0.999998569 13.357145309
0.999990463 0.004330742 -0.000471529 -0.069631562 -0.004331470 0.999989390 -0.001556174 -0.221642226 0.000464784 0.001558201 0.999998689 14.713624001
0.999984920 0.005469652 -0.000510974 -0.070959650 -0.005470077 0.999984682 -0.000834656 -0.239952073 0.000506401 0.000837439 0.999999523 16.064432144
0.999994993 0.003197218 -0.000101394 -0.077968001 -0.003196947 0.999991536 0.002567030 -0.281080097 0.000109601 -0.002566692 0.999996722 17.445827484
0.999999285 -0.001175775 0.000075948 -0.079089336 0.001175414 0.999988794 0.004587797 -0.300946891 -0.000081341 -0.004587705 0.999989510 18.818492889
0.999994636 -0.003276559 -0.000220428 -0.081270978 0.003276942 0.999993086 0.001762294 -0.310050875 0.000214652 -0.001763006 0.999998450 20.184816360
0.999989629 -0.004501360 -0.000591541 -0.073841974 0.004501153 0.999989808 -0.000350050 -0.327818215 0.000593111 0.000347384 0.999999762 21.550436020
0.999997199 -0.002348706 0.000329935 -0.087511279 0.002349315 0.999995470 -0.001858222 -0.348865986 -0.000325569 0.001858992 0.999998212 22.913503647
0.999999464 0.000484465 0.000928047 -0.089561462 -0.000484581 0.999999821 0.000124940 -0.369496256 -0.000927987 -0.000125389 0.999999583 24.300008774
0.999997735 0.001599974 0.001373123 -0.103454314 -0.001605123 0.999991596 0.003757512 -0.393623471 -0.001367099 -0.003759708 0.999992013 25.677125931
0.999997616 -0.000577163 0.002118456 -0.112030625 0.000565200 0.999983907 0.005642974 -0.403092325 -0.002121679 -0.005641763 0.999981880 27.050783157
0.999990582 -0.003656825 0.002335027 -0.118663505 0.003648791 0.999987483 0.003435511 -0.416464597 -0.002347560 -0.003426959 0.999991417 28.415212631
0.999989331 -0.004078296 0.002180581 -0.122112453 0.004075371 0.999990821 0.001344186 -0.435896844 -0.002186043 -0.001335285 0.999996781 29.819078445
0.999985933 -0.004784102 0.002302350 -0.110791020 0.004786653 0.999987960 -0.001103553 -0.466030627 -0.002297043 0.001114558 0.999996662 31.232414246
0.999993503 -0.001903065 0.003068661 -0.117127389 0.001907471 0.999997139 -0.001433537 -0.491631925 -0.003065925 0.001439381 0.999994218 32.630764008
0.999992490 -0.000180377 0.003891738 -0.129921094 0.000195892 0.999992073 -0.003986400 -0.515197754 -0.003890987 0.003987132 0.999984443 34.016075134
0.999994218 0.000324124 0.003377129 -0.126302019 -0.000313556 0.999995112 -0.003129151 -0.544059813 -0.003378127 0.003128075 0.999989331 35.425453186
0.999992549 0.000308502 0.003846673 -0.133665651 -0.000302094 0.999998689 -0.001666381 -0.570047796 -0.003847181 0.001665207 0.999991179 36.809249878
0.999995053 0.001729512 0.002636233 -0.135402620 -0.001729398 0.999998450 -0.000045404 -0.599956512 -0.002636308 0.000040844 0.999996483 38.257083893
0.999985516 0.004574117 0.002821084 -0.145993620 -0.004575273 0.999989390 0.000403264 -0.623754203 -0.002819210 -0.000416166 0.999995887 39.667011261
0.999972403 0.006811997 0.002973720 -0.148961067 -0.006812137 0.999976814 0.000036895 -0.647633791 -0.002973400 -0.000057152 0.999995530 41.086307526
0.999954462 0.009040714 0.003066977 -0.153887376 -0.009042849 0.999958873 0.000683029 -0.671873689 -0.003060676 -0.000710732 0.999995053 42.491176605
0.999940813 0.010373778 0.003280930 -0.167232662 -0.010373415 0.999946177 -0.000126827 -0.685625613 -0.003282069 0.000092785 0.999994636 43.906925201
0.999955475 0.009161646 0.002232273 -0.162587672 -0.009162653 0.999957860 0.000441715 -0.717373371 -0.002228132 -0.000462148 0.999997437 45.325584412
0.999964714 0.008241456 0.001625771 -0.165942341 -0.008241918 0.999965906 0.000276757 -0.740701914 -0.001623435 -0.000290146 0.999998629 46.738227844
0.999969423 0.007781709 0.000720696 -0.170046836 -0.007781694 0.999969661 -0.000022712 -0.757556021 -0.000720850 0.000017103 0.999999762 48.174465179
0.999965310 0.008299163 -0.000653060 -0.170803130 -0.008298743 0.999965370 0.000645107 -0.769712746 0.000658391 -0.000639664 0.999999642 49.612361908
0.999958456 0.009043540 -0.001112805 -0.195159405 -0.009043073 0.999958992 0.000425033 -0.790332496 0.001116603 -0.000414952 0.999999344 51.053775787
0.999963999 0.008071117 -0.002623552 -0.192875430 -0.008068589 0.999966979 0.000972827 -0.813951612 0.002631318 -0.000951624 0.999996006 52.447822571
0.999961734 0.007961342 -0.003620889 -0.205431163 -0.007953968 0.999966264 0.002046596 -0.833684325 0.003637061 -0.002017718 0.999991298 53.897319794
0.999965787 0.006906178 -0.004547657 -0.208077446 -0.006892307 0.999971509 0.003059183 -0.862517536 0.004568655 -0.003027735 0.999984920 55.350406647
0.999976516 0.005216020 -0.004447281 -0.226815879 -0.005203607 0.999982536 0.002798393 -0.873021722 0.004461800 -0.002775186 0.999986172 56.775016785
0.999975562 0.003795151 -0.005875545 -0.224655986 -0.003782219 0.999990404 0.002210918 -0.900345564 0.005883879 -0.002188642 0.999980330 58.253757477
0.999980569 0.001519161 -0.006042784 -0.232604444 -0.001500677 0.999994099 0.003062186 -0.925883770 0.006047401 -0.003053059 0.999976993 59.650333405
0.999986470 0.000179626 -0.005207124 -0.247339815 -0.000160952 0.999993503 0.003586402 -0.942251086 0.005207735 -0.003585514 0.999980032 61.081848145
0.999987900 -0.000647237 -0.004856758 -0.257817209 0.000667920 0.999990702 0.004258154 -0.963639140 0.004853957 -0.004261347 0.999979138 62.518520355
0.999987900 -0.002133478 -0.004416465 -0.265234500 0.002148153 0.999992192 0.003320711 -0.981696546 0.004409347 -0.003330159 0.999984741 63.958587646
0.999988258 -0.002716954 -0.004022080 -0.274117172 0.002726131 0.999993742 0.002278063 -0.999569297 0.004015866 -0.002289001 0.999989271 65.404838562
0.999992490 -0.001933165 -0.003343845 -0.279004335 0.001939931 0.999996066 0.002021370 -1.034207582 0.003339924 -0.002027842 0.999992371 66.849548340
0.999997318 -0.000365375 -0.002283364 -0.313500792 0.000368897 0.999998748 0.001542019 -1.042536020 0.002282798 -0.001542857 0.999996185 68.236198425
0.999996662 0.002299767 -0.001219354 -0.328593999 -0.002296011 0.999992549 0.003072752 -1.065670609 0.001226411 -0.003069942 0.999994576 69.645980835
0.999983907 0.005579836 -0.001015275 -0.333453774 -0.005575381 0.999975026 0.004339079 -1.089467287 0.001039461 -0.004333348 0.999990106 71.084236145
0.999941468 0.010822493 -0.000032424 -0.358321518 -0.010822235 0.999931216 0.004518933 -1.107781649 0.000081328 -0.004518317 0.999989808 72.536346436
0.999895692 0.014443473 0.000067462 -0.337694436 -0.014443631 0.999885440 0.004529357 -1.140140772 -0.000002034 -0.004529859 0.999989748 73.907691956
0.999829292 0.018459586 0.000772672 -0.362946838 -0.018462189 0.999823391 0.003510579 -1.152134299 -0.000707731 -0.003524246 0.999993563 75.345443726
0.999829769 0.018437611 0.000663827 -0.346101850 -0.018439654 0.999824882 0.003219563 -1.145327091 -0.000604350 -0.003231256 0.999994576 76.780708313
0.999839723 0.017862851 0.001238211 -0.353363276 -0.017867347 0.999833405 0.003722758 -1.164570689 -0.001171506 -0.003744285 0.999992251 78.186454773
0.999847293 0.017371630 0.001929870 -0.367401361 -0.017377153 0.999844849 0.002882018 -1.181472063 -0.001879506 -0.002915114 0.999993980 79.575897217
0.999856234 0.016879309 0.001615625 -0.369941235 -0.016882472 0.999855518 0.001967892 -1.208556414 -0.001582175 -0.001994885 0.999996722 80.983650208
0.999861717 0.016600603 0.000915431 -0.354303896 -0.016602492 0.999859929 0.002096670 -1.239781260 -0.000880497 -0.002111578 0.999997377 82.370414734
0.999863148 0.016542314 -0.000059542 -0.366569638 -0.016542202 0.999861896 0.001549315 -1.243581533 0.000085163 -0.001548118 0.999998748 83.834968567
0.999871254 0.016041581 0.000184282 -0.377191722 -0.016041830 0.999870181 0.001435685 -1.276694298 -0.000161227 -0.001438456 0.999998927 85.185905457
0.999878109 0.015483550 -0.002001667 -0.340706140 -0.015479187 0.999877810 0.002178189 -1.307296753 0.002035149 -0.002146939 0.999995649 86.575119019
0.999896765 0.014068213 -0.002920624 -0.350208789 -0.014059876 0.999897063 0.002855828 -1.322101355 0.002960499 -0.002814469 0.999991715 87.961265564
0.999912560 0.012590829 -0.004037829 -0.356990159 -0.012574855 0.999913096 0.003957948 -1.349936724 0.004087312 -0.003906827 0.999984086 89.339073181
0.999930680 0.010775115 -0.004744423 -0.383646339 -0.010755210 0.999933302 0.004201127 -1.368869781 0.004789374 -0.004149809 0.999979913 90.742164612
0.999947071 0.008312167 -0.006069271 -0.385361403 -0.008284748 0.999955416 0.004528786 -1.397815943 0.006106644 -0.004478264 0.999971271 92.114196777
0.999945343 0.008011088 -0.006710216 -0.376992375 -0.007985329 0.999960721 0.003856651 -1.422776818 0.006740849 -0.003802856 0.999970078 93.469642639
0.999948859 0.007683342 -0.006571724 -0.407224417 -0.007662051 0.999965310 0.003259230 -1.441826463 0.006596539 -0.003208710 0.999973118 94.837013245
0.999952197 0.006415498 -0.007379905 -0.395801455 -0.006397996 0.999976635 0.002392719 -1.445344329 0.007395083 -0.002345387 0.999969900 96.177589417
0.999955893 0.005956042 -0.007264109 -0.411249191 -0.005941572 0.999980271 0.002011779 -1.467087388 0.007275948 -0.001968530 0.999971569 97.541893005
0.999948919 0.007222572 -0.007072737 -0.427017838 -0.007215006 0.999973357 0.001094731 -1.490521789 0.007080454 -0.001043645 0.999974370 98.920196533
0.999940872 0.008641955 -0.006604749 -0.454608738 -0.008633198 0.999961793 0.001353144 -1.514028192 0.006616191 -0.001296044 0.999977231 100.261665344
0.999935806 0.008976637 -0.006916503 -0.452737182 -0.008958193 0.999956250 0.002693063 -1.536701560 0.006940375 -0.002630930 0.999972403 101.639183044
0.999919236 0.011002665 -0.006370537 -0.483029187 -0.010974683 0.999930084 0.004410773 -1.561969638 0.006418622 -0.004340502 0.999969959 102.967063904
0.999933302 0.009547509 -0.006498698 -0.488814980 -0.009531149 0.999951363 0.002543780 -1.577908754 0.006522669 -0.002481669 0.999975622 104.320335388
0.999932468 0.009311483 -0.006945225 -0.481063843 -0.009309495 0.999956548 0.000318586 -1.593410969 0.006947891 -0.000253908 0.999975860 105.634460449
0.999941289 0.008291297 -0.006971196 -0.499470890 -0.008296433 0.999965250 -0.000708070 -1.616157055 0.006965084 0.000765865 0.999975443 106.981765747
0.999954641 0.006436204 -0.007011664 -0.509572804 -0.006433527 0.999979258 0.000404019 -1.640023351 0.007014119 -0.000358891 0.999975383 108.329467773
0.999972165 0.003381544 -0.006643933 -0.513840199 -0.003365830 0.999991477 0.002374874 -1.666399121 0.006651909 -0.002352446 0.999975145 109.694412231
0.999981105 0.003020100 -0.005340399 -0.532007158 -0.003005359 0.999991655 0.002766368 -1.687662244 0.005348709 -0.002750266 0.999981940 111.023880005
0.999984324 0.001895792 -0.005254811 -0.531888306 -0.001888704 0.999997199 0.001353621 -1.700850248 0.005257362 -0.001343675 0.999985218 112.376655579
0.999982774 0.004012304 -0.004275247 -0.550331354 -0.004016974 0.999991298 -0.001083918 -1.726714849 0.004270862 0.001101073 0.999990344 113.685295105
0.999968112 0.007225855 -0.003369226 -0.552525342 -0.007235186 0.999969959 -0.002765560 -1.763942719 0.003349142 0.002789849 0.999990463 115.010795593
0.999929428 0.011680603 -0.002173314 -0.568188965 -0.011689096 0.999923944 -0.003936701 -1.756723642 0.002127165 0.003961828 0.999989867 116.416435242
0.999917567 0.012832776 -0.000271104 -0.583905101 -0.012833279 0.999915838 -0.001945120 -1.783998013 0.000246121 0.001948440 0.999998093 117.756408691
0.999919951 0.012639912 0.000637555 -0.588878632 -0.012639965 0.999920189 0.000078799 -1.806429386 -0.000636507 -0.000086851 0.999999762 119.106468201
0.999921203 0.012408202 0.001921509 -0.597793639 -0.012409151 0.999922872 0.000480756 -1.826852798 -0.001915396 -0.000504563 0.999998033 120.448104858
0.999922276 0.012325158 0.001901735 -0.583680391 -0.012325331 0.999923944 0.000078266 -1.850525498 -0.001900625 -0.000101699 0.999998152 121.829208374
0.999890924 0.014474585 0.002941735 -0.573021948 -0.014472790 0.999895036 -0.000630363 -1.870802045 -0.002950550 0.000587720 0.999995470 123.164932251
0.999868035 0.015876943 0.003467407 -0.551340878 -0.015873002 0.999873400 -0.001161166 -1.886233568 -0.003485403 0.001105975 0.999993265 124.518669128
0.999851465 0.016689464 0.004297005 -0.554539859 -0.016677039 0.999856710 -0.002911463 -1.900089741 -0.004344981 0.002839370 0.999986529 125.862236023
0.999804556 0.018901773 0.005787152 -0.590022862 -0.018880049 0.999814510 -0.003785995 -1.929688215 -0.005857641 0.003675994 0.999976099 127.175201416
0.999815881 0.017952485 0.006777108 -0.586058319 -0.017926298 0.999831676 -0.003905353 -1.955501318 -0.006846078 0.003783145 0.999969423 128.532333374
0.999808550 0.017819481 0.008078007 -0.591498971 -0.017795265 0.999836922 -0.003060002 -1.980652452 -0.008131217 0.002915667 0.999962747 129.876144409
0.999825537 0.016380144 0.008969899 -0.589870691 -0.016360719 0.999863625 -0.002234593 -2.006230831 -0.009005279 0.002087450 0.999957323 131.259689331
0.999841928 0.015588623 0.008552700 -0.563917398 -0.015575859 0.999877334 -0.001557332 -2.041743040 -0.008575929 0.001423870 0.999962211 132.588195801
0.999876738 0.012994560 0.008802726 -0.560948610 -0.012984148 0.999914885 -0.001239300 -2.064532757 -0.008818083 0.001124852 0.999960482 133.938217163
0.999910176 0.011155372 0.007441676 -0.532508612 -0.011150328 0.999937475 -0.000719419 -2.089788437 -0.007449238 0.000636377 0.999972045 135.296066284
0.999917448 0.010184861 0.007826530 -0.547941208 -0.010172069 0.999946892 -0.001672365 -2.112433434 -0.007843148 0.001592614 0.999967992 136.634552002
0.999944270 0.009077172 0.005376306 -0.516243696 -0.009065586 0.999956548 -0.002175262 -2.114091873 -0.005395817 0.002126402 0.999983191 137.953796387
0.999962986 0.007380660 0.004423513 -0.516755998 -0.007375007 0.999971926 -0.001293163 -2.138129711 -0.004432933 0.001260492 0.999989390 139.310119629
0.999975324 0.006110320 0.003457170 -0.519116640 -0.006106406 0.999980688 -0.001141933 -2.164556026 -0.003464080 0.001120794 0.999993384 140.659729004
0.999981225 0.005792269 0.001985599 -0.513413668 -0.005789603 0.999982417 -0.001346014 -2.186621904 -0.001993360 0.001334493 0.999997139 142.027709961
0.999987245 0.004946639 0.000999962 -0.522077620 -0.004944621 0.999985695 -0.002011468 -2.207654953 -0.001009897 0.002006498 0.999997497 143.380874634
0.999989688 0.004469936 -0.000770134 -0.508985519 -0.004471641 0.999987543 -0.002226005 -2.238107443 0.000760175 0.002229426 0.999997258 144.719818115
0.999995232 0.002724760 -0.001427419 -0.513386965 -0.002731278 0.999985754 -0.004584483 -2.270847559 0.001414908 0.004588360 0.999988496 146.060348511
0.999992371 -0.002164966 -0.003249060 -0.496489644 0.002147210 0.999982834 -0.005458493 -2.294325113 0.003260823 0.005451475 0.999979794 147.453323364
0.999966979 -0.007197837 -0.003769073 -0.536750376 0.007184993 0.999968350 -0.003409837 -2.322757244 0.003793499 0.003382643 0.999987066 148.778244019
0.999891341 -0.013887770 -0.004932398 -0.540674806 0.013877919 0.999901593 -0.002025827 -2.345348835 0.004960046 0.001957155 0.999985814 150.132827759
0.999832034 -0.017191118 -0.006355729 -0.540394783 0.017157651 0.999838769 -0.005283195 -2.373746395 0.006445528 0.005173258 0.999965847 151.489242554
0.999837518 -0.016926000 -0.006197010 -0.541616201 0.016872551 0.999820828 -0.008577810 -2.409180880 0.006341088 0.008471856 0.999943972 152.856826782
0.999886215 -0.014087566 -0.005376217 -0.558422685 0.014031284 0.999847770 -0.010366991 -2.443205833 0.005521445 0.010290377 0.999931753 154.230056763
0.999885857 -0.014173297 -0.005230322 -0.557338953 0.014115711 0.999840975 -0.010887924 -2.473319054 0.005383808 0.010812851 0.999927044 155.568908691
0.999854445 -0.016662236 -0.003658584 -0.601501822 0.016636245 0.999836922 -0.007023563 -2.512849092 0.003775016 0.006961675 0.999968588 156.864242554
0.999764502 -0.021279598 -0.004279023 -0.546682000 0.021257825 0.999761283 -0.005070953 -2.535262585 0.004385908 0.004978795 0.999978006 158.228027344
0.999684334 -0.024793133 -0.004077081 -0.551775217 0.024777625 0.999685764 -0.003812394 -2.561297417 0.004170321 0.003710169 0.999984503 159.588058472
0.999641001 -0.026454935 -0.004224609 -0.547254443 0.026438711 0.999643087 -0.003850769 -2.592617750 0.004324973 0.003737694 0.999983728 160.947250366
0.999690652 -0.024665497 -0.003188058 -0.559625328 0.024654724 0.999690354 -0.003375336 -2.621983290 0.003270325 0.003295691 0.999989271 162.307235718
0.999780774 -0.020837273 -0.002040898 -0.572580457 0.020828445 0.999773979 -0.004254422 -2.647399187 0.002129087 0.004210981 0.999988914 163.658615112
0.999858916 -0.016750941 -0.001235751 -0.580983222 0.016742097 0.999836445 -0.006845642 -2.671479702 0.001350220 0.006823988 0.999975801 165.053344727
0.999907553 -0.013591137 -0.000473469 -0.599182725 0.013587248 0.999880075 -0.007429341 -2.702117682 0.000574385 0.007422221 0.999972343 166.424057007
0.999927461 -0.012033544 -0.000510555 -0.593242824 0.012029968 0.999906421 -0.006513180 -2.729725361 0.000588884 0.006506565 0.999978662 167.716232300
0.999946892 -0.010265939 -0.000953375 -0.597712576 0.010259195 0.999924004 -0.006830527 -2.759493589 0.001023424 0.006820383 0.999976277 169.087387085
0.999966860 -0.008115573 -0.000630723 -0.616873264 0.008109244 0.999922395 -0.009462335 -2.792452812 0.000707466 0.009456906 0.999955058 170.439620972
0.999989033 -0.004302510 -0.001886210 -0.614373326 0.004279338 0.999917328 -0.012122581 -2.832249403 0.001938211 0.012114374 0.999924779 171.832122803
0.999997318 -0.000073359 -0.002319309 -0.621621251 0.000041538 0.999905944 -0.013717096 -2.853663206 0.002320098 0.013716960 0.999903202 173.218429565
0.999986768 0.004472573 -0.002523564 -0.635980010 -0.004503888 0.999911189 -0.012542556 -2.894755363 0.002467243 0.012553755 0.999918103 174.629806519
0.999963284 0.008493620 -0.001068367 -0.676154673 -0.008504541 0.999906898 -0.010668891 -2.935081959 0.000977650 0.010677586 0.999942541 175.949584961
0.999954224 0.009489541 -0.001145617 -0.683988392 -0.009498945 0.999918699 -0.008502390 -2.966995716 0.001064840 0.008512883 0.999963224 177.343780518
0.999974549 0.006803840 -0.002162133 -0.687291384 -0.006820363 0.999946892 -0.007728683 -2.997986794 0.002109434 0.007743231 0.999967813 178.754821777
0.999982953 0.004194790 -0.004041852 -0.685735524 -0.004225777 0.999961436 -0.007688639 -3.029681444 0.004009445 0.007705587 0.999962270 180.156097412
0.999970734 0.005378742 -0.005436370 -0.706719041 -0.005447344 0.999904692 -0.012684047 -3.055315971 0.005367627 0.012713289 0.999904752 181.532424927
0.999947965 0.006788306 -0.007614771 -0.709163606 -0.006913695 0.999838889 -0.016562855 -3.098521948 0.007501111 0.016614642 0.999833882 182.936416626
0.999903560 0.011024137 -0.008448795 -0.752656341 -0.011168732 0.999788523 -0.017262638 -3.139506578 0.008256702 0.017355336 0.999815285 184.319534302
0.999857247 0.014695635 -0.008340318 -0.778869987 -0.014828529 0.999760389 -0.016102407 -3.186027050 0.008101683 0.016223783 0.999835551 185.722061157
0.999819458 0.017013609 -0.008460520 -0.791852593 -0.017120745 0.999772012 -0.012756044 -3.227209091 0.008241564 0.012898592 0.999882817 187.139480591
0.999810398 0.017602393 -0.008321331 -0.807497621 -0.017699011 0.999775052 -0.011683429 -3.251945734 0.008113803 0.011828495 0.999897063 188.582351685
0.999824107 0.016906239 -0.008109390 -0.831816256 -0.016992291 0.999798775 -0.010662436 -3.288523436 0.007927496 0.010798357 0.999910235 189.989074707
0.999837756 0.015689623 -0.008849797 -0.834648013 -0.015779858 0.999823272 -0.010220503 -3.316386223 0.008687877 0.010358494 0.999908566 191.465408325
0.999860644 0.014241389 -0.008707619 -0.850436926 -0.014331703 0.999843121 -0.010398716 -3.331978798 0.008558162 0.010522060 0.999907970 192.827377319
0.999910355 0.009756953 -0.009166420 -0.844588459 -0.009848629 0.999901354 -0.010009800 -3.375729799 0.009067851 0.010099181 0.999907851 194.286346436
0.999947250 0.006209613 -0.008184073 -0.848625243 -0.006276649 0.999946773 -0.008190808 -3.413925648 0.008132773 0.008241745 0.999932945 195.489273071
0.999968827 0.002028362 -0.007634536 -0.866868377 -0.002078912 0.999975979 -0.006619097 -3.445745945 0.007620926 0.006634763 0.999948919 196.931381226
0.999970615 -0.001169908 -0.007581735 -0.869768202 0.001120221 0.999978006 -0.006554218 -3.483535767 0.007589235 0.006545533 0.999949813 198.376480103
0.999969542 0.001803692 -0.007586387 -0.888783336 -0.001892485 0.999929607 -0.011713404 -3.508500099 0.007564726 0.011727406 0.999902606 199.827041626
0.999936402 0.008796372 -0.007053849 -0.910619259 -0.008912817 0.999821603 -0.016650014 -3.548788071 0.006906131 0.016711826 0.999836504 201.241714478
0.999810517 0.018604875 -0.005718292 -0.945735812 -0.018700385 0.999678373 -0.017129607 -3.594066381 0.005397759 0.017233297 0.999836922 202.713317871
0.999667823 0.025213849 -0.005334459 -0.944892049 -0.025283212 0.999590993 -0.013361851 -3.629606962 0.004995374 0.013492285 0.999896467 204.203979492
0.999638081 0.026496436 -0.004648454 -0.956988394 -0.026546849 0.999585509 -0.011140548 -3.675504446 0.004351343 0.011259917 0.999927104 205.613433838
0.999693274 0.024380812 -0.004346451 -0.999423504 -0.024423210 0.999651849 -0.009984751 -3.724069118 0.004101504 0.010087843 0.999940693 207.007202148
0.999765933 0.020992564 -0.005238198 -1.012965322 -0.021042774 0.999731302 -0.009721393 -3.763645649 0.005032714 0.009829343 0.999939024 208.468429565
0.999797106 0.019044464 -0.006553541 -1.016548872 -0.019111883 0.999763429 -0.010383501 -3.800064087 0.006354243 0.010506647 0.999924600 209.943679810
0.999785006 0.019392123 -0.007337296 -1.025310278 -0.019473568 0.999747694 -0.011196501 -3.834689140 0.007118321 0.011336977 0.999910355 211.433410645
0.999756932 0.020698855 -0.007589707 -1.046396494 -0.020782499 0.999722362 -0.011112837 -3.874443293 0.007357575 0.011267871 0.999909341 212.893066406
0.999727190 0.022234803 -0.007151823 -1.071623325 -0.022307005 0.999699414 -0.010179144 -3.918468475 0.006923340 0.010335904 0.999922574 214.341476440
0.999738634 0.021722862 -0.007128681 -1.103087187 -0.021800423 0.999702036 -0.010988525 -3.955504894 0.006887854 0.011141062 0.999914169 215.780563354
0.999772072 0.019893525 -0.007744257 -1.116441369 -0.019984627 0.999729812 -0.011869783 -3.989532948 0.007506034 0.012021845 0.999899566 217.222778320
0.999782026 0.019353280 -0.007833608 -1.134956837 -0.019447014 0.999738038 -0.012072016 -4.029564381 0.007597924 0.012221726 0.999896407 218.698196411
0.999778032 0.019560043 -0.007825496 -1.162370563 -0.019654386 0.999732852 -0.012165667 -4.069651127 0.007585444 0.012316774 0.999895394 220.171752930
0.999765813 0.020043897 -0.008165228 -1.183808327 -0.020145724 0.999717891 -0.012585485 -4.112486362 0.007910662 0.012747032 0.999887526 221.690917969
0.999776900 0.018844116 -0.009549843 -1.181325912 -0.018958760 0.999747455 -0.012059829 -4.164662361 0.009320177 0.012238190 0.999881685 223.193267822
0.999749303 0.020240825 -0.009571424 -1.209551811 -0.020363940 0.999708831 -0.012945185 -4.198280334 0.009306616 0.013136853 0.999870360 224.670913696
0.999759614 0.019232832 -0.010534480 -1.218250871 -0.019371813 0.999724448 -0.013253244 -4.236994267 0.010276681 0.013454130 0.999856710 226.192550659
0.999737620 0.019778637 -0.011559463 -1.214930415 -0.019923151 0.999723077 -0.012522724 -4.294670582 0.011308579 0.012749737 0.999854803 227.651504517
0.999739110 0.019962601 -0.011100675 -1.233624935 -0.020109022 0.999710143 -0.013238797 -4.320845604 0.010833178 0.013458568 0.999850690 229.145324707
0.999768317 0.018490734 -0.011015870 -1.257408142 -0.018633360 0.999741971 -0.012988510 -4.366797924 0.010772860 0.013190763 0.999854982 230.657653809
0.999797821 0.016809745 -0.011023513 -1.278343558 -0.016951626 0.999772966 -0.012906627 -4.411685944 0.010804053 0.013090885 0.999855936 232.170211792
0.999815345 0.015732123 -0.011029758 -1.295267940 -0.015863329 0.999803185 -0.011910685 -4.459342480 0.010840207 0.012083455 0.999868214 233.688461304
0.999810517 0.015883686 -0.011249558 -1.312185526 -0.016014714 0.999803782 -0.011654463 -4.507872581 0.011062237 0.011832414 0.999868751 235.242843628
0.999798059 0.016842769 -0.010959391 -1.351383805 -0.016978374 0.999778986 -0.012400148 -4.539132118 0.010748116 0.012583717 0.999863088 236.762435913
0.999793053 0.017060544 -0.011073948 -1.349855304 -0.017197877 0.999774873 -0.012426377 -4.597277164 0.010859455 0.012614256 0.999861419 238.234298706
0.999793410 0.017489115 -0.010356599 -1.399363637 -0.017617797 0.999767065 -0.012467082 -4.620817184 0.010136147 0.012646966 0.999868572 239.810104370
0.999795794 0.017866807 -0.009438050 -1.424507141 -0.017963374 0.999786139 -0.010248093 -4.662869453 0.009252930 0.010415539 0.999902904 241.335021973
0.999806106 0.017620472 -0.008783122 -1.447135925 -0.017706979 0.999794483 -0.009870772 -4.702067375 0.008607389 0.010024380 0.999912739 242.869354248
0.999801815 0.018024286 -0.008443600 -1.466057539 -0.018120792 0.999769688 -0.011495786 -4.743054390 0.008234454 0.011646516 0.999898195 244.421157837
0.999807119 0.017964585 -0.007936135 -1.488095880 -0.018064823 0.999755502 -0.012744855 -4.788680553 0.007705241 0.012885762 0.999887228 245.943634033
0.999803483 0.018605553 -0.006835631 -1.520009279 -0.018688098 0.999750674 -0.012216774 -4.833479881 0.006606628 0.012342121 0.999901891 247.473327637
0.999785244 0.019135546 -0.007953421 -1.525673032 -0.019228440 0.999745727 -0.011771866 -4.872279167 0.007726141 0.011922273 0.999899030 248.983612061
0.999780595 0.019410120 -0.007861282 -1.550582409 -0.019498130 0.999746203 -0.011277991 -4.914605618 0.007640380 0.011428799 0.999905527 250.516784668
0.999789238 0.018719262 -0.008435893 -1.564398050 -0.018807931 0.999767244 -0.010556407 -4.964996815 0.008236323 0.010712844 0.999908686 252.072647095
0.999754548 0.020469040 -0.008472059 -1.581504941 -0.020561330 0.999728501 -0.010953614 -4.997258186 0.008245548 0.011125125 0.999904096 253.610549927
0.999712348 0.022226214 -0.009007276 -1.591447115 -0.022326529 0.999687970 -0.011193506 -5.031888962 0.008755676 0.011391387 0.999896824 255.195129395
0.999730945 0.020979496 -0.009887304 -1.591456890 -0.021083904 0.999721706 -0.010576503 -5.080582142 0.009662663 0.010782122 0.999895155 256.630371094
0.999758303 0.019880263 -0.009384511 -1.617753029 -0.019978995 0.999744773 -0.010546805 -5.119425774 0.009172443 0.010731747 0.999900341 258.171752930
0.999797165 0.017544074 -0.009893867 -1.626253843 -0.017641427 0.999795973 -0.009839677 -5.158682346 0.009719220 0.010012222 0.999902606 259.728210449
0.999824524 0.015948566 -0.009832931 -1.651444435 -0.016040247 0.999827862 -0.009316913 -5.202137947 0.009682647 0.009473000 0.999908209 261.275390625
0.999849498 0.014293412 -0.009838488 -1.676665068 -0.014391236 0.999846995 -0.009944985 -5.241893768 0.009694835 0.010085073 0.999902070 262.812957764
0.999878526 0.011507871 -0.010516195 -1.687728286 -0.011618254 0.999877393 -0.010496433 -5.293773174 0.010394113 0.010617336 0.999889553 264.378112793
0.999873638 0.012313191 -0.010053403 -1.720771670 -0.012411690 0.999875009 -0.009794549 -5.310103416 0.009931546 0.009918094 0.999901414 265.845733643
0.999903738 0.010272094 -0.009322995 -1.744889736 -0.010348174 0.999913335 -0.008149295 -5.347702980 0.009238476 0.008244987 0.999923289 267.404418945
0.999908864 0.010056598 -0.009006794 -1.772512197 -0.010137853 0.999908030 -0.009021761 -5.386292934 0.008915238 0.009112248 0.999918699 268.954589844
0.999912977 0.009536618 -0.009105568 -1.783642769 -0.009628481 0.999902666 -0.010098551 -5.425064564 0.009008378 0.010185346 0.999907494 270.520812988
0.999912977 0.011115514 -0.007102781 -1.819664955 -0.011192092 0.999878585 -0.010834305 -5.467265606 0.006981491 0.010912856 0.999916077 272.066497803
0.999900579 0.012290001 -0.006898006 -1.821702838 -0.012364273 0.999864876 -0.010830000 -5.509717941 0.006763975 0.010914213 0.999917507 273.626403809
0.999894381 0.013452276 -0.005507841 -1.843876719 -0.013510461 0.999851823 -0.010667092 -5.558256626 0.005363529 0.010740379 0.999927878 275.190063477
0.999878287 0.014720989 -0.005158848 -1.872526169 -0.014778943 0.999825954 -0.011381675 -5.606325626 0.004990402 0.011456532 0.999921918 276.759735107
0.999873221 0.015381981 -0.004130772 -1.888230920 -0.015428321 0.999815643 -0.011430834 -5.651452065 0.003954181 0.011493114 0.999926150 278.312316895
0.999871254 0.015713530 -0.003266903 -1.905846834 -0.015752664 0.999800026 -0.012319414 -5.694459438 0.003072669 0.012369290 0.999918818 279.873535156
0.999888301 0.014847351 -0.001691902 -1.932750702 -0.014868276 0.999803543 -0.013111010 -5.736054420 0.001496905 0.013134701 0.999912679 281.434692383
0.999892354 0.014624101 -0.001234998 -1.936144948 -0.014638621 0.999812067 -0.012706083 -5.784512043 0.001048951 0.012722793 0.999918580 282.973754883
0.999905705 0.013722497 -0.000670316 -1.941670775 -0.013729557 0.999833703 -0.012005871 -5.830440521 0.000505454 0.012013941 0.999927700 284.571411133
0.999926686 0.012046106 -0.001155974 -1.924238443 -0.012058995 0.999856710 -0.011879575 -5.874024868 0.001012706 0.011892646 0.999928772 286.165039062
0.999930859 0.011712810 -0.001017947 -1.929949760 -0.011726079 0.999830544 -0.014187676 -5.920172691 0.000851597 0.014198633 0.999898851 287.718414307
0.999947131 0.010180281 -0.001428948 -1.936964750 -0.010202314 0.999813974 -0.016367255 -5.965446949 0.001262059 0.016380969 0.999864995 289.294586182
0.999946713 0.010041374 -0.002412319 -1.946937561 -0.010080438 0.999808550 -0.016767653 -6.010988235 0.002243487 0.016791077 0.999856472 290.877868652
0.999951065 0.009133096 -0.003777309 -1.946947217 -0.009195275 0.999816835 -0.016785333 -6.064326286 0.003623315 0.016819248 0.999851942 292.459197998
0.999950588 0.008659272 -0.004890818 -1.947298050 -0.008743498 0.999809086 -0.017471105 -6.113139629 0.004738598 0.017513003 0.999835372 294.035034180
0.999921381 0.011356393 -0.005321830 -1.962144136 -0.011447463 0.999782920 -0.017406512 -6.168640137 0.005122999 0.017466061 0.999834478 295.572814941
0.999917209 0.011341894 -0.006075663 -1.978587866 -0.011443506 0.999790668 -0.016959487 -6.217389107 0.005882038 0.017027611 0.999837756 297.155914307
0.999910653 0.011275282 -0.007176161 -1.983296394 -0.011394300 0.999794483 -0.016766325 -6.274626255 0.006985642 0.016846593 0.999833703 298.717864990
0.999902964 0.010983765 -0.008566451 -1.992095470 -0.011114107 0.999820948 -0.015319109 -6.323331833 0.008396655 0.015412833 0.999845982 300.355773926
0.999903679 0.010416877 -0.009177672 -2.023758411 -0.010546952 0.999843001 -0.014240531 -6.362087727 0.009027889 0.014335956 0.999856472 301.925445557
0.999901593 0.010980452 -0.008728544 -2.028967619 -0.011099410 0.999844670 -0.013698919 -6.428256035 0.008576766 0.013794454 0.999868035 303.394866943
0.999899030 0.011408623 -0.008470632 -2.045998573 -0.011527685 0.999833643 -0.014142741 -6.470508575 0.008307870 0.014238959 0.999864101 305.004394531
0.999920845 0.010260510 -0.007276968 -2.070419550 -0.010363353 0.999844909 -0.014238685 -6.517243385 0.007129743 0.014312974 0.999872148 306.617736816
0.999932408 0.008713814 -0.007701477 -2.073946714 -0.008831718 0.999842227 -0.015410120 -6.567728996 0.007565981 0.015477096 0.999851584 308.248870850
0.999950469 0.006749293 -0.007308456 -2.080085516 -0.006877588 0.999820173 -0.017673824 -6.615315437 0.007187856 0.017723216 0.999817073 309.804809570
0.999952316 0.006310478 -0.007451366 -2.094596863 -0.006447394 0.999808133 -0.018495996 -6.667324066 0.007333218 0.018543158 0.999801219 311.429779053
0.999930561 0.006799192 -0.009622629 -2.121752024 -0.006982760 0.999791741 -0.019173574 -6.733718872 0.009490261 0.019239437 0.999769866 312.968963623
0.999897242 0.007933221 -0.011935027 -2.144545555 -0.008149849 0.999800920 -0.018212877 -6.786094666 0.011788164 0.018308274 0.999762952 314.600677490
0.999885559 0.008768974 -0.012324180 -2.169091225 -0.008952837 0.999848306 -0.014943738 -6.843179703 0.012191267 0.015052363 0.999812424 316.235198975
0.999904037 0.007308112 -0.011764733 -2.183321953 -0.007453324 0.999895930 -0.012346836 -6.886466026 0.011673277 0.012433336 0.999854565 317.910003662
0.999906480 0.007424980 -0.011490101 -2.210828781 -0.007561845 0.999900401 -0.011914326 -6.922418118 0.011400493 0.012000095 0.999863029 319.560546875
0.999913454 0.005710219 -0.011850625 -2.213011742 -0.005867936 0.999894083 -0.013316854 -6.970602989 0.011773328 0.013385240 0.999841094 321.218841553
0.999930322 0.004328695 -0.010977798 -2.249759197 -0.004475511 0.999900341 -0.013384735 -7.015727043 0.010918765 0.013432933 0.999850214 322.828796387
0.999924660 0.004047448 -0.011582399 -2.233629227 -0.004194364 0.999910712 -0.012688539 -7.065759659 0.011530007 0.012736166 0.999852359 324.460174561
0.999930799 0.004219464 -0.010973853 -2.257681847 -0.004359013 0.999909580 -0.012723748 -7.113486290 0.010919173 0.012770703 0.999858797 326.107208252
0.999926627 0.005796299 -0.010635945 -2.277517796 -0.005942960 0.999887049 -0.013809661 -7.161325455 0.010554700 0.013871859 0.999848068 327.758209229
0.999921978 0.007408760 -0.010049158 -2.292931557 -0.007556800 0.999862313 -0.014774359 -7.208910942 0.009938315 0.014849145 0.999840319 329.414184570
0.999936342 0.005465082 -0.009866918 -2.297146797 -0.005586869 0.999908030 -0.012357942 -7.261505604 0.009798476 0.012412279 0.999874949 331.032653809
0.999940991 0.004565787 -0.009858564 -2.323501110 -0.004676061 0.999926448 -0.011191573 -7.330471992 0.009806744 0.011237010 0.999888778 332.732879639
0.999944508 0.004461042 -0.009539857 -2.335502863 -0.004586990 0.999902070 -0.013221373 -7.369399548 0.009479943 0.013264398 0.999867082 334.269714355
0.999933481 0.005295638 -0.010250662 -2.363934994 -0.005419995 0.999911606 -0.012142004 -7.438739300 0.010185458 0.012196754 0.999873698 335.941650391
0.999933064 0.005881027 -0.009962738 -2.408180475 -0.006023508 0.999879122 -0.014332301 -7.480076790 0.009877245 0.014391353 0.999847591 337.511566162
0.999916077 0.007713635 -0.010404950 -2.439571381 -0.007891441 0.999821603 -0.017157178 -7.533195496 0.010270750 0.017237844 0.999798715 339.140991211
0.999897957 0.008466363 -0.011503692 -2.458236456 -0.008655920 0.999825835 -0.016529240 -7.587851048 0.011361746 0.016627127 0.999797165 340.781036377
0.999874175 0.009441412 -0.012738804 -2.477873802 -0.009606764 0.999869585 -0.012982050 -7.640194416 0.012614574 0.013102796 0.999834538 342.417266846
0.999844491 0.010687044 -0.014025880 -2.497809410 -0.010837505 0.999884009 -0.010695452 -7.681186676 0.013909953 0.010845795 0.999844313 344.012329102
0.999818146 0.011495818 -0.015212024 -2.534749269 -0.011681193 0.999857903 -0.012153733 -7.734710693 0.015070147 0.012329217 0.999810338 345.612365723
0.999791920 0.011200610 -0.017048603 -2.577165365 -0.011430444 0.999844253 -0.013443894 -7.793336868 0.016895365 0.013635969 0.999764264 347.268096924
0.999776602 0.010035887 -0.018599952 -2.613438129 -0.010261573 0.999874413 -0.012078310 -7.839618206 0.018476399 0.012266479 0.999754012 348.883483887
0.999774635 0.008537122 -0.019436590 -2.649813175 -0.008760576 0.999896169 -0.011440577 -7.892837048 0.019336905 0.011608276 0.999745667 350.502899170
0.999750793 0.008209297 -0.020756785 -2.672912598 -0.008452238 0.999896526 -0.011643714 -7.950831413 0.020659048 0.011816255 0.999716699 352.105438232
0.999758601 0.008295960 -0.020340996 -2.720950603 -0.008572372 0.999871552 -0.013539574 -7.993108749 0.020226059 0.013710679 0.999701321 353.698028564
0.999752820 0.008205040 -0.020662542 -2.762039661 -0.008485269 0.999872684 -0.013511265 -8.040947914 0.020549050 0.013683253 0.999695182 355.291076660
0.999765396 0.006650763 -0.020612188 -2.786244392 -0.006929825 0.999884903 -0.013496995 -8.087146759 0.020520050 0.013636667 0.999696434 356.872711182
0.999781489 0.006228699 -0.019954694 -2.835199833 -0.006508272 0.999881089 -0.013976238 -8.137390137 0.019865265 0.014103053 0.999703228 358.486358643
0.999780416 0.005753651 -0.020146303 -2.867508411 -0.006054147 0.999870837 -0.014886631 -8.184293747 0.020058049 0.015005331 0.999686182 360.068206787
0.999793470 0.006138967 -0.019373786 -2.919285774 -0.006420902 0.999873817 -0.014523907 -8.244821548 0.019282181 0.014645304 0.999706864 361.690032959
0.999796450 0.005602773 -0.019377612 -2.956510067 -0.005906220 0.999860227 -0.015638048 -8.285924911 0.019287290 0.015749313 0.999689937 363.305389404
0.999784648 0.003750304 -0.020415155 -2.966828346 -0.004094278 0.999849916 -0.016833339 -8.346381187 0.020348959 0.016913297 0.999649882 364.883544922
0.999799430 0.002425052 -0.019882074 -3.010972977 -0.002723374 0.999883890 -0.014991233 -8.395640373 0.019843411 0.015042371 0.999689937 366.494445801
0.999792516 0.000608455 -0.020362236 -3.036569595 -0.000893980 0.999901354 -0.014016104 -8.450498581 0.020351699 0.014031396 0.999694407 368.097869873
0.999782860 0.000070604 -0.020839754 -3.063051224 -0.000380921 0.999889076 -0.014887019 -8.502727509 0.020836396 0.014891723 0.999671996 369.718658447
0.999808788 0.002310405 -0.019419366 -3.115911484 -0.002623105 0.999867022 -0.016092464 -8.550636292 0.019379606 0.016140327 0.999681950 371.309814453
0.999792278 0.002460588 -0.020237297 -3.145298481 -0.002761913 0.999885559 -0.014875164 -8.601169586 0.020198377 0.014927970 0.999684513 372.911560059
0.999794602 0.003898880 -0.019887222 -3.187180519 -0.004181240 0.999890745 -0.014176250 -8.650138855 0.019829778 0.014256493 0.999701679 374.527954102
0.999783516 0.003727394 -0.020468593 -3.215019226 -0.004016580 0.999892414 -0.014105406 -8.700383186 0.020413816 0.014184566 0.999690950 376.138153076
0.999798000 0.004352466 -0.019620515 -3.255485058 -0.004655411 0.999870300 -0.015421103 -8.749121666 0.019550851 0.015509328 0.999688566 377.726654053
0.999803483 0.003049012 -0.019588312 -3.285449982 -0.003347220 0.999878705 -0.015209065 -8.801391602 0.019539565 0.015271641 0.999692440 379.391265869
0.999805093 0.003578660 -0.019416042 -3.334440708 -0.003877829 0.999873936 -0.015392658 -8.854475975 0.019358512 0.015464950 0.999692917 381.023254395
0.999816597 0.005434825 -0.018364385 -3.383764982 -0.005718583 0.999864519 -0.015434477 -8.902908325 0.018278010 0.015536664 0.999712169 382.656402588
0.999812603 0.006789994 -0.018131325 -3.418811560 -0.007066517 0.999858916 -0.015230780 -8.946170807 0.018025355 0.015356050 0.999719501 384.281280518
0.999801457 0.008257288 -0.018134948 -3.457582235 -0.008540867 0.999841511 -0.015615844 -9.003374100 0.018003132 0.015767630 0.999713600 385.892211914
