1.000000000 0.000000000 0.000000000 0.000000000 0.000000000 1.000000000 0.000000000 0.000000000 0.000000000 0.000000000 1.000000000 0.000000000
0.999997377 -0.001803630 -0.001391338 -0.002355175 0.001802299 0.999997914 -0.000957715 -0.008881407 0.001393063 0.000955205 0.999998569 0.564446807
0.999994338 -0.002074570 -0.002652421 -0.005091431 0.002067822 0.999994636 -0.002544044 -0.019277694 0.002657685 0.002538546 0.999993205 1.116300464
0.999985456 -0.002498981 -0.004764017 -0.005544523 0.002480728 0.999989569 -0.003833277 -0.032268278 0.004773546 0.003821403 0.999981225 1.676314235
0.999968112 -0.004431631 -0.006643557 -0.008985019 0.004393269 0.999973595 -0.005777896 -0.039606087 0.006668988 0.005748525 0.999961257 2.233598471
0.999941409 -0.006861028 -0.008369975 -0.014178038 0.006796281 0.999946952 -0.007739731 -0.052231774 0.008422633 0.007682393 0.999935031 2.799792767
0.999922276 -0.007986752 -0.009573950 -0.024661407 0.007905781 0.999932885 -0.008465659 -0.062840708 0.009640921 0.008389311 0.999918401 3.375862598
0.999902248 -0.008353862 -0.011211353 -0.029861346 0.008268737 0.999936879 -0.007617760 -0.078994468 0.011274281 0.007524311 0.999908149 3.949155807
0.999881446 -0.008879329 -0.012580865 -0.034637310 0.008778866 0.999929309 -0.008018324 -0.094066963 0.012651173 0.007906930 0.999888718 4.527390480
0.999877036 -0.008121707 -0.013414145 -0.050611630 0.007978159 0.999910712 -0.010720231 -0.110338941 0.013500013 0.010611894 0.999852598 5.123823643
0.999870062 -0.006545737 -0.014733322 -0.066148922 0.006333107 0.999875844 -0.014432531 -0.126977965 0.014825964 0.014337347 0.999787331 5.730577946
0.999854147 -0.005014013 -0.016321683 -0.074537508 0.004712107 0.999818087 -0.018483439 -0.136860013 0.016411390 0.018403841 0.999695897 6.335315704
0.999840856 -0.003166158 -0.017554048 -0.089010790 0.002839953 0.999823451 -0.018576838 -0.148528770 0.017609764 0.018524032 0.999673307 6.965155125
0.999825120 -0.000719800 -0.018685624 -0.108950853 0.000499941 0.999930620 -0.011768265 -0.159943134 0.018692805 0.011756866 0.999756157 7.612522602
0.999813974 -0.000209525 -0.019285241 -0.124511093 0.000191462 0.999999642 -0.000938451 -0.175702736 0.019285427 0.000934592 0.999813557 8.277953148
0.999795079 0.000951612 -0.020221319 -0.146212533 -0.000842448 0.999985158 0.005406291 -0.184530243 0.020226162 -0.005388148 0.999781013 8.946143150
0.999764860 0.003138872 -0.021455448 -0.167005837 -0.003041643 0.999985039 0.004562824 -0.201086208 0.021469448 -0.004496492 0.999759436 9.631780624
0.999742568 0.004971110 -0.022141151 -0.189521521 -0.005034983 0.999983430 -0.002829974 -0.205537796 0.022126714 0.002940724 0.999750853 10.329574585
0.999713480 0.004793928 -0.023449806 -0.207306817 -0.004999767 0.999949396 -0.008727174 -0.208834246 0.023406781 0.008841919 0.999687016 11.029722214
0.999696255 0.002824400 -0.024479864 -0.228335500 -0.003002210 0.999969363 -0.007229860 -0.210634440 0.024458691 0.007301160 0.999674201 11.774387360
0.999688327 0.002037947 -0.024885142 -0.247262299 -0.001984623 0.999995649 0.002167350 -0.222455293 0.024889452 -0.002117287 0.999687970 12.539375305
0.999687910 0.001165922 -0.024954919 -0.275573462 -0.000927536 0.999953806 0.009562133 -0.226076260 0.024964919 -0.009536003 0.999642849 13.318338394
0.999669790 0.000802721 -0.025682887 -0.298120975 -0.000497582 0.999929249 0.011885176 -0.230360225 0.025690615 -0.011868474 0.999599397 14.103616714
0.999665856 -0.001256942 -0.025815688 -0.319936812 0.001532785 0.999941945 0.010668076 -0.228003591 0.025800783 -0.010704081 0.999609828 14.912842751
0.999679804 -0.001477021 -0.025260834 -0.344117403 0.001690310 0.999963045 0.008424190 -0.227869987 0.025247462 -0.008464193 0.999645293 15.737410545
0.999687076 0.000901443 -0.024993427 -0.366313994 -0.000778226 0.999987483 0.004939238 -0.228154927 0.024997566 -0.004918244 0.999675274 16.583272934
0.999719083 -0.002063811 -0.023612294 -0.393928915 0.002044619 0.999997556 -0.000836902 -0.233461410 0.023613963 0.000788389 0.999720812 17.428709030
0.999727905 -0.005009462 -0.022784216 -0.412302911 0.004852053 0.999963999 -0.006958706 -0.244795054 0.022818260 0.006846262 0.999716163 18.303588867
0.999757349 -0.003803250 -0.021699855 -0.437595665 0.003525120 0.999911308 -0.012840995 -0.251573324 0.021746764 0.012761382 0.999682069 19.190214157
0.999766409 -0.002516672 -0.021464910 -0.464332432 0.002222871 0.999903619 -0.013700419 -0.267660081 0.021497317 0.013649505 0.999675691 20.110099792
0.999744534 -0.002455145 -0.022467172 -0.474562913 0.002171865 0.999917865 -0.012624344 -0.296595871 0.022496318 0.012572324 0.999667883 21.042461395
0.999771535 -0.000492298 -0.021373447 -0.525865436 0.000195920 0.999903858 -0.013866542 -0.327187270 0.021378217 0.013859184 0.999675512 21.984054565
0.999771953 0.002352227 -0.021224385 -0.555544376 -0.002688273 0.999871254 -0.015818385 -0.348619163 0.021184444 0.015871836 0.999649584 22.945438385
0.999753892 0.005886820 -0.021389371 -0.583689570 -0.006243901 0.999841690 -0.016666086 -0.372080594 0.021287873 0.016795538 0.999632299 23.910362244
0.999741137 0.007977382 -0.021307310 -0.619349122 -0.008333456 0.999826252 -0.016675161 -0.397715986 0.021170581 0.016848411 0.999633908 24.881378174
0.999734879 0.007987457 -0.021597411 -0.643360019 -0.008354346 0.999821424 -0.016951039 -0.424799651 0.021458156 0.017126977 0.999623060 25.872318268
0.999733865 0.008091031 -0.021599669 -0.666344404 -0.008457424 0.999821007 -0.016925843 -0.455627888 0.021458855 0.017104018 0.999623477 26.843282700
0.999707520 0.009247199 -0.022346755 -0.690834999 -0.009604523 0.999826789 -0.015935879 -0.481939584 0.022195520 0.016145850 0.999623239 27.857545853
0.999692798 0.009853635 -0.022741525 -0.718382239 -0.010168194 0.999853611 -0.013758074 -0.511212289 0.022602627 0.013985088 0.999646604 28.875528336
0.999684691 0.010403969 -0.022857636 -0.747556388 -0.010694554 0.999863029 -0.012627443 -0.538438439 0.022723133 0.012867913 0.999658883 29.888366699
0.999685585 0.010569992 -0.022739468 -0.777478635 -0.010878592 0.999849796 -0.013490539 -0.572115064 0.022593455 0.013733668 0.999650359 30.911861420
0.999654770 0.011505731 -0.023622435 -0.793073237 -0.011847007 0.999826729 -0.014358342 -0.602522016 0.023453137 0.014633236 0.999617815 31.947975159
0.999659717 0.011439009 -0.023442626 -0.825280964 -0.011766500 0.999834418 -0.013879888 -0.623673737 0.023279972 0.014151001 0.999628842 32.982254028
0.999634981 0.011047210 -0.024653407 -0.847532094 -0.011319216 0.999876320 -0.010921117 -0.654384255 0.024529707 0.011196188 0.999636412 34.048797607
0.999627292 0.011304246 -0.024849841 -0.882522583 -0.011490378 0.999906898 -0.007360201 -0.677855492 0.024764324 0.007642993 0.999664068 35.106575012
0.999607027 0.011027170 -0.025771746 -0.907833576 -0.011156368 0.999925971 -0.004874817 -0.702029824 0.025716081 0.005160421 0.999655962 36.170967102
0.999603271 0.010921079 -0.025962317 -0.943038762 -0.011036825 0.999929786 -0.004319100 -0.725379109 0.025913324 0.004603928 0.999653578 37.246849060
0.999577761 0.011109419 -0.026847970 -0.974987149 -0.011278940 0.999917388 -0.006171003 -0.740526140 0.026777191 0.006471214 0.999620438 38.322601318
0.999563754 0.010694380 -0.027534874 -1.007821918 -0.010873335 0.999920666 -0.006357708 -0.764221609 0.027464695 0.006654331 0.999600649 39.397079468
0.999556422 0.010953635 -0.027698878 -1.053158522 -0.011085344 0.999927938 -0.004605900 -0.798394442 0.027646434 0.004910908 0.999605656 40.477581024
0.999523222 0.012540569 -0.028215082 -1.080317736 -0.012642227 0.999914169 -0.003427516 -0.805079281 0.028169679 0.003782583 0.999596000 41.561161041
0.999507844 0.012700401 -0.028683499 -1.118695259 -0.012736872 0.999918282 -0.001089115 -0.825264156 0.028667321 0.001453917 0.999587953 42.645881653
0.999473631 0.013797784 -0.029360689 -1.152637720 -0.013839644 0.999903500 -0.001222947 -0.847663879 0.029340981 0.001628645 0.999568105 43.737789154
0.999445677 0.015038423 -0.029702125 -1.188020110 -0.015185841 0.999873400 -0.004743904 -0.875045419 0.029627023 0.005192326 0.999547541 44.810470581
0.999403358 0.016387593 -0.030404638 -1.218978763 -0.016665906 0.999821186 -0.008922825 -0.895549059 0.030252984 0.009424222 0.999497831 45.895381927
0.999429166 0.016447425 -0.029509686 -1.269817948 -0.016726542 0.999817491 -0.009236676 -0.920430779 0.029352380 0.009724997 0.999521732 46.975902557
0.999401927 0.017125443 -0.030042453 -1.295405865 -0.017321669 0.999830246 -0.006283677 -0.949809074 0.029929746 0.006800304 0.999528825 48.060176849
0.999413490 0.017518589 -0.029424228 -1.336222887 -0.017648758 0.999835491 -0.004169877 -0.976041377 0.029346345 0.004686733 0.999558270 49.208637238
0.999445677 0.015939636 -0.029229579 -1.373586535 -0.016036632 0.999866605 -0.003086898 -0.996351480 0.029176479 0.003553931 0.999567986 50.295341492
0.999444008 0.016072039 -0.029213501 -1.406124353 -0.016188337 0.999861896 -0.003748681 -1.021696448 0.029149221 0.004219515 0.999566197 51.389968872
0.999461234 0.016112488 -0.028593285 -1.446053386 -0.016282849 0.999850929 -0.005735134 -1.043856859 0.028496617 0.006197624 0.999574661 52.472003937
0.999461889 0.016108336 -0.028571865 -1.477828145 -0.016344782 0.999833941 -0.008061334 -1.067345500 0.028437266 0.008523997 0.999559224 53.548732758
0.999522805 0.013363997 -0.027846638 -1.517911196 -0.013647718 0.999856591 -0.010023562 -1.101584792 0.027708692 0.010398822 0.999561906 54.638549805
0.999511123 0.013047037 -0.028412318 -1.543508410 -0.013437864 0.999817073 -0.013608336 -1.136045933 0.028229574 0.013983484 0.999503672 55.736682892
0.999540627 0.011380056 -0.028091198 -1.577199101 -0.011809044 0.999815404 -0.015152864 -1.168992996 0.027913574 0.015477633 0.999490499 56.822093964
0.999561429 0.010116023 -0.027834777 -1.611613631 -0.010480425 0.999860823 -0.012976983 -1.201713085 0.027699629 0.013263009 0.999528408 57.913749695
0.999562979 0.009512566 -0.027986420 -1.637888789 -0.009717494 0.999926805 -0.007195481 -1.230233669 0.027915927 0.007464294 0.999582410 59.011169434
0.999590218 0.007243960 -0.027692117 -1.670115590 -0.007272370 0.999973118 -0.000925337 -1.255121231 0.027684670 0.001126343 0.999616086 60.106990814
0.999608636 0.005702859 -0.027384147 -1.705036640 -0.005722605 0.999983311 -0.000642800 -1.274534225 0.027380025 0.000799257 0.999624848 61.199275970
0.999634862 0.001915818 -0.026952026 -1.737685323 -0.002000510 0.999993086 -0.003115682 -1.302326679 0.026945870 0.003168461 0.999631882 62.291160583
0.999629796 0.001275748 -0.027176794 -1.773950696 -0.001450960 0.999978244 -0.006428390 -1.326197267 0.027168004 0.006465442 0.999610007 63.367053986
0.999606669 0.002629467 -0.027921451 -1.783770800 -0.002928851 0.999938607 -0.010686932 -1.344782352 0.027891640 0.010764505 0.999553084 64.457412720
0.999615133 0.002578633 -0.027619950 -1.820470333 -0.002985636 0.999887466 -0.014704784 -1.374928951 0.027578929 0.014781589 0.999510288 65.545669556
0.999613702 0.005488702 -0.027246635 -1.855294466 -0.005914235 0.999861419 -0.015561895 -1.403268337 0.027157446 0.015717026 0.999507606 66.637008667
0.999609172 0.009495843 -0.026294148 -1.898612142 -0.009811361 0.999881089 -0.011896657 -1.437191010 0.026178051 0.012149987 0.999583483 67.745368958
0.999591470 0.011106150 -0.026336139 -1.931757331 -0.011365021 0.999888301 -0.009700229 -1.469952345 0.026225466 0.009995576 0.999606073 68.845275879
0.999596238 0.010154881 -0.026537804 -1.965641737 -0.010394022 0.999906480 -0.008888960 -1.495969296 0.026445054 0.009161204 0.999608278 69.946319580
0.999611378 0.009843926 -0.026077757 -2.015076399 -0.010067723 0.999913454 -0.008464584 -1.525461912 0.025992174 0.008723838 0.999624133 71.041740417
0.999618411 0.009144067 -0.026064280 -2.040640354 -0.009331799 0.999931335 -0.007090137 -1.551344395 0.025997655 0.007330660 0.999635100 72.109611511
0.999615669 0.005579187 -0.027154719 -2.057500839 -0.005717948 0.999970973 -0.005035059 -1.572098851 0.027125839 0.005188393 0.999618590 73.149528503
0.999602318 0.004619337 -0.027818449 -2.089773655 -0.004717195 0.999982893 -0.003453104 -1.596480966 0.027802024 0.003582955 0.999607027 74.242668152
0.999584854 0.003700717 -0.028572652 -2.120753765 -0.003836408 0.999981582 -0.004695619 -1.622851491 0.028554743 0.004803286 0.999580681 75.340408325
0.999570310 0.003648077 -0.029086810 -2.150850534 -0.003893667 0.999957204 -0.008391166 -1.651420832 0.029054955 0.008500814 0.999541759 76.407859802
0.999541640 0.005061001 -0.029848151 -2.192840338 -0.005369476 0.999932885 -0.010263674 -1.679965019 0.029794207 0.010419239 0.999501705 77.499702454
0.999509156 0.006351184 -0.030677456 -2.228548765 -0.006621629 0.999940038 -0.008722240 -1.707839727 0.030620217 0.008921094 0.999491334 78.574462891
0.999470830 0.007728127 -0.031595819 -2.257612228 -0.007854830 0.999961615 -0.003887922 -1.749053717 0.031564552 0.004134044 0.999493241 79.658073425
0.999455631 0.008227825 -0.031948898 -2.301968575 -0.008232796 0.999966085 -0.000023994 -1.777418613 0.031947613 0.000287009 0.999489546 80.755004883
0.999435544 0.010124763 -0.032032609 -2.348740816 -0.010103203 0.999948621 0.000834866 -1.797033429 0.032039415 -0.000510764 0.999486506 81.857284546
0.999414504 0.009253795 -0.032940030 -2.384576082 -0.009315287 0.999955118 -0.001713776 -1.816063523 0.032922696 0.002019618 0.999455869 82.850410461
0.999389529 0.009318979 -0.033671305 -2.426455498 -0.009410492 0.999952376 -0.002560396 -1.833647728 0.033645846 0.002875696 0.999429703 83.909111023
0.999386787 0.008854288 -0.033878788 -2.472616196 -0.008951697 0.999956250 -0.002724606 -1.857730031 0.033853181 0.003026207 0.999422252 84.966842651
0.999351740 0.007536842 -0.035204425 -2.499276876 -0.007619174 0.999968469 -0.002205099 -1.884336829 0.035186708 0.002471899 0.999377728 85.981712341
0.999346435 0.006690853 -0.035524942 -2.540943623 -0.006723469 0.999976993 -0.000798670 -1.906540155 0.035518780 0.001036999 0.999368489 87.019752502
0.999323785 0.006727805 -0.036150683 -2.585057735 -0.006669302 0.999976218 0.001738718 -1.927645206 0.036161531 -0.001496442 0.999344826 88.010276794
0.999265909 0.004362203 -0.038061250 -2.601637125 -0.004267477 0.999987602 0.002569666 -1.943872571 0.038071994 -0.002405354 0.999272168 88.973449707
0.999224544 0.004502211 -0.039116692 -2.668499708 -0.004414275 0.999987483 0.002334123 -1.955278993 0.039126720 -0.002159641 0.999231935 89.940338135
0.999113023 0.003664848 -0.041950732 -2.711213112 -0.003578863 0.999991357 0.002124594 -1.991766572 0.041958164 -0.001972573 0.999117374 90.873413086
0.999001920 0.005536350 -0.044321913 -2.782636404 -0.005493031 0.999984324 0.001099103 -2.012882710 0.044327293 -0.000854544 0.999016702 91.810112000
0.998861372 0.005340510 -0.047408611 -2.829511881 -0.005285820 0.999985278 0.001278912 -2.029805183 0.047414735 -0.001026863 0.998874724 92.701286316
0.998693585 0.006881339 -0.050633535 -2.878953457 -0.006772576 0.999974430 0.002319296 -2.047150612 0.050648201 -0.001973347 0.998714566 93.572135925
0.998553813 0.007626062 -0.053219110 -2.935017109 -0.007431783 0.999965012 0.003847514 -2.070795298 0.053246588 -0.003446437 0.998575389 94.410850525
0.998360336 0.007953401 -0.056686815 -2.979533911 -0.007678130 0.999957681 0.005072154 -2.083716631 0.056724753 -0.004628588 0.998379111 95.239761353
0.998206913 0.009871998 -0.059039205 -3.041605473 -0.009541235 0.999937177 0.005881716 -2.096245289 0.059093561 -0.005307862 0.998238325 96.021682739
0.998030901 0.012217523 -0.061523065 -3.091885328 -0.011862705 0.999910891 0.006129208 -2.112660885 0.061592463 -0.005387309 0.998086810 96.781944275
0.997840643 0.014264267 -0.064114600 -3.144946814 -0.013984197 0.999890685 0.004814926 -2.125526190 0.064176269 -0.003907937 0.997930884 97.502517700
0.997763634 0.016835118 -0.064688139 -3.258888721 -0.016806936 0.999858320 0.000979836 -2.132964373 0.064695470 0.000109565 0.997905016 98.095993042
0.997642279 0.020878721 -0.065375984 -3.367264271 -0.021171926 0.999768734 -0.003795241 -2.090723515 0.065281622 0.005170428 0.997853458 98.749038696
0.997259557 0.020658068 -0.071039125 -3.331094742 -0.021108503 0.999761522 -0.005595749 -2.151546955 0.070906572 0.007079944 0.997457802 99.414978027
0.997153580 0.022594942 -0.071931556 -3.382349491 -0.023124155 0.999711275 -0.006532871 -2.167515039 0.071763180 0.008177633 0.997388124 100.026550293
0.997156322 0.025213579 -0.071018927 -3.433059692 -0.025712622 0.999650657 -0.006121336 -2.183660984 0.070839770 0.007930011 0.997456193 100.615493774
0.997277856 0.029272979 -0.067676179 -3.485480785 -0.029653788 0.999549568 -0.004628996 -2.200260162 0.067510188 0.006623251 0.997696638 101.180976868
0.997560799 0.031479821 -0.062301941 -3.517901897 -0.031733878 0.999491572 -0.003092258 -2.218935013 0.062172920 0.005061797 0.998052537 101.723175049
0.997973621 0.032594144 -0.054646373 -3.550749540 -0.032709163 0.999464214 -0.001211463 -2.232465506 0.054577600 0.002996447 0.998504996 102.235038757
0.998460472 0.032225445 -0.045148410 -3.564117432 -0.032202221 0.999480605 0.001241800 -2.245752335 0.045164987 0.000213992 0.998979509 102.740364075
0.998948216 0.031932581 -0.032909192 -3.580919266 -0.031874537 0.999489248 0.002287166 -2.258032560 0.032965422 -0.001235793 0.999455690 103.218940735
0.999316573 0.031239785 -0.019758563 -3.579986811 -0.031201141 0.999510527 0.002261112 -2.268051386 0.019819524 -0.001643076 0.999802232 103.676559448
0.999507964 0.031119112 -0.003948368 -3.582818747 -0.031112162 0.999514282 0.001809194 -2.287345648 0.004002750 -0.001685461 0.999990523 104.093025208
0.999492288 0.028918391 0.013379566 -3.551671028 -0.028904408 0.999581397 -0.001237561 -2.306843042 -0.013409764 0.000850203 0.999909818 104.525032043
0.998965859 0.028926546 0.035077117 -3.539666176 -0.028730240 0.999568760 -0.006087549 -2.311805964 -0.035238095 0.005073480 0.999366045 104.905403137
0.997874022 0.026323566 0.059620887 -3.485914230 -0.025691003 0.999605477 -0.011351711 -2.324312687 -0.059896186 0.009795857 0.998156488 105.331298828
0.996078491 0.023840750 0.085201189 -3.414371490 -0.022729704 0.999643803 -0.013986736 -2.336833000 -0.085504316 0.011995288 0.996265650 105.702552795
0.992987633 0.020998212 0.116339169 -3.356545448 -0.019358473 0.999696970 -0.015206609 -2.353311539 -0.116623223 0.012847828 0.993093073 106.109977722
0.988830388 0.019047417 0.147823840 -3.265070915 -0.016656727 0.999709964 -0.017393779 -2.364830971 -0.148112267 0.014737233 0.988860726 106.471214294
0.982720613 0.017696433 0.184247345 -3.201425552 -0.014415771 0.999713063 -0.019130157 -2.373931646 -0.184532985 0.016143532 0.982693732 106.804725647
0.974822283 0.015063412 0.222474068 -3.093902588 -0.010975976 0.999747694 -0.019597715 -2.390416384 -0.222713143 0.016662419 0.974741638 107.150581360
0.965424895 0.013692407 0.260321856 -2.918937683 -0.008232869 0.999723017 -0.022051148 -2.386175156 -0.260551691 0.019145526 0.965270102 107.525802612
0.953549922 0.012558194 0.300973356 -2.787029266 -0.006251201 0.999740422 -0.021909263 -2.428966522 -0.301170349 0.019010130 0.953380883 107.828613281
0.938317239 0.013373481 0.345517039 -2.649272919 -0.006160093 0.999739707 -0.021966727 -2.453363895 -0.345720887 0.018483341 0.938155293 108.147071838
0.920045972 0.016474340 0.391464174 -2.511482239 -0.008497682 0.999719679 -0.022100279 -2.445847034 -0.391718477 0.017006733 0.919927955 108.429481506
0.900596380 0.013404331 0.434449583 -2.275711060 -0.005112481 0.999781907 -0.020248896 -2.472534895 -0.434626311 0.016014967 0.900468528 108.800987244
0.877398133 0.012339235 0.479604185 -2.078151703 -0.002555863 0.999775231 -0.021046421 -2.484569788 -0.479756057 0.017240291 0.877232611 109.097160339
0.851920068 0.012793030 0.523515522 -1.879123688 -0.000682713 0.999727845 -0.023319136 -2.500472784 -0.523671448 0.019508626 0.851696908 109.371887207
0.824013233 0.015036603 0.566370964 -1.665069580 0.000313186 0.999635518 -0.026995014 -2.515280008 -0.566570401 0.022421630 0.823708296 109.636421204
0.792930603 0.019299226 0.609006345 -1.432746887 -0.000299183 0.999510467 -0.031284645 -2.532333136 -0.609311938 0.024624348 0.792548120 109.909164429
0.759549439 0.025437532 0.649951994 -1.185890198 -0.003532256 0.999381542 -0.034985479 -2.548746109 -0.650439978 0.024277404 0.759169519 110.140632629
0.722473025 0.029760428 0.690758228 -0.916023254 -0.004608033 0.999258339 -0.038232148 -2.554637671 -0.691383719 0.024438661 0.722074389 110.379623413
0.682889938 0.029800378 0.729913116 -0.630340576 -0.003353555 0.999285042 -0.037660591 -2.587029696 -0.730513573 0.023270233 0.682501674 110.602828979
0.642719984 0.027669176 0.765601277 -0.314876556 0.001518819 0.999299645 -0.037390180 -2.592292309 -0.766099691 0.025194224 0.642227769 110.803009033
0.598278940 0.025343422 0.800886989 0.001869202 0.003499906 0.999407470 -0.034239948 -2.609554052 -0.801280260 0.023288066 0.597835779 110.993774414
0.554772675 0.024008792 0.831655502 0.346820831 0.006700939 0.999422252 -0.033321999 -2.602596283 -0.831974983 0.024059005 0.554291308 111.144348145
0.508453369 0.020147432 0.860853791 0.698383331 0.008684283 0.999555409 -0.028522883 -2.627408504 -0.861045718 0.021978453 0.508052468 111.276084900
0.454535156 0.018172605 0.890543401 1.046512604 0.005632478 0.999713242 -0.023275172 -2.683514118 -0.890711010 0.015595348 0.454302460 111.480545044
0.402227908 0.018377695 0.915355086 1.429630280 0.003526886 0.999760032 -0.021622095 -2.697055340 -0.915532827 0.011925361 0.402066588 111.623840332
0.351079762 0.023013998 0.936062634 1.804565430 0.000182510 0.999696255 -0.024646942 -2.716380596 -0.936345577 0.008823881 0.350968957 111.736854553
0.301055670 0.028031737 0.953194439 2.168214798 0.000483171 0.999563277 -0.029547958 -2.729778290 -0.953606486 0.009356137 0.300910622 111.817146301
0.254075170 0.030152274 0.966714263 2.561738968 0.002390683 0.999491274 -0.031802922 -2.742176533 -0.967181563 0.010391441 0.253873885 111.892478943
0.212763026 0.029869115 0.976647198 3.002391815 0.008537493 0.999437630 -0.032426015 -2.762337446 -0.977066517 0.015237175 0.212388381 111.956779480
0.177719802 0.029876016 0.983627498 3.450864792 0.017085956 0.999294639 -0.033438936 -2.772283554 -0.983932793 0.022748981 0.177084029 112.006652832
0.147414625 0.030893456 0.988592148 3.885499954 0.022190429 0.999157250 -0.034532554 -2.791303158 -0.988825798 0.027027890 0.146604896 112.039894104
0.118974179 0.029425673 0.992461205 4.345545769 0.019758886 0.999292612 -0.031996872 -2.809036493 -0.992700815 0.023416728 0.118308574 112.093376160
0.093425125 0.025849093 0.995290637 4.843974113 0.014316860 0.999524772 -0.027302936 -2.820807695 -0.995523393 0.016800219 0.093010604 112.134490967
0.069396913 0.021951741 0.997347593 5.372084141 0.008839844 0.999705136 -0.022618718 -2.841082096 -0.997550011 0.010386064 0.069182426 112.180267334
0.046206355 0.019774118 0.998736203 5.897902966 0.012202108 0.999718368 -0.020358093 -2.853642464 -0.998857379 0.013127359 0.045952082 112.207061768
0.026330560 0.020743035 0.999438047 6.469599247 0.021204751 0.999548137 -0.021303965 -2.865018845 -0.999428391 0.021753782 0.025878787 112.202598572
0.009084791 0.022932682 0.999695778 6.980635166 0.025829261 0.999398053 -0.023160581 -2.894385815 -0.999625087 0.026031809 0.008487046 112.184654236
-0.005721331 0.028261591 0.999584079 7.536962509 0.025137335 0.999288678 -0.028109357 -2.908662558 -0.999667645 0.024966057 -0.006427675 112.179924011
-0.016560942 0.032837193 0.999323428 8.114977837 0.024671160 0.999169767 -0.032423280 -2.920101166 -0.999558449 0.024117511 -0.017357379 112.175773621
-0.022652358 0.033273213 0.999189496 8.736222267 0.026342351 0.999118924 -0.032673653 -2.930222034 -0.999396265 0.025580864 -0.023508877 112.145217896
-0.024955094 0.029465105 0.999254227 9.297330856 0.032960281 0.999046385 -0.028635833 -2.973495960 -0.999145031 0.032221086 -0.025902480 112.090904236
-0.025479406 0.028307745 0.999274492 10.055537224 0.036846966 0.998946428 -0.027358931 -2.963305473 -0.998996079 0.036123142 -0.026495606 112.134407043
-0.023008555 0.027571680 0.999355018 10.742643356 0.031169590 0.999153495 -0.026848491 -3.017436028 -0.999249220 0.030531738 -0.023848474 112.108100891
-0.021165252 0.027407587 0.999400198 11.288909912 0.027439374 0.999263585 -0.026822729 -3.062627792 -0.999399424 0.026855208 -0.021901757 112.069374084
-0.019975871 0.028394595 0.999397159 11.984960556 0.028176464 0.999215662 -0.027826248 -3.081141949 -0.999403358 0.027603626 -0.020760238 112.070175171
-0.018985411 0.028690543 0.999407947 12.722238541 0.030190034 0.999148786 -0.028109593 -3.127010345 -0.999363840 0.029638497 -0.019835418 112.062789917
-0.018448582 0.028358828 0.999427497 13.475300789 0.028893696 0.999195278 -0.027818885 -3.151027441 -0.999412298 0.028363945 -0.019253127 112.060226440
-0.018181613 0.026844818 0.999474227 14.233574867 0.028056679 0.999259531 -0.026328666 -3.181646347 -0.999440968 0.027563233 -0.018921325 112.055084229
-0.017829966 0.025918763 0.999505103 15.004099846 0.029030330 0.999255955 -0.025394442 -3.204593658 -0.999419510 0.028563181 -0.018569123 112.041275024
-0.018481290 0.023072381 0.999562919 15.791948318 0.029904036 0.999299109 -0.022513386 -3.242445469 -0.999381781 0.029474890 -0.019158294 112.027519226
-0.019432280 0.021665148 0.999576390 16.569065094 0.027227240 0.999405801 -0.021132139 -3.265048265 -0.999440372 0.026805058 -0.020010617 112.018714905
-0.020894578 0.020648384 0.999568403 17.378133774 0.025897011 0.999462485 -0.020104855 -3.296456575 -0.999446154 0.025465759 -0.021418078 112.014099121
-0.022607265 0.017974064 0.999582827 18.199394226 0.029620176 0.999411464 -0.017301077 -3.318490982 -0.999305487 0.029216684 -0.023126354 112.004539490
-0.024032520 0.016903069 0.999568224 18.982284546 0.031743269 0.999365687 -0.016136447 -3.327277184 -0.999207020 0.031341761 -0.024553835 111.989120483
-0.025198201 0.015346791 0.999564648 19.794439316 0.028258041 0.999493480 -0.014633337 -3.371057749 -0.999282956 0.027877003 -0.025619110 111.957420349
-0.024908178 0.020017244 0.999489307 20.626241684 0.025733110 0.999481022 -0.019375790 -3.400053263 -0.999358475 0.025237357 -0.025410358 111.921394348
-0.025762036 0.024072662 0.999378204 21.451091766 0.026930351 0.999363899 -0.023378110 -3.438668013 -0.999305189 0.026311342 -0.026393935 111.903739929
-0.027762935 0.026350997 0.999267161 22.297279358 0.027147613 0.999303639 -0.025597712 -3.465066910 -0.999245763 0.026417047 -0.028458968 111.909088135
-0.028910317 0.023786483 0.999298930 23.137386322 0.023106223 0.999465585 -0.023121973 -3.499794245 -0.999314904 0.022421557 -0.029444482 111.882743835
-0.029989108 0.020111891 0.999347866 23.989521027 0.019107902 0.999626338 -0.019544095 -3.521633387 -0.999367535 0.018509334 -0.030362200 111.877502441
-0.030179683 0.014347199 0.999441504 24.761152267 0.020389456 0.999697745 -0.013735186 -3.551524639 -0.999336481 0.019963542 -0.030463101 111.838088989
-0.030838145 0.009045739 0.999483407 25.617620468 0.016816355 0.999822080 -0.008529952 -3.570672512 -0.999382854 0.016544620 -0.030984776 111.824920654
-0.030585594 0.007249717 0.999505877 26.461626053 0.014137653 0.999876797 -0.006819786 -3.601972818 -0.999432147 0.013922080 -0.030684326 111.805610657
-0.029693957 0.014191531 0.999458253 27.295112610 0.017522844 0.999752939 -0.013675109 -3.632240057 -0.999405384 0.017107287 -0.029935300 111.778175354
-0.028328376 0.025440900 0.999274850 28.127265930 0.019552080 0.999498904 -0.024892325 -3.657174110 -0.999407411 0.018832745 -0.028811606 111.753059387
-0.027838767 0.030688956 0.999141157 28.967037201 0.021571124 0.999314368 -0.030093241 -3.684228897 -0.999379575 0.020714842 -0.028481673 111.733398438
-0.026783939 0.025010135 0.999328256 29.829113007 0.022872215 0.999440551 -0.024399929 -3.721052170 -0.999379575 0.022203328 -0.027340997 111.716400146
-0.025723683 0.017142074 0.999522030 30.646339417 0.027041191 0.999498963 -0.016445747 -3.749399424 -0.999303222 0.026605222 -0.026174339 111.686080933
-0.024612619 0.014409517 0.999593139 31.457824707 0.028551228 0.999498367 -0.013705144 -3.783778906 -0.999289334 0.028202293 -0.025011679 111.654403687
-0.025982678 0.015519935 0.999541879 32.365093231 0.025996676 0.999551773 -0.014844316 -3.798643351 -0.999324262 0.025599072 -0.026374500 111.667144775
-0.026398094 0.016730713 0.999511480 33.052837372 0.023534453 0.999593198 -0.016110511 -3.822668076 -0.999374449 0.023097668 -0.026781105 111.648040771
-0.028506214 0.016750671 0.999453187 33.876995087 0.021563379 0.999637187 -0.016138727 -3.851978779 -0.999360979 0.021091534 -0.028857071 111.634681702
-0.030670427 0.016786966 0.999388456 34.697486877 0.021279050 0.999643326 -0.016138207 -3.876745939 -0.999303043 0.020771073 -0.031016696 111.613655090
-0.033001021 0.016714852 0.999315500 35.497581482 0.020470953 0.999661744 -0.016044617 -3.912858963 -0.999245584 0.019927453 -0.033332024 111.593078613
-0.035303388 0.017005330 0.999231815 36.302173615 0.018534102 0.999694347 -0.016358379 -3.940823317 -0.999204755 0.017942360 -0.035607778 111.570579529
-0.037171077 0.016113231 0.999178946 37.096214294 0.015808286 0.999754250 -0.015534416 -3.968386173 -0.999183953 0.015217874 -0.037416667 111.544624329
-0.039204635 0.015686806 0.999108076 37.890743256 0.016412983 0.999751985 -0.015052879 -3.985177040 -0.999096394 0.015808200 -0.039452374 111.514541626
-0.041376077 0.015055979 0.999030173 38.689647675 0.015017016 0.999782860 -0.014445372 -4.019160271 -0.999030769 0.014404758 -0.041593194 111.495132446
-0.042771507 0.016607493 0.998946846 39.470142365 0.016691778 0.999734104 -0.015905896 -4.043960094 -0.998945475 0.015993878 -0.043037347 111.457748413
-0.044330388 0.016487641 0.998880804 40.249839783 0.016738571 0.999735653 -0.015758893 -4.071510315 -0.998876750 0.016021237 -0.044594646 111.427200317
-0.045684151 0.015313859 0.998838544 41.117919922 0.018155141 0.999730051 -0.014497161 -4.098061562 -0.998790860 0.017471764 -0.045949843 111.389167786
-0.047059584 0.014830102 0.998781979 41.899211884 0.018596102 0.999729514 -0.013967981 -4.122781754 -0.998718917 0.017916121 -0.047322635 111.354209900
-0.048596185 0.014222041 0.998717189 42.655609131 0.017047703 0.999764681 -0.013407441 -4.150298119 -0.998673022 0.016374281 -0.048827209 111.324989319
-0.050053366 0.013540532 0.998654723 43.404842377 0.015861182 0.999792755 -0.012760986 -4.171929359 -0.998620570 0.015201113 -0.050257761 111.294906616
-0.050607309 0.011963991 0.998646915 44.137111664 0.014596341 0.999830306 -0.011238485 -4.199787140 -0.998611927 0.014007843 -0.050773349 111.262741089
-0.051760100 0.011996491 0.998587549 44.849651337 0.014512599 0.999831319 -0.011259198 -4.224325180 -0.998554111 0.013909322 -0.051925465 111.229690552
-0.051613797 0.014442416 0.998562694 45.550201416 0.015095612 0.999792457 -0.013679939 -4.247725964 -0.998552918 0.014367839 -0.051821101 111.196479797
-0.051215142 0.017505292 0.998534203 46.252258301 0.014900556 0.999748409 -0.016762326 -4.269644737 -0.998576403 0.014020231 -0.051463097 111.152366638
-0.051425938 0.018914578 0.998497546 46.956378937 0.012989987 0.999748707 -0.018269250 -4.291997910 -0.998592317 0.012030955 -0.051658709 111.126976013
-0.053167172 0.020483302 0.998375654 47.787189484 0.013004883 0.999719024 -0.019818306 -4.302673817 -0.998500943 0.011930072 -0.053418618 111.116912842
-0.053084113 0.020174397 0.998386323 48.483406067 0.014130425 0.999710977 -0.019449854 -4.329401016 -0.998490095 0.013075141 -0.053353850 111.079292297
-0.053192407 0.019631233 0.998391271 49.178276062 0.015022006 0.999709308 -0.018856810 -4.355567455 -0.998471260 0.013994797 -0.053471848 111.044960022
-0.053575952 0.019688228 0.998369634 49.861331940 0.011198324 0.999754608 -0.019114600 -4.381532669 -0.998500884 0.010155987 -0.053783283 111.015792847
-0.053430818 0.019508092 0.998380959 50.541164398 0.008026287 0.999785244 -0.019105988 -4.413260460 -0.998539269 0.006992443 -0.053575922 110.988540649
-0.053550918 0.017953163 0.998403728 51.207641602 0.010674483 0.999791563 -0.017405575 -4.444052696 -0.998507977 0.009725359 -0.053731397 110.955917358
-0.054293849 0.018148776 0.998360038 51.896419525 0.011237612 0.999782681 -0.017563501 -4.458856583 -0.998461723 0.010265592 -0.054485995 110.914520264
-0.058408365 0.017152784 0.998145342 52.582824707 0.007151710 0.999833941 -0.016763307 -4.485598564 -0.998267114 0.006159330 -0.058521342 110.899230957
-0.063737750 0.016927164 0.997823179 53.263099670 0.004481598 0.999850869 -0.016675297 -4.504381180 -0.997956634 0.003408996 -0.063804120 110.862678528
-0.069716156 0.021560019 0.997333884 53.906932831 0.009261908 0.999737322 -0.020964550 -4.526057243 -0.997523904 0.007775646 -0.069897518 110.821258545
-0.076069370 0.024117416 0.996810913 54.548240662 0.010261626 0.999673426 -0.023403585 -4.552587032 -0.997049749 0.008448604 -0.076292038 110.746391296
-0.083005071 0.025872087 0.996213257 55.222557068 0.009656305 0.999636889 -0.025156435 -4.574898243 -0.996502399 0.007531628 -0.083224781 110.687805176
-0.089250363 0.025154876 0.995691478 55.896842957 0.006289007 0.999675274 -0.024691794 -4.600431442 -0.995989382 0.004058159 -0.089379601 110.632781982
-0.094906151 0.023854081 0.995200276 56.585319519 0.005531364 0.999710143 -0.023434680 -4.630350113 -0.995470881 0.003280720 -0.095010586 110.572303772
-0.099582240 0.024345977 0.994731486 57.281558990 0.003351963 0.999703169 -0.024132097 -4.657542229 -0.995023668 0.000931175 -0.099634297 110.506530762
-0.104325160 0.024181221 0.994249225 57.996944427 0.001446072 0.999706984 -0.024162225 -4.675911903 -0.994542241 -0.001082974 -0.104329586 110.446441650
-0.106021300 0.020203572 0.994158566 58.682811737 0.001503505 0.999795675 -0.020157790 -4.710357666 -0.994362712 -0.000642432 -0.106030025 110.358406067
-0.107458785 0.017287796 0.994059145 59.385623932 0.002808962 0.999850094 -0.017084852 -4.732084274 -0.994205594 0.000956358 -0.107491247 110.283363342
-0.108951077 0.014728037 0.993938029 60.124549866 0.003190929 0.999890268 -0.014466463 -4.755002022 -0.994041979 0.001595449 -0.108986139 110.205749512
-0.110439494 0.014375059 0.993778884 60.828201294 0.002978148 0.999895632 -0.014132576 -4.778162479 -0.993878424 0.001398826 -0.110470794 110.131439209
-0.110663414 0.017924663 0.993696332 61.563034058 0.003784022 0.999837637 -0.017614037 -4.799825668 -0.993850768 0.001810939 -0.110713303 110.046577454
-0.111377433 0.022233551 0.993529379 62.285938263 0.011905773 0.999707818 -0.021037141 -4.819658279 -0.993706882 0.009485672 -0.111609608 109.963462830
-0.111030310 0.027214887 0.993444264 63.004585266 0.018503990 0.999508262 -0.025312945 -4.846859932 -0.993644655 0.015572180 -0.111479305 109.869178772
-0.111747399 0.028685482 0.993322551 63.755550385 0.020020578 0.999445319 -0.026610013 -4.868972778 -0.993534923 0.016913291 -0.112259731 109.785842896
-0.112113371 0.025952183 0.993356407 64.509422302 0.017232399 0.999559402 -0.024169333 -4.901381493 -0.993545890 0.014408210 -0.112511180 109.708442688
-0.112230897 0.021448698 0.993450582 65.259262085 0.017781418 0.999650240 -0.019573770 -4.928084850 -0.993523002 0.015468180 -0.112573050 109.626144409
-0.112368539 0.019403990 0.993477166 66.001998901 0.020108307 0.999648988 -0.017250160 -4.958065033 -0.993463099 0.018038766 -0.112719283 109.540870667
-0.113429308 0.019419756 0.993356228 66.747627258 0.019559493 0.999658763 -0.017309513 -4.974315643 -0.993353426 0.017466141 -0.113770455 109.460700989
-0.114836738 0.019799782 0.993187010 67.455474854 0.018649416 0.999668062 -0.017772656 -5.013695240 -0.993209243 0.016481407 -0.115167871 109.373771667
-0.116739511 0.020978937 0.992940962 68.208358765 0.020273175 0.999618888 -0.018736523 -5.033409119 -0.992955625 0.017942773 -0.117120348 109.284667969
-0.119615719 0.020783134 0.992602646 68.962615967 0.019453008 0.999638021 -0.018586215 -5.059444904 -0.992629647 0.017085904 -0.119976707 109.220108032
-0.121338561 0.021045567 0.992388010 69.708969116 0.020272974 0.999619186 -0.018720159 -5.083165169 -0.992404103 0.017847180 -0.121719025 109.128501892
-0.123108923 0.020939471 0.992172182 70.460586548 0.020556547 0.999616683 -0.018545922 -5.105843067 -0.992180169 0.018112468 -0.123492174 109.033760071
-0.125264376 0.020801444 0.991905272 71.198043823 0.016790995 0.999681473 -0.018844040 -5.136810780 -0.991981208 0.014294590 -0.125573754 108.955596924
-0.126103893 0.022201344 0.991768599 71.965049744 0.017454959 0.999644458 -0.020158244 -5.166798115 -0.991863430 0.014769251 -0.126446590 108.860481262
-0.126636267 0.023160467 0.991678834 72.729194641 0.016336665 0.999640524 -0.021260237 -5.179850101 -0.991814733 0.013508406 -0.126969114 108.759628296
-0.128267780 0.023346905 0.991464734 73.489471436 0.017024394 0.999627411 -0.021336637 -5.211910248 -0.991593480 0.014142279 -0.128617480 108.665130615
-0.129329577 0.021121589 0.991376698 74.246620178 0.015693799 0.999691606 -0.019251416 -5.243653774 -0.991477430 0.013068689 -0.129621163 108.572799683
-0.130603433 0.018982569 0.991252959 74.989685059 0.014643868 0.999744594 -0.017215772 -5.276105404 -0.991326511 0.012267341 -0.130848035 108.484985352
-0.132098481 0.016607951 0.991097391 75.807205200 0.011456672 0.999818444 -0.015227086 -5.310289383 -0.991170406 0.009343202 -0.132264718 108.375106812
-0.134297922 0.016316097 0.990806580 76.603790283 0.012992168 0.999807477 -0.014703306 -5.330402374 -0.990855932 0.010898102 -0.134484023 108.270011902
-0.135932401 0.016907528 0.990573764 77.395050049 0.014108909 0.999786139 -0.015128653 -5.356335640 -0.990617692 0.011919443 -0.136141866 108.163246155
-0.138197705 0.018403672 0.990233660 78.199737549 0.013367862 0.999771059 -0.016715296 -5.376060009 -0.990314424 0.010927292 -0.138412088 108.056350708
-0.139765605 0.021814818 0.989944279 78.995971680 0.014819115 0.999691486 -0.019937366 -5.402325630 -0.990073621 0.011883542 -0.140045747 107.946830750
-0.140247017 0.025977157 0.989775717 79.807479858 0.017528078 0.999564290 -0.023750411 -5.427403450 -0.989961386 0.014017941 -0.140641212 107.832191467
-0.141318813 0.029949762 0.989510953 80.638420105 0.018141307 0.999452710 -0.027659792 -5.458652496 -0.989797890 0.014042172 -0.141784817 107.719673157
-0.141016155 0.031136282 0.989517570 81.447463989 0.020724641 0.999379158 -0.028493121 -5.487275124 -0.989790380 0.016489403 -0.141573876 107.598159790
-0.140513927 0.030407880 0.989611626 82.274459839 0.023709323 0.999344885 -0.027340494 -5.522552967 -0.989794850 0.019621303 -0.141142830 107.479743958
-0.140559822 0.028534330 0.989660919 83.114280701 0.024694540 0.999374688 -0.025307078 -5.547482491 -0.989764154 0.020882061 -0.141176537 107.355522156
-0.140638337 0.026844155 0.989697039 83.949432373 0.022585889 0.999459267 -0.023899429 -5.584687710 -0.989803374 0.018992012 -0.141168579 107.262710571
-0.137766227 0.024723802 0.990156114 84.751602173 0.021684360 0.999524117 -0.021940645 -5.614480495 -0.990227342 0.018448221 -0.138236806 107.121513367
-0.137530878 0.020823363 0.990278602 85.623893738 0.019431259 0.999643326 -0.018321652 -5.644944191 -0.990306854 0.016722564 -0.137886405 107.061218262
-0.135675624 0.017427837 0.990600049 86.486824036 0.020077169 0.999688387 -0.014837900 -5.672377110 -0.990549803 0.017875303 -0.135983229 106.945602417
-0.134464085 0.017456444 0.990764797 87.335083008 0.018472211 0.999715269 -0.015107143 -5.700534344 -0.990746260 0.016270246 -0.134748235 106.837677002
-0.133194551 0.021289060 0.990861297 88.193466187 0.019660546 0.999629259 -0.018834615 -5.737917423 -0.990894914 0.016972205 -0.133563712 106.730316162
-0.131453231 0.027523879 0.990940273 89.037948608 0.019938165 0.999485672 -0.025116339 -5.770783424 -0.991121888 0.016455911 -0.131934375 106.621063232
-0.129591778 0.031166522 0.991077483 89.876296997 0.018547472 0.999407172 -0.029003233 -5.798254967 -0.991393983 0.014623402 -0.130093023 106.508262634
-0.127946079 0.028452225 0.991373003 90.739250183 0.015887823 0.999518931 -0.026635539 -5.837592125 -0.991653800 0.012342848 -0.128336579 106.410011292
