1.000000000 0.000000000 0.000000000 0.000000000 0.000000000 1.000000000 0.000000000 0.000000000 0.000000000 0.000000000 1.000000000 0.000000000
0.999998450 0.000822526 0.001517890 0.000102058 -0.000820953 0.999999106 -0.001036963 -0.018643489 -0.001518742 0.001035715 0.999998331 1.206585765
0.999995530 0.000906927 0.002856137 0.001220531 -0.000905403 0.999999464 -0.000535085 -0.040102743 -0.002856621 0.000532497 0.999995768 2.416371107
0.999991119 0.000185539 0.004218363 -0.003043151 -0.000185328 1.000000000 -0.000050465 -0.061859004 -0.004218372 0.000049682 0.999991059 3.617568970
0.999989331 -0.000175675 0.004620142 0.005689718 0.000176632 0.999999940 -0.000206787 -0.078484148 -0.004620105 0.000207601 0.999989331 4.826013565
0.999985754 -0.000251935 0.005345576 0.011790462 0.000253424 0.999999940 -0.000277809 -0.096616484 -0.005345506 0.000279159 0.999985754 6.031767368
0.999980628 0.000144193 0.006214541 0.011578090 -0.000138110 0.999999464 -0.000979190 -0.122115269 -0.006214679 0.000978312 0.999980211 7.212306499
0.999976933 -0.000149400 0.006791988 0.018947016 0.000158821 0.999999046 -0.001386489 -0.140350163 -0.006791774 0.001387535 0.999975920 8.411271095
0.999975264 -0.000684055 0.007002110 0.022398584 0.000682889 0.999999702 0.000168901 -0.160869256 -0.007002224 -0.000164116 0.999975443 9.604341507
0.999983609 -0.001316345 0.005586999 0.025746748 0.001310048 0.999998510 0.001130587 -0.181947738 -0.005588478 -0.001123249 0.999983788 10.813517570
0.999990702 -0.002578459 0.003462180 0.021456702 0.002575952 0.999996364 0.000728185 -0.200273171 -0.003464045 -0.000719259 0.999993742 12.008521080
0.999996245 -0.002576852 0.000943276 0.026069269 0.002576807 0.999996662 0.000049108 -0.220507756 -0.000943399 -0.000046677 0.999999583 13.207745552
0.999997377 -0.002235318 -0.000477230 0.022075914 0.002235323 0.999997497 0.000009928 -0.240780935 0.000477207 -0.000010995 0.999999940 14.414965630
0.999999285 -0.000575846 -0.001092780 0.009530505 0.000575552 0.999999702 -0.000269311 -0.260227144 0.001092935 0.000268681 0.999999344 15.640222549
0.999999046 -0.000820930 -0.001030590 -0.016200842 0.000820538 0.999999583 -0.000381347 -0.274364471 0.001030902 0.000380501 0.999999404 16.772911072
0.999997914 -0.001438685 -0.001404176 -0.021466129 0.001438653 0.999998927 -0.000023822 -0.291920215 0.001404209 0.000021802 0.999998987 17.980106354
0.999992669 -0.002858653 -0.002540133 -0.017241079 0.002859761 0.999995828 0.000432818 -0.320068747 0.002538885 -0.000440079 0.999996662 19.176172256
0.999994278 -0.001593531 -0.002990500 -0.031493738 0.001591697 0.999998569 -0.000615350 -0.335795134 0.002991476 0.000610586 0.999995291 20.361560822
0.999990582 -0.002010512 -0.003855982 -0.037565608 0.002005226 0.999997079 -0.001374278 -0.357540548 0.003858733 0.001366533 0.999991655 21.567432404
0.999988854 -0.000906976 -0.004641067 -0.049146447 0.000902277 0.999999106 -0.001014491 -0.377875656 0.004641983 0.001010292 0.999988675 22.765119553
0.999986351 -0.001149472 -0.005093887 -0.059269801 0.001144172 0.999998927 -0.001043276 -0.405610889 0.005095081 0.001037434 0.999986470 24.002882004
0.999977589 -0.002126060 -0.006338694 -0.054327324 0.002119168 0.999997139 -0.001093831 -0.439925402 0.006341001 0.001080374 0.999979317 25.163995743
0.999967933 -0.002166645 -0.007701432 -0.063430935 0.002163335 0.999997497 -0.000438094 -0.458835363 0.007702362 0.000421419 0.999970257 26.370006561
0.999960959 -0.003459449 -0.008134098 -0.074233383 0.003467999 0.999993384 0.001037170 -0.477046251 0.008130456 -0.001065339 0.999966383 27.581586838
0.999949574 -0.003787371 -0.009298566 -0.082267314 0.003800737 0.999991715 0.001420120 -0.498871386 0.009293111 -0.001455390 0.999955773 28.793117523
0.999950171 -0.003774626 -0.009238290 -0.108968496 0.003777936 0.999992847 0.000340820 -0.516930759 0.009236937 -0.000375705 0.999957263 30.006719589
0.999929428 -0.004322667 -0.011064200 -0.111424893 0.004316997 0.999990523 -0.000536308 -0.537004113 0.011066414 0.000488506 0.999938607 31.114814758
0.999926865 -0.003515068 -0.011570591 -0.132829979 0.003507329 0.999993682 -0.000689009 -0.551373422 0.011572939 0.000648376 0.999932826 32.330478668
0.999917686 -0.004149915 -0.012137687 -0.151683897 0.004147599 0.999991357 -0.000216022 -0.575212002 0.012138478 0.000165662 0.999926329 33.524642944
0.999900639 -0.004624906 -0.013314296 -0.159292340 0.004622811 0.999989331 -0.000188050 -0.587752104 0.013315023 0.000126482 0.999911308 34.733207703
0.999896467 -0.005400598 -0.013334835 -0.179084748 0.005400570 0.999985456 -0.000038143 -0.617524505 0.013334847 -0.000033877 0.999911070 35.974922180
0.999889374 -0.005149430 -0.013954376 -0.209854513 0.005148088 0.999986827 -0.000132091 -0.635974050 0.013954871 0.000060238 0.999902606 37.117359161
0.999890268 -0.005969157 -0.013558586 -0.255069643 0.005978056 0.999981880 0.000615942 -0.663235426 0.013554664 -0.000696928 0.999907911 38.428974152
0.999887168 -0.005579532 -0.013944685 -0.267302901 0.005601252 0.999983132 0.001518970 -0.675816655 0.013935973 -0.001596906 0.999901652 39.647003174
0.999890506 -0.005338615 -0.013800899 -0.285659939 0.005371605 0.999982774 0.002354464 -0.696951270 0.013788093 -0.002428339 0.999902010 40.863758087
0.999896526 -0.004270760 -0.013734774 -0.310714036 0.004296484 0.999989033 0.001843968 -0.715747476 0.013726746 -0.001902788 0.999903977 42.088630676
0.999909163 -0.002605299 -0.013222468 -0.342007399 0.002632442 0.999994397 0.002035842 -0.741195500 0.013217092 -0.002070464 0.999910533 43.283615112
0.999916315 0.000281037 -0.012934294 -0.366180658 -0.000234513 0.999993503 0.003598307 -0.743590713 0.012935221 -0.003594973 0.999909878 44.495033264
0.999929309 -0.000106927 -0.011888305 -0.359612763 0.000188042 0.999976635 0.006822201 -0.761788726 0.011887298 -0.006823953 0.999906063 45.714195251
0.999949276 0.000822889 -0.010037444 -0.378422827 -0.000727966 0.999954939 0.009456868 -0.769380569 0.010044774 -0.009449081 0.999904931 46.938873291
0.999967515 0.001244523 -0.007961378 -0.399188399 -0.001143831 0.999919415 0.012639629 -0.772829056 0.007976465 -0.012630112 0.999888361 48.148265839
0.999976873 0.000730651 -0.006751137 -0.419092953 -0.000636030 0.999901593 0.014007083 -0.781364143 0.006760707 -0.014002467 0.999879122 49.345394135
0.999980807 -0.001547597 -0.005990322 -0.403754473 0.001621148 0.999923110 0.012292922 -0.783380330 0.005970836 -0.012302396 0.999906421 50.560123444
0.999989390 0.000324180 -0.004590917 -0.437144279 -0.000274326 0.999940991 0.010855646 -0.789723873 0.004594165 -0.010854270 0.999930561 51.768512726
0.999992371 0.000698526 -0.003854957 -0.449299335 -0.000658036 0.999944746 0.010494707 -0.795879245 0.003862076 -0.010492089 0.999937475 52.984634399
0.999990642 0.000306761 -0.004304247 -0.455009758 -0.000263451 0.999949396 0.010059050 -0.805222929 0.004307115 -0.010057823 0.999940157 54.199810028
0.999987245 -0.000551748 -0.005028467 -0.458521008 0.000594719 0.999963343 0.008548046 -0.810610533 0.005023566 -0.008550926 0.999950886 55.412780762
0.999974072 0.000139874 -0.007205412 -0.470229268 -0.000075443 0.999960065 0.008941585 -0.816725135 0.007206373 -0.008940808 0.999934077 56.624721527
0.999969959 -0.000385892 -0.007756243 -0.501734972 0.000461772 0.999952018 0.009783764 -0.825793982 0.007752096 -0.009787049 0.999922037 57.839607239
0.999950767 -0.000873364 -0.009894132 -0.504449606 0.000974036 0.999947727 0.010174682 -0.835148990 0.009884729 -0.010183819 0.999899268 59.053703308
0.999954939 0.000395137 -0.009487398 -0.536481202 -0.000300338 0.999950051 0.009991419 -0.843832195 0.009490871 -0.009988119 0.999905050 60.274513245
0.999943912 0.000953296 -0.010554445 -0.545451045 -0.000849130 0.999950826 0.009869508 -0.853853285 0.010563337 -0.009859992 0.999895573 61.508823395
0.999950886 0.001254780 -0.009824552 -0.585247993 -0.001164453 0.999957025 0.009194313 -0.855858624 0.009835669 -0.009182421 0.999909461 62.634201050
0.999945939 0.000061485 -0.010396137 -0.595699012 0.000023982 0.999966204 0.008220670 -0.865384400 0.010396291 -0.008220477 0.999912202 63.855388641
0.999941051 0.000253665 -0.010848939 -0.609170258 -0.000152322 0.999956369 0.009341114 -0.873463273 0.010850835 -0.009338913 0.999897540 65.069686890
0.999942482 0.000090983 -0.010725841 -0.633234799 0.000025021 0.999941468 0.010814724 -0.886765480 0.010726199 -0.010814371 0.999883950 66.287712097
0.999933600 -0.000894852 -0.011481391 -0.661591947 0.001006331 0.999952316 0.009707487 -0.903604984 0.011472161 -0.009718397 0.999886990 67.513542175
0.999934077 0.000706138 -0.011453375 -0.683295488 -0.000609300 0.999963999 0.008456293 -0.912162423 0.011458935 -0.008448758 0.999898672 68.722511292
0.999929965 0.003124698 -0.011408197 -0.706704140 -0.003020557 0.999953628 0.009134493 -0.923772216 0.011436211 -0.009099394 0.999893188 69.933723450
0.999924898 0.005669504 -0.010862512 -0.745286107 -0.005573257 0.999945104 0.008870385 -0.930209935 0.010912206 -0.008809179 0.999901712 71.112915039
0.999920189 0.006656630 -0.010727828 -0.757520080 -0.006554176 0.999932826 0.009557238 -0.950247109 0.010790727 -0.009486165 0.999896824 72.338417053
0.999915242 0.007459105 -0.010666283 -0.769740283 -0.007347881 0.999918640 0.010429041 -0.956643581 0.010743205 -0.010349784 0.999888659 73.518791199
0.999925077 0.009011734 -0.008281613 -0.789894223 -0.008918720 0.999897480 0.011200396 -0.964754224 0.008381697 -0.011125694 0.999902964 74.717895508
0.999956727 0.007267504 -0.005796693 -0.795807302 -0.007211854 0.999928296 0.009563820 -0.984018266 0.005865782 -0.009521602 0.999937415 75.915412903
0.999983549 0.004742292 -0.003227851 -0.806358874 -0.004727996 0.999978960 0.004422165 -0.995570064 0.003248753 -0.004406830 0.999984980 77.079154968
0.999976814 0.006787682 -0.000613784 -0.819068551 -0.006785210 0.999969184 0.003944464 -1.004838705 0.000640537 -0.003940206 0.999992073 78.250488281
0.999976575 0.006670833 0.001540321 -0.815590203 -0.006681673 0.999952137 0.007143690 -1.028319001 -0.001492593 -0.007153813 0.999973297 79.421104431
0.999965847 0.006135181 0.005537501 -0.818312645 -0.006182857 0.999943614 0.008634016 -1.042521477 -0.005484217 -0.008667959 0.999947369 80.600639343
0.999929965 0.006914782 0.009605039 -0.814376831 -0.006978604 0.999953687 0.006627127 -1.052375555 -0.009558769 -0.006693693 0.999931931 81.770652771
0.999902546 0.005608821 0.012782486 -0.801469207 -0.005658319 0.999976575 0.003839446 -1.069198012 -0.012760652 -0.003911398 0.999910951 82.937187195
0.999862134 0.004418352 0.016005185 -0.783616185 -0.004430503 0.999989927 0.000723770 -1.094832301 -0.016001826 -0.000794581 0.999871731 84.113151550
0.999829233 0.004099387 0.018020786 -0.736956477 -0.004084132 0.999991238 -0.000883284 -1.100563765 -0.018024249 0.000809533 0.999837220 85.301437378
0.999733627 0.003913621 0.022746794 -0.736561060 -0.003944608 0.999991357 0.001317540 -1.138308048 -0.022741443 -0.001406917 0.999740362 86.484367371
0.999628067 0.004826596 0.026843920 -0.713970900 -0.004879461 0.999986291 0.001904144 -1.158165097 -0.026834365 -0.002034420 0.999637723 87.655601501
0.999525189 0.004384945 0.030496936 -0.683426619 -0.004375103 0.999990344 -0.000389440 -1.175355673 -0.030498350 0.000255828 0.999534726 88.830902100
0.999418974 0.004207984 0.033820238 -0.647178411 -0.004121648 0.999988019 -0.002622106 -1.200405121 -0.033830866 0.002481188 0.999424398 89.978767395
0.999311864 0.003817414 0.036894783 -0.602855444 -0.003694968 0.999987364 -0.003386437 -1.214888334 -0.036907248 0.003247781 0.999313354 91.164245605
0.999193132 0.001950990 0.040115781 -0.567472935 -0.001868394 0.999996066 -0.002096333 -1.243665695 -0.040119715 0.002019689 0.999192774 92.317039490
0.999072015 0.001950914 0.043027662 -0.506759167 -0.001934195 0.999998033 -0.000430192 -1.267851353 -0.043028414 0.000346569 0.999073744 93.502250671
0.999000430 0.000880202 0.044691242 -0.439173222 -0.000931420 0.999998927 0.001125236 -1.274943352 -0.044690199 -0.001165738 0.999000192 94.688728333
0.998894036 -0.000559679 0.047016218 -0.385077953 0.000460208 0.999997675 0.002126473 -1.292605162 -0.047017295 -0.002102484 0.998891890 95.857391357
0.998779178 -0.001212050 0.049384110 -0.333717346 0.001219401 0.999999225 -0.000118733 -1.308833480 -0.049383938 0.000178807 0.998779833 97.012329102
0.998666465 -0.002871788 0.051545396 -0.276448250 0.003052281 0.999989450 -0.003423257 -1.339576364 -0.051535022 0.003576022 0.998664796 98.181015015
0.998519242 -0.002003192 0.054363415 -0.232653618 0.002346269 0.999977708 -0.006247717 -1.358693123 -0.054349691 0.006366017 0.998501599 99.365226746
0.998404682 -0.002411653 0.056411609 -0.167394161 0.002846517 0.999966919 -0.007629686 -1.372420788 -0.056391343 0.007778089 0.998378456 100.576705933
0.998409390 -0.002412309 0.056326147 -0.095649242 0.002785078 0.999974728 -0.006540482 -1.409524679 -0.056308955 0.006686952 0.998390973 101.746726990
0.998471975 -0.002219040 0.055214547 -0.024083614 0.002480249 0.999986053 -0.004662744 -1.429780483 -0.055203430 0.004792565 0.998463631 102.927764893
0.998502612 -0.002903873 0.054626003 0.017586708 0.003089850 0.999989688 -0.003320376 -1.456866860 -0.054615807 0.003484190 0.998501360 104.096740723
0.998628497 -0.001998410 0.052317716 0.069925308 0.002139261 0.999994218 -0.002636365 -1.474695444 -0.052312158 0.002744671 0.998627007 105.284202576
0.998729050 -0.001855353 0.050366919 0.123400211 0.002005846 0.999993682 -0.002937541 -1.479463696 -0.050361142 0.003034836 0.998726487 106.360466003
0.998891532 -0.001313971 0.047052279 0.176634789 0.001457789 0.999994397 -0.003022392 -1.499655724 -0.047048040 0.003087634 0.998887897 107.574134827
0.999059558 0.000046043 0.043358620 0.222969532 0.000099162 0.999994397 -0.003346773 -1.523423433 -0.043358527 0.003347925 0.999054015 108.794868469
0.999198854 0.000253588 0.040018819 0.265501499 -0.000132059 0.999995410 -0.003039417 -1.543221831 -0.040019404 0.003031697 0.999194324 110.020118713
0.999351025 0.000689029 0.036013111 0.301202774 -0.000612001 0.999997497 -0.002149894 -1.564289212 -0.036014505 0.002126459 0.999348998 111.235244751
0.999505520 0.001135594 0.031422716 0.340131760 -0.001100051 0.999998689 -0.001148385 -1.590516329 -0.031423979 0.001113251 0.999505520 112.451171875
0.999613464 0.001363398 0.027768789 0.355647564 -0.001339003 0.999998748 -0.000897117 -1.599993229 -0.027769968 0.000859588 0.999614060 113.676063538
0.999733210 0.002682820 0.022939045 0.367646694 -0.002677215 0.999996424 -0.000275058 -1.641482592 -0.022939693 0.000213572 0.999736905 114.884460449
0.999831319 0.004067616 0.017911863 0.383436203 -0.004063870 0.999991655 -0.000245522 -1.658154249 -0.017912712 0.000172689 0.999839485 116.120140076
0.999902070 0.003123847 0.013646167 0.391884565 -0.003111640 0.999994755 -0.000915627 -1.672296047 -0.013648961 0.000873075 0.999906480 117.331329346
0.999948859 0.003700496 0.009411167 0.400159538 -0.003683610 0.999991536 -0.001810923 -1.685157657 -0.009417795 0.001776164 0.999954045 118.541961670
0.999973774 0.005572984 0.004629795 0.431666821 -0.005564230 0.999982655 -0.001901370 -1.701536059 -0.004640312 0.001875559 0.999987483 119.643112183
0.999968886 0.007487829 0.002492523 0.427396119 -0.007483599 0.999970555 -0.001701974 -1.722922921 -0.002505194 0.001683268 0.999995470 120.891181946
0.999960959 0.008664035 0.001748198 0.416495919 -0.008660201 0.999960124 -0.002189283 -1.740492105 -0.001767096 0.002174058 0.999996126 122.153747559
0.999935627 0.011323972 0.000638752 0.407732725 -0.011322821 0.999934316 -0.001778456 -1.766563773 -0.000658848 0.001771110 0.999998212 123.394920349
0.999929845 0.011839708 -0.000067559 0.397508472 -0.011839766 0.999929488 -0.000940857 -1.791823626 0.000056415 0.000941591 0.999999642 124.642997742
0.999930739 0.011752567 -0.000651279 0.391209275 -0.011752822 0.999930799 -0.000387797 -1.812361836 0.000646675 0.000395424 0.999999702 125.882614136
0.999876618 0.015675003 -0.000994843 0.374000520 -0.015673207 0.999875546 0.001786514 -1.842221618 0.001022723 -0.001770701 0.999997914 127.152107239
0.999867678 0.016214358 -0.001309953 0.334987283 -0.016209017 0.999860704 0.003989982 -1.827247143 0.001374465 -0.003968221 0.999991179 128.402893066
0.999871910 0.015989713 -0.000556509 0.304087490 -0.015987735 0.999866426 0.003391100 -1.844814301 0.000610658 -0.003381768 0.999994099 129.736267090
0.999869406 0.015767828 -0.003525204 0.342243969 -0.015761949 0.999874353 0.001689540 -1.852080464 0.003551401 -0.001633755 0.999992311 131.032058716
0.999907196 0.012891419 -0.004398176 0.336917996 -0.012879747 0.999913394 0.002672011 -1.865682006 0.004432241 -0.002615116 0.999986768 132.307785034
0.999927759 0.010740730 -0.005380319 0.335623682 -0.010716524 0.999932408 0.004508074 -1.878787994 0.005428376 -0.004450091 0.999975324 133.583480835
0.999958575 0.007131383 -0.005652031 0.329821110 -0.007095632 0.999954820 0.006320531 -1.894802332 0.005696851 -0.006280164 0.999964058 134.853225708
0.999974847 0.005160181 -0.004861095 0.301332712 -0.005122909 0.999957621 0.007648706 -1.915708661 0.004900358 -0.007623610 0.999958932 136.117691040
0.999988019 0.001089329 -0.004773943 0.304641366 -0.001063252 0.999984503 0.005461595 -1.919665098 0.004779818 -0.005456453 0.999973655 137.361831665
0.999984980 -0.001543763 -0.005254607 0.299759865 0.001566749 0.999989212 0.004372772 -1.933884621 0.005247801 -0.004380939 0.999976635 138.634170532
0.999989688 -0.000758936 -0.004482731 0.269330323 0.000774610 0.999993503 0.003495667 -1.926929355 0.004480050 -0.003499103 0.999983788 140.012573242
0.999991059 -0.001185674 -0.004056585 0.260689199 0.001200545 0.999992490 0.003665529 -1.940185785 0.004052209 -0.003670366 0.999985039 141.300048828
0.999993801 -0.001041322 -0.003349354 0.249449581 0.001060675 0.999982715 0.005781801 -1.959509254 0.003343276 -0.005785319 0.999977648 142.576217651
0.999994516 0.002269566 -0.002402690 0.235316873 -0.002251018 0.999967754 0.007694609 -1.974005580 0.002420076 -0.007689158 0.999967456 143.872955322
0.999997675 0.001716458 -0.001269999 0.218691900 -0.001709656 0.999984264 0.005337206 -1.981879711 0.001279140 -0.005335023 0.999984980 145.145019531
0.999996841 0.001963667 -0.001569944 0.226866797 -0.001958108 0.999991715 0.003535034 -2.000521898 0.001576873 -0.003531949 0.999992490 146.435836792
0.999998033 0.001560104 -0.001173769 0.220774844 -0.001558171 0.999997437 0.001646096 -2.032339573 0.001176334 -0.001644263 0.999997914 147.699157715
0.999999762 0.000228796 -0.000716856 0.214777693 -0.000230519 0.999997139 -0.002404971 -2.054035902 0.000716304 0.002405136 0.999996841 148.972366333
0.999999940 0.000329041 -0.000072568 0.204319909 -0.000329481 0.999981046 -0.006150979 -2.078553677 0.000070543 0.006151002 0.999981046 150.255950928
0.999999881 -0.000392341 0.000121529 0.206290975 0.000393218 0.999973297 -0.007301026 -2.103532314 -0.000118661 0.007301074 0.999973357 151.555282593
0.999999881 -0.000476177 -0.000120615 0.196485817 0.000475392 0.999979258 -0.006429657 -2.144315958 0.000123674 0.006429598 0.999979377 152.816818237
0.999999762 0.000422246 0.000687157 0.174210072 -0.000418348 0.999983907 -0.005661886 -2.179750919 -0.000689536 0.005661596 0.999983668 154.062484741
0.999998689 0.001562682 0.000384915 0.159201786 -0.001560834 0.999987483 -0.004756380 -2.204966784 -0.000392343 0.004755773 0.999988616 155.412124634
0.999997377 0.001912684 -0.001243109 0.184757367 -0.001919204 0.999984443 -0.005265343 -2.218247175 0.001233019 0.005267716 0.999985278 156.645019531
0.999994755 0.002288095 -0.002281653 0.181602001 -0.002300714 0.999982059 -0.005543562 -2.247913122 0.002268927 0.005548782 0.999981999 157.916290283
0.999993682 0.002374035 -0.002645907 0.175740361 -0.002388398 0.999982357 -0.005438447 -2.274969101 0.002632950 0.005444732 0.999981582 159.191055298
0.999993622 0.001485087 -0.003246007 0.170630634 -0.001498840 0.999989927 -0.004238297 -2.299866199 0.003239681 0.004243134 0.999985754 160.475952148
0.999992311 0.002429463 -0.003073884 0.152013063 -0.002440963 0.999989986 -0.003742843 -2.336208344 0.003064760 0.003750317 0.999988198 161.771728516
0.999984205 0.003929325 -0.004011432 0.135881305 -0.003950318 0.999978483 -0.005238805 -2.348922968 0.003990761 0.005254569 0.999978244 163.051422119
0.999981761 0.002525304 -0.005482892 0.124628246 -0.002562871 0.999973297 -0.006855460 -2.374977112 0.005465433 0.006869387 0.999961495 164.277389526
0.999975085 0.003989227 -0.005816665 0.126736164 -0.004027094 0.999970615 -0.006512883 -2.415141582 0.005790513 0.006536144 0.999961853 165.516036987
0.999970317 0.003597866 -0.006816909 0.115869999 -0.003648638 0.999965489 -0.007450160 -2.442995071 0.006789870 0.007474811 0.999948978 166.793762207
0.999966025 0.003612423 -0.007406334 0.097234249 -0.003676414 0.999955833 -0.008644793 -2.472588539 0.007374780 0.008671730 0.999935150 168.080841064
0.999960303 0.003767960 -0.008069491 0.093116522 -0.003837029 0.999955952 -0.008561008 -2.501932859 0.008036879 0.008591630 0.999930739 169.364562988
0.999951184 0.003983188 -0.009039651 0.070429683 -0.004042743 0.999970138 -0.006579430 -2.544577837 0.009013176 0.006615655 0.999937475 170.620651245
0.999950469 0.004382783 -0.008935565 0.035867095 -0.004443876 0.999966800 -0.006828696 -2.560298443 0.008905340 0.006868066 0.999936700 171.899353027
0.999930441 0.006184889 -0.010045619 0.035708547 -0.006242388 0.999964237 -0.005702547 -2.620903015 0.010009990 0.005764860 0.999933302 172.993927002
0.999918282 0.006869431 -0.010784094 0.018371820 -0.006928802 0.999961019 -0.005477796 -2.647372961 0.010746045 0.005552069 0.999926865 174.271362305
0.999908090 0.007265279 -0.011444869 -0.004390478 -0.007340272 0.999951780 -0.006524296 -2.673964024 0.011396917 0.006607705 0.999913216 175.553710938
0.999897480 0.008404975 -0.011592575 -0.036010504 -0.008486683 0.999939382 -0.007017314 -2.704795361 0.011532892 0.007114977 0.999908149 176.830169678
0.999903202 0.007468929 -0.011742277 -0.056001902 -0.007549881 0.999947906 -0.006864789 -2.730750322 0.011690394 0.006952777 0.999907553 178.106811523
0.999899149 0.007736682 -0.011911983 -0.073803425 -0.007829997 0.999938846 -0.007807005 -2.768758535 0.011850854 0.007899486 0.999898553 179.374954224
0.999912202 0.004968483 -0.012287609 -0.096111536 -0.005089975 0.999938309 -0.009875914 -2.792726994 0.012237783 0.009937590 0.999875784 180.636703491
0.999920845 0.004080246 -0.011901123 -0.125784636 -0.004191559 0.999947548 -0.009343246 -2.830660820 0.011862378 0.009392391 0.999885499 181.703598022
0.999916732 0.004330995 -0.012156943 -0.141473770 -0.004399008 0.999974787 -0.005573360 -2.860589266 0.012132498 0.005626374 0.999910593 182.984588623
0.999917090 0.003808884 -0.012299767 -0.162178278 -0.003825322 0.999991834 -0.001313112 -2.889286757 0.012294662 0.001360052 0.999923468 184.247039795
0.999910355 0.005151132 -0.012356287 -0.188365936 -0.005172247 0.999985218 -0.001677525 -2.916519403 0.012347460 0.001741285 0.999922216 185.535827637
0.999904335 0.006801818 -0.012040696 -0.214786053 -0.006863388 0.999963462 -0.005079671 -2.934685707 0.012005704 0.005161826 0.999914527 186.774765015
0.999896288 0.007500367 -0.012289254 -0.244681597 -0.007586902 0.999946654 -0.007010155 -2.965009928 0.012236020 0.007102667 0.999899864 188.016677856
0.999915361 0.006397780 -0.011328328 -0.294649124 -0.006470883 0.999958336 -0.006428209 -3.000339508 0.011286729 0.006500969 0.999915123 189.227127075
0.999910891 0.007234437 -0.011211595 -0.330582023 -0.007299601 0.999956667 -0.005782265 -3.007811069 0.011169279 0.005863590 0.999920428 190.429122925
0.999913037 0.007162998 -0.011076335 -0.349192977 -0.007203280 0.999967635 -0.003601097 -3.035892487 0.011050181 0.003680570 0.999932170 191.693161011
0.999923527 0.006717473 -0.010380640 -0.367126584 -0.006746848 0.999973297 -0.002797356 -3.066876411 0.010361573 0.002867179 0.999942243 192.941238403
0.999939501 0.007031986 -0.008456299 -0.391057611 -0.007062365 0.999968767 -0.003568052 -3.090330124 0.008430944 0.003627557 0.999957860 194.174514771
0.999957204 0.005799690 -0.007212487 -0.398424268 -0.005834919 0.999971092 -0.004873123 -3.124451399 0.007184015 0.004914999 0.999962091 195.410446167
0.999969542 0.005325101 -0.005702197 -0.421207964 -0.005361126 0.999965668 -0.006321128 -3.147490025 0.005668341 0.006351505 0.999963760 196.631286621
0.999977589 0.004883018 -0.004572943 -0.425558716 -0.004915980 0.999961793 -0.007224900 -3.177309275 0.004537489 0.007247219 0.999963462 197.850784302
0.999980867 0.005367272 -0.003053430 -0.455686957 -0.005386834 0.999964833 -0.006434734 -3.214580536 0.003018787 0.006451060 0.999974608 199.096939087
0.999987066 0.004556739 -0.002271697 -0.427442849 -0.004565545 0.999981999 -0.003886396 -3.264683008 0.002253948 0.003896717 0.999989867 200.258071899
0.999983549 0.005611653 -0.001202947 -0.435824156 -0.005615934 0.999977767 -0.003584740 -3.290930033 0.001182805 0.003591436 0.999992788 201.473815918
0.999987662 0.004974460 0.000111219 -0.442444175 -0.004974044 0.999981582 -0.003470884 -3.319695711 -0.000128483 0.003470289 0.999993980 202.695358276
0.999978960 0.006387188 0.001167293 -0.448814571 -0.006383394 0.999974430 -0.003225313 -3.345784903 -0.001187864 0.003217794 0.999994099 203.898849487
0.999981046 0.005691539 0.002356153 -0.448302895 -0.005684237 0.999979019 -0.003093711 -3.372290134 -0.002373711 0.003080259 0.999992430 205.100128174
0.999975681 0.006151759 0.003308156 -0.454725385 -0.006140889 0.999975681 -0.003286132 -3.402189732 -0.003328291 0.003265737 0.999989152 206.300491333
0.999966025 0.006555254 0.004996896 -0.485158443 -0.006538509 0.999972939 -0.003359893 -3.419700861 -0.005018786 0.003327106 0.999981880 207.462814331
0.999964893 0.004952657 0.006774129 -0.514471531 -0.004928960 0.999981642 -0.003510352 -3.454096794 -0.006791390 0.003476839 0.999970913 208.583938599
0.999976218 0.003678963 0.005835803 -0.487755179 -0.003666904 0.999991119 -0.002075624 -3.496300220 -0.005843387 0.002054175 0.999980807 209.764266968
0.999972403 0.004877862 0.005592307 -0.478075743 -0.004867960 0.999986589 -0.001782838 -3.508154392 -0.005600928 0.001755566 0.999982774 210.911758423
0.999970496 0.005229005 0.005620569 -0.485173702 -0.005218355 0.999984622 -0.001907545 -3.532800436 -0.005630458 0.001878158 0.999982417 212.027511597
0.999972343 0.005536840 0.004959559 -0.485172033 -0.005523255 0.999981046 -0.002748770 -3.563264608 -0.004974683 0.002721301 0.999983907 213.126007080
0.999974489 0.005627204 0.004380910 -0.483241260 -0.005613636 0.999979436 -0.003103322 -3.596798420 -0.004398283 0.003078650 0.999985576 214.236251831
0.999979556 0.005350353 0.003489255 -0.480860054 -0.005336441 0.999977827 -0.003984521 -3.612303734 -0.003510496 0.003965819 0.999985933 215.322082520
0.999990940 0.003702356 0.002118203 -0.469716549 -0.003694928 0.999987066 -0.003499602 -3.647993088 -0.002131132 0.003491744 0.999991655 216.361602783
0.999991953 0.003843871 0.001105659 -0.489095181 -0.003839973 0.999986529 -0.003505754 -3.659238338 -0.001119119 0.003501480 0.999993205 217.425750732
0.999992967 0.003715202 -0.000409346 -0.521858573 -0.003715677 0.999992430 -0.001165648 -3.699195862 0.000405013 0.001167161 0.999999225 218.397415161
0.999987900 0.003863158 -0.003037008 -0.502451181 -0.003861529 0.999992430 0.000541962 -3.720133781 0.003039077 -0.000530228 0.999995232 219.455078125
0.999980032 0.004238184 -0.004687923 -0.538231492 -0.004236998 0.999991000 0.000262853 -3.726693153 0.004688994 -0.000242985 0.999988973 220.396514893
0.999964297 0.004462061 -0.007187584 -0.550143003 -0.004463983 0.999989986 -0.000251356 -3.745762348 0.007186391 0.000283433 0.999974191 221.391754150
0.999938607 0.004607706 -0.010084735 -0.562617183 -0.004607318 0.999989450 0.000061643 -3.770599365 0.010084912 -0.000015175 0.999949098 222.378219604
0.999904215 0.005320383 -0.012773782 -0.585326195 -0.005312777 0.999985754 0.000629281 -3.790540934 0.012776948 -0.000561356 0.999918163 223.315200806
0.999859869 0.005895133 -0.015668234 -0.609002829 -0.005889604 0.999982595 0.000398985 -3.817434549 0.015670314 -0.000306649 0.999877155 224.241577148
0.999819696 0.004903097 -0.018343637 -0.630244017 -0.004909446 0.999987960 -0.000301048 -3.833655834 0.018341940 0.000391051 0.999831676 225.147323608
0.999757886 0.004707451 -0.021495441 -0.658130169 -0.004724952 0.999988556 -0.000763407 -3.857920647 0.021491602 0.000864787 0.999768674 226.026412964
0.999687612 0.005521886 -0.024377702 -0.686308861 -0.005550643 0.999983966 -0.001112109 -3.873397350 0.024371170 0.001247073 0.999702156 226.879730225
0.999594092 0.006914453 -0.027639419 -0.711266041 -0.006977923 0.999973297 -0.002200535 -3.890106201 0.027623462 0.002392507 0.999615550 227.681686401
0.999493837 0.008821396 -0.030561291 -0.738554478 -0.008907781 0.999956667 -0.002691615 -3.896828890 0.030536216 0.002962486 0.999529243 228.529983521
0.999474406 0.009349875 -0.031037215 -0.771412849 -0.009425493 0.999952972 -0.002290962 -3.914716959 0.031014333 0.002582299 0.999515593 229.328643799
0.999480903 0.009205851 -0.030871410 -0.798302174 -0.009242224 0.999956787 -0.001035710 -3.937545061 0.030860538 0.001320493 0.999522805 230.110198975
0.999491990 0.009070230 -0.030553339 -0.822178364 -0.009096212 0.999958456 -0.000711533 -3.953121424 0.030545613 0.000989091 0.999532819 230.877395630
0.999502420 0.009336547 -0.030129150 -0.849462032 -0.009379232 0.999955237 -0.001275714 -3.970219612 0.030115893 0.001557668 0.999545217 231.617294312
0.999527097 0.009576338 -0.029218890 -0.882290840 -0.009682283 0.999947131 -0.003486565 -3.984595776 0.029183948 0.003767822 0.999566972 232.346832275
0.999578178 0.009288875 -0.027515072 -0.926630974 -0.009432789 0.999942482 -0.005105254 -4.010715961 0.027466064 0.005362645 0.999608338 233.073516846
0.999620855 0.009620297 -0.025797103 -0.945293427 -0.009785230 0.999932408 -0.006274876 -4.034156799 0.025734995 0.006524927 0.999647439 233.793289185
0.999593616 0.010695060 -0.026422424 -0.946616173 -0.010899568 0.999911666 -0.007608118 -4.035410881 0.026338723 0.007893021 0.999621928 234.513687134
0.999638438 0.010310405 -0.024834232 -0.965220451 -0.010504449 0.999915242 -0.007695885 -4.053846359 0.024752781 0.007953971 0.999661982 235.238647461
0.999684930 0.010040247 -0.023005690 -0.981945992 -0.010224333 0.999916494 -0.007898117 -4.071403503 0.022924474 0.008130845 0.999704123 235.960525513
0.999732912 0.010241381 -0.020717841 -1.004975796 -0.010417353 0.999910355 -0.008403726 -4.086742401 0.020629920 0.008617305 0.999750078 236.685516357
0.999773979 0.009748231 -0.018889438 -1.016026020 -0.009910767 0.999914467 -0.008530265 -4.111211300 0.018804668 0.008715546 0.999785185 237.387084961
0.999827623 0.009663772 -0.015857056 -1.024554253 -0.009793714 0.999918938 -0.008137528 -4.127582550 0.015777133 0.008291423 0.999841154 238.101119995
0.999881923 0.008814355 -0.012593774 -1.040613174 -0.008910176 0.999931574 -0.007572880 -4.146074295 0.012526159 0.007684196 0.999892116 238.794448853
0.999928296 0.007577923 -0.009272767 -1.050701261 -0.007648360 0.999942005 -0.007584484 -4.157587051 0.009214755 0.007654863 0.999928236 239.491790771
0.999947071 0.008215860 -0.006188435 -1.064516544 -0.008256800 0.999944031 -0.006619190 -4.191516399 0.006133709 0.006669936 0.999958932 240.200378418
0.999964535 0.007683364 -0.003440934 -1.072798610 -0.007709465 0.999941111 -0.007637588 -4.197061539 0.003382050 0.007663844 0.999964833 240.859985352
0.999970019 0.007737166 -0.000163560 -1.078953862 -0.007738222 0.999938428 -0.007954004 -4.212979317 0.000102008 0.007955032 0.999968350 241.560272217
0.999961734 0.008287393 0.002772333 -1.076070905 -0.008262996 0.999927998 -0.008698910 -4.232844830 -0.002844225 0.008675670 0.999958336 242.249893188
0.999949038 0.008185341 0.005910149 -1.076614618 -0.008129020 0.999921799 -0.009491751 -4.248857498 -0.005987382 0.009443223 0.999937475 242.956832886
0.999924898 0.008339565 0.008972217 -1.074854136 -0.008264653 0.999930918 -0.008354252 -4.268381119 -0.009041269 0.008279473 0.999924839 243.638168335
0.999898732 0.008372714 0.011507055 -1.068566561 -0.008284891 0.999936283 -0.007658801 -4.288047791 -0.011570447 0.007562690 0.999904394 244.341949463
0.999880731 0.007889423 0.013276211 -1.056556463 -0.007784742 0.999938309 -0.007918136 -4.307945728 -0.013337862 0.007813839 0.999880493 245.043334961
0.999858439 0.006051371 0.015696423 -1.045585871 -0.005902143 0.999937057 -0.009536128 -4.330091476 -0.015753144 0.009442136 0.999831259 245.747314453
0.999817431 0.008709855 0.017007507 -1.058176041 -0.008506520 0.999891877 -0.011991656 -4.345312119 -0.017110117 0.011844790 0.999783456 246.477661133
0.999798775 0.007909523 0.018435558 -1.048943520 -0.007655268 0.999875128 -0.013821619 -4.362020969 -0.018542575 0.013677706 0.999734461 247.199981689
0.999804676 0.007362709 0.018344356 -1.036417961 -0.007109122 0.999878824 -0.013850793 -4.384872437 -0.018444108 0.013717676 0.999735773 247.921310425
0.999801755 0.007782381 0.018326808 -1.025540352 -0.007514894 0.999864876 -0.014619315 -4.404306889 -0.018438103 0.014478691 0.999725223 248.654159546
0.999783218 0.008665207 0.018933194 -1.020801067 -0.008383340 0.999853611 -0.014916467 -4.429807663 -0.019059677 0.014754510 0.999709487 249.387222290
0.999767900 0.010275713 0.018936830 -1.013515472 -0.009979852 0.999827683 -0.015652565 -4.444270134 -0.019094411 0.015459943 0.999698162 250.134582520
0.999769628 0.009278929 0.019355893 -1.003806114 -0.008938145 0.999804914 -0.017619058 -4.464067936 -0.019515602 0.017441994 0.999657393 250.893402100
0.999794781 0.005136423 0.019600652 -0.979673862 -0.004750924 0.999795377 -0.019663787 -4.493781567 -0.019697644 0.019566631 0.999614477 251.645431519
0.999794304 0.002191670 0.020160787 -0.964395523 -0.001776149 0.999786079 -0.020605244 -4.516042709 -0.020201635 0.020565199 0.999584436 252.418090820
0.999766946 0.004533374 0.021105818 -0.963059902 -0.004180137 0.999850929 -0.016750643 -4.529743671 -0.021178612 0.016658517 0.999636948 253.176055908
0.999719441 0.009227148 0.021814000 -0.956971169 -0.008979354 0.999894321 -0.011430202 -4.543360710 -0.021917166 0.011231120 0.999696791 253.985031128
0.999724448 0.007974744 0.022074502 -0.920629025 -0.007824621 0.999945700 -0.006878730 -4.589525223 -0.022128165 0.006704112 0.999732673 254.776596069
0.999663234 0.007468232 0.024849948 -0.904782295 -0.007249702 0.999934316 -0.008872503 -4.616583824 -0.024914579 0.008689363 0.999651849 255.536148071
0.999557912 0.008098289 0.028608112 -0.898191929 -0.007641295 0.999841988 -0.016047692 -4.604596138 -0.028733548 0.015821991 0.999461889 256.352569580
0.999433875 0.010150156 0.032079287 -0.872137070 -0.009523104 0.999761820 -0.019639680 -4.624482632 -0.032270990 0.019323068 0.999292314 257.167724609
0.999295354 0.011882372 0.035603963 -0.854597092 -0.011195421 0.999748528 -0.019431848 -4.649744511 -0.035825901 0.019019552 0.999177039 257.990814209
0.999206424 0.010195067 0.038505495 -0.816217422 -0.009530374 0.999803185 -0.017406585 -4.670606136 -0.038675368 0.017025802 0.999106705 258.834136963
0.999096215 0.007657965 0.041811131 -0.785224915 -0.007059785 0.999870896 -0.014435663 -4.696835995 -0.041916281 0.014127439 0.999021232 259.679656982
0.998994708 0.004631722 0.044585928 -0.747484207 -0.004073116 0.999912202 -0.012611428 -4.720839024 -0.044640426 0.012417148 0.998925865 260.516357422
0.998856485 0.004844212 0.047562014 -0.701115608 -0.004261486 0.999914706 -0.012345660 -4.752860069 -0.047617760 0.012128859 0.998791993 261.363128662
0.998713851 0.006467239 0.050285488 -0.669368744 -0.005766017 0.999884188 -0.014077423 -4.776410580 -0.050370708 0.013769373 0.998635650 262.189300537
0.998579085 0.007786592 0.052717596 -0.626197815 -0.006952248 0.999847949 -0.015991583 -4.817336559 -0.052834108 0.015602357 0.998481393 263.026367188
0.998412609 0.009153982 0.055573996 -0.627313614 -0.008221987 0.999822080 -0.016975896 -4.820354462 -0.055719506 0.016492022 0.998310208 263.786376953
0.998249471 0.008447109 0.058537584 -0.553151131 -0.007641004 0.999873042 -0.013980896 -4.871987343 -0.058648251 0.013509137 0.998187304 264.687408447
0.998049319 0.011513488 0.061359823 -0.526493073 -0.010730335 0.999856889 -0.013077561 -4.880686760 -0.061501615 0.012393640 0.998029947 265.586364746
0.997855484 0.011836342 0.064375766 -0.477081299 -0.011010547 0.999852657 -0.013167402 -4.906485558 -0.064522140 0.012430353 0.997838736 266.436340332
0.997678936 0.012028215 0.067022830 -0.425115585 -0.011135528 0.999844372 -0.013676874 -4.931086063 -0.067176908 0.012898793 0.997657657 267.282196045
0.997528791 0.010334412 0.069494493 -0.361356735 -0.009373584 0.999856114 -0.014137887 -4.957999229 -0.069630601 0.013451539 0.997482121 268.137603760
0.997398198 0.007316562 0.071715847 -0.306152344 -0.006343724 0.999884903 -0.013783557 -4.974430084 -0.071808435 0.013292752 0.997329831 268.982696533
0.997347713 0.007251556 0.072422199 -0.237663269 -0.006257035 0.999883115 -0.013949717 -4.998669147 -0.072514884 0.013459570 0.997276485 269.842895508
0.997336090 0.005299847 0.072750241 -0.186140060 -0.004347555 0.999902904 -0.013241996 -5.035474777 -0.072813354 0.012890435 0.997262299 270.684234619
0.997269154 0.005607462 0.073639847 -0.135482788 -0.004644176 0.999901474 -0.013245773 -5.052837372 -0.073706880 0.012867605 0.997196853 271.520233154
0.997349381 0.005213876 0.072574638 -0.048582077 -0.004332033 0.999914885 -0.012302951 -5.086337090 -0.072632618 0.011955945 0.997287035 272.377990723
0.997412264 0.006256433 0.071621656 0.016937256 -0.005393396 0.999910533 -0.012237015 -5.114765167 -0.071691819 0.011819066 0.997356772 273.207824707
0.997470200 0.005170706 0.070898570 0.076025009 -0.004264877 0.999907434 -0.012921849 -5.142834663 -0.070958830 0.012586787 0.997399807 274.075805664
0.997577488 0.004437293 0.069422536 0.113273621 -0.003491061 0.999899447 -0.013745435 -5.161726952 -0.069476545 0.013469778 0.997492671 274.997283936
0.997703135 0.005891226 0.067481607 0.169359207 -0.004933076 0.999884784 -0.014356514 -5.188134193 -0.067558408 0.013990646 0.997617245 275.862396240
0.997836232 0.006352327 0.065441810 0.228197098 -0.005417165 0.999880850 -0.014457521 -5.218544960 -0.065525852 0.014071728 0.997751653 276.712524414
0.997904480 0.007911552 0.064218812 0.274055481 -0.006971714 0.999865592 -0.014845839 -5.245413780 -0.064327605 0.014367015 0.997825503 277.571563721
0.998090804 0.007715540 0.061280973 0.337646484 -0.006843932 0.999872684 -0.014420331 -5.271717548 -0.061384432 0.013973397 0.998016357 278.446258545
0.998206735 0.008097723 0.059310347 0.365739822 -0.007349194 0.999890745 -0.012827819 -5.299291611 -0.059407745 0.012368934 0.998157144 279.286682129
0.998460054 0.005974649 0.055152033 0.401819229 -0.005446372 0.999937952 -0.009723889 -5.335273743 -0.055206716 0.009408537 0.998430610 280.119781494
0.998745263 0.005496628 0.049776111 0.462974548 -0.005075816 0.999950290 -0.008576542 -5.354539871 -0.049820781 0.008313128 0.998723626 281.002502441
0.998950839 0.004532867 0.045569256 0.485669136 -0.004189613 0.999962151 -0.007625252 -5.368739128 -0.045602091 0.007426335 0.998932064 281.832519531
0.999156296 0.005384380 0.040712949 0.522162437 -0.005100948 0.999961972 -0.007062385 -5.379700184 -0.040749434 0.006848752 0.999145925 282.687103271
0.999339402 0.004719572 0.036032874 0.547735214 -0.004480677 0.999967456 -0.006707788 -5.399121284 -0.036063358 0.006541905 0.999328077 283.501342773
0.999499261 0.003983344 0.031392436 0.569990158 -0.003785284 0.999972463 -0.006366071 -5.421982288 -0.031416934 0.006244055 0.999486923 284.309661865
0.999617398 0.003804466 0.027394976 0.589620113 -0.003622026 0.999970973 -0.006706161 -5.443162441 -0.027419694 0.006604372 0.999602199 285.091003418
0.999700189 0.004073229 0.024143938 0.593702316 -0.003911323 0.999969542 -0.006749281 -5.464631081 -0.024170691 0.006652823 0.999685705 285.855102539
0.999803901 0.003888250 0.019413654 0.610896587 -0.003761098 0.999971330 -0.006581777 -5.486459255 -0.019438691 0.006507470 0.999789834 286.621154785
