1.000000000 0.000000000 0.000000000 0.000000000 0.000000000 1.000000000 0.000000000 0.000000000 0.000000000 0.000000000 1.000000000 0.000000000
0.999979734 0.000479720 -0.006344414 -0.010444394 -0.000477649 0.999999821 0.000327853 -0.000541512 0.006344571 -0.000324816 0.999979794 0.094531588
0.999911010 0.001141812 -0.013293829 -0.021569191 -0.001141166 0.999999344 0.000056186 0.000078520 0.013293884 -0.000041010 0.999911606 0.191916540
0.999782383 0.001421875 -0.020812480 -0.032849062 -0.001433941 0.999998808 -0.000564824 -0.000367380 0.020811653 0.000594545 0.999783218 0.289370269
0.999542832 0.001839159 -0.030178985 -0.044919245 -0.001889709 0.999996841 -0.001646577 -0.003471246 0.030175863 0.001702854 0.999543130 0.395563990
0.999130607 0.001866615 -0.041648511 -0.054602355 -0.002006016 0.999992549 -0.003305529 -0.004200195 0.041642029 0.003386203 0.999126852 0.500074565
0.998484492 0.001776069 -0.055004559 -0.078227110 -0.002012550 0.999988973 -0.004244216 -0.005053787 0.054996412 0.004348483 0.998477042 0.624947965
0.997449517 0.001664652 -0.071355470 -0.104289107 -0.001977846 0.999988735 -0.004318780 -0.003272868 0.071347468 0.004448895 0.997441590 0.768324792
0.995938122 0.000388667 -0.090039946 -0.133359954 -0.000784762 0.999990225 -0.004363750 -0.004735597 0.090037376 0.004416685 0.995928586 0.918456495
0.993955553 -0.000997161 -0.109778836 -0.165077686 0.000517723 0.999990225 -0.004395720 -0.009455059 0.109782144 0.004312315 0.993946314 1.070494533
0.991256595 -0.001188360 -0.131943211 -0.211570114 0.000551394 0.999988019 -0.004864010 -0.011317640 0.131947413 0.004748730 0.991245389 1.242403984
0.987730384 0.002594256 -0.156147718 -0.267025292 -0.003610539 0.999974132 -0.006225199 -0.016028969 0.156127527 0.006712596 0.987714052 1.412146568
0.983379900 0.006930952 -0.181427523 -0.323857814 -0.008434017 0.999936223 -0.007514477 -0.026142709 0.181363896 0.008919750 0.983375609 1.570976377
0.978054106 0.009599184 -0.208129704 -0.399864852 -0.011615708 0.999896705 -0.008468753 -0.030593803 0.208026931 0.010700474 0.978064597 1.754514456
0.971305370 0.010348217 -0.237610772 -0.473258883 -0.012824569 0.999878407 -0.008878451 -0.031790812 0.237489998 0.011670941 0.971319973 1.942037702
0.963165522 0.012250558 -0.268630296 -0.551014900 -0.014981406 0.999854863 -0.008118197 -0.038945593 0.268491805 0.011843625 0.963209152 2.128949881
0.953786254 0.013914390 -0.300163507 -0.643251657 -0.016789537 0.999834478 -0.007001322 -0.042417556 0.300016433 0.011717371 0.953862071 2.310751677
0.942474961 0.015753046 -0.333905071 -0.741832018 -0.018719340 0.999808729 -0.005667713 -0.046057601 0.333751917 0.011592164 0.942589641 2.498757839
0.929909050 0.018228581 -0.367337525 -0.841708779 -0.021654751 0.999751925 -0.005207445 -0.050194062 0.367151469 0.012797055 0.930073202 2.675723076
0.916017234 0.021207139 -0.400577933 -0.970640361 -0.025137203 0.999673605 -0.004558145 -0.050336823 0.400350600 0.014244748 0.916251361 2.871296883
0.899885178 0.021393681 -0.435601860 -1.090590835 -0.025621762 0.999664307 -0.003834106 -0.051049504 0.435373604 0.014611141 0.900131345 3.050555229
0.881476223 0.017360210 -0.471909225 -1.231916189 -0.022095270 0.999745786 -0.004493785 -0.050388049 0.471711218 0.014388124 0.881635666 3.255905628
0.860059202 0.012267669 -0.510046721 -1.369790316 -0.017308701 0.999836981 -0.005138428 -0.051663928 0.509900510 0.013247596 0.860131323 3.443240881
0.835222185 0.013901907 -0.549736977 -1.532456636 -0.017915152 0.999837637 -0.001934529 -0.056547817 0.549620748 0.011464382 0.835335612 3.615656614
0.805740952 0.019807979 -0.591936767 -1.711497068 -0.022782009 0.999737501 0.002443475 -0.067463301 0.591829717 0.011516700 0.805980623 3.789158583
0.773581564 0.022910578 -0.633282304 -1.938027740 -0.026071025 0.999650717 0.004317992 -0.068634942 0.633160174 0.013170004 0.773908854 3.984386444
0.737241387 0.022634311 -0.675250173 -2.143016338 -0.025851782 0.999651849 0.005283115 -0.071969479 0.675134718 0.013561490 0.737569928 4.147700787
0.697054446 0.018491793 -0.716779649 -2.358401775 -0.019945951 0.999780595 0.006395717 -0.070239983 0.716740608 0.009838689 0.697270393 4.315504551
0.654421747 0.015404002 -0.755972743 -2.600131512 -0.015052441 0.999859750 0.007343115 -0.071925312 0.755979896 0.006573741 0.654561877 4.473154068
0.610298872 0.014022799 -0.792047083 -2.897212029 -0.011757483 0.999893486 0.008643080 -0.066588059 0.792083979 0.004037619 0.610398769 4.645618916
0.562183976 0.014925077 -0.826877415 -3.177368164 -0.009090719 0.999888241 0.011867238 -0.068169311 0.826962233 0.000845340 0.562256813 4.780311584
0.510267913 0.015589505 -0.859874129 -3.469768047 -0.007498678 0.999878347 0.013677899 -0.063761830 0.859982848 -0.000531474 0.510322809 4.910829544
0.457838297 0.017099280 -0.888870955 -3.782852888 -0.007114471 0.999853432 0.015569748 -0.057015397 0.889007032 -0.000804582 0.457892925 5.012406349
0.403116256 0.019600233 -0.914938807 -4.106061459 -0.006040683 0.999805808 0.018756807 -0.059033655 0.915128827 -0.002034318 0.403156370 5.107769966
0.347380489 0.020319602 -0.937504053 -4.483792305 -0.004860294 0.999790728 0.019868694 -0.041663565 0.937711596 -0.002345452 0.347406626 5.217964172
0.292001873 0.023719536 -0.956123531 -4.858513832 -0.002504199 0.999707937 0.024035992 -0.039949328 0.956414402 -0.004624232 0.291976035 5.288522720
0.238273501 0.025634160 -0.970859706 -5.227025986 0.001935012 0.999637008 0.026868887 -0.040852979 0.971196115 -0.008280770 0.238137484 5.341361046
0.187439233 0.026143588 -0.981928289 -5.592383385 0.004571657 0.999611676 0.027487088 -0.041478217 0.982265532 -0.009641198 0.187247038 5.378970146
0.139903888 0.027557012 -0.989781559 -5.998190403 0.001863694 0.999603510 0.028093904 -0.040231541 0.990163326 -0.005775095 0.139797062 5.397288799
0.098036587 0.027457096 -0.994803965 -6.433220863 -0.001387881 0.999622107 0.027453307 -0.023269475 0.995181799 -0.001310759 0.098037705 5.390961170
0.059763640 0.026221033 -0.997868061 -6.901656628 -0.001230070 0.999656022 0.026194347 -0.011858016 0.998211801 -0.000338022 0.059775352 5.392755508
0.025507264 0.023590919 -0.999396205 -7.380035877 0.000456375 0.999721050 0.023610234 -0.008662030 0.999674678 -0.001058332 0.025489379 5.381909370
-0.005599024 0.020679841 -0.999770463 -7.858408928 0.000726438 0.999786019 0.020676089 -0.000452608 0.999984086 -0.000610505 -0.005612852 5.354597092
-0.032407135 0.018954266 -0.999294996 -8.351547241 0.000476145 0.999820292 0.018948790 0.004803002 0.999474704 0.000138266 -0.032410339 5.320271969
-0.053131312 0.016318660 -0.998454273 -8.855489731 0.000370258 0.999866664 0.016322041 0.020684555 0.998587489 0.000497526 -0.053130273 5.277532578
-0.069609493 0.015587921 -0.997452497 -9.406986237 0.001388829 0.999878466 0.015528905 0.032461822 0.997573376 -0.000304332 -0.069622681 5.233170986
-0.082701996 0.016029630 -0.996445417 -9.969982147 0.002468582 0.999870896 0.015879849 0.039796285 0.996571302 -0.001146512 -0.082730889 5.177859306
-0.092298433 0.017227942 -0.995582342 -10.616383553 0.000810942 0.999851286 0.017226629 0.038697705 0.995731056 0.000782632 -0.092298664 5.103006840
-0.099006884 0.018166283 -0.994920969 -11.204968452 -0.001509964 0.999829471 0.018406169 0.046784282 0.995085537 0.003324632 -0.098962575 5.031964779
-0.103479527 0.019433834 -0.994441748 -11.786569595 -0.001221976 0.999805927 0.019665817 0.048947722 0.994630873 0.003250193 -0.103435695 4.966356754
-0.104999274 0.020253098 -0.994266033 -12.391355515 0.001406997 0.999794602 0.020217128 0.055864364 0.994471312 0.000723854 -0.105006218 4.905972481
-0.103994504 0.022158032 -0.994331002 -13.008808136 0.002667415 0.999754429 0.021999910 0.067376524 0.994574308 -0.000364424 -0.104028091 4.841198444
-0.103022642 0.024571560 -0.994375467 -13.653639793 0.002515467 0.999698043 0.024442472 0.073648289 0.994675756 0.000016809 -0.103053354 4.780959129
-0.100640289 0.024567403 -0.994619489 -14.303017616 -0.000277374 0.999694407 0.024720820 0.080010951 0.994922817 0.002763791 -0.100602716 4.702079773
-0.099059090 0.022299549 -0.994831681 -15.031963348 -0.001524715 0.999744296 0.022561489 0.084185585 0.995080411 0.003751755 -0.098999761 4.621438026
-0.097633727 0.022189325 -0.994975090 -15.714535713 -0.001686295 0.999746323 0.022461202 0.097058430 0.995221078 0.003870792 -0.097571529 4.554083347
-0.095838800 0.024814000 -0.995087564 -16.421747208 -0.001328174 0.999685168 0.025056571 0.113338619 0.995395958 0.003723041 -0.095775671 4.482748032
-0.093768381 0.028325079 -0.995191097 -17.136062622 -0.002485018 0.999585509 0.028684294 0.125015348 0.995590985 0.005162747 -0.093659118 4.407332420
-0.091810919 0.030476771 -0.995309949 -17.872425079 -0.002687204 0.999520302 0.030853573 0.134780884 0.995772839 0.005507295 -0.091684975 4.329477310
-0.089571327 0.029720616 -0.995536804 -18.610317230 -0.005173257 0.999527335 0.030305196 0.142769009 0.995966971 0.007864645 -0.089375228 4.253263474
-0.088646173 0.026522569 -0.995710015 -19.352085114 -0.006639790 0.999607503 0.027217511 0.165302157 0.996041059 0.009024035 -0.088435270 4.192607880
-0.087671764 0.025465375 -0.995823979 -20.127193451 -0.006974844 0.999633014 0.026176844 0.188431710 0.996124983 0.009240686 -0.087461963 4.138606071
-0.085986279 0.027851827 -0.995906949 -20.918708801 -0.004365222 0.999589026 0.028331691 0.203277618 0.996286690 0.006783491 -0.085829362 4.067653656
-0.084991463 0.029919574 -0.995932460 -21.713031769 -0.002561193 0.999539137 0.030246502 0.216990530 0.996378422 0.005121470 -0.084875658 3.999556065
-0.083541416 0.031885836 -0.995994031 -22.508579254 -0.001414471 0.999483109 0.032116178 0.226710379 0.996503294 0.004091835 -0.083453134 3.928745270
-0.082731806 0.026940715 -0.996207654 -23.305608749 -0.001440568 0.999630153 0.027152907 0.240220398 0.996570826 0.003681514 -0.082662418 3.857103109
-0.082425900 0.020221032 -0.996392012 -24.117547989 0.001036103 0.999795377 0.020204386 0.247447401 0.996596634 0.000633000 -0.082429990 3.786307096
-0.083002329 0.015524550 -0.996428430 -24.938850403 0.003757796 0.999876440 0.015265247 0.257860661 0.996542156 -0.002477324 -0.083050400 3.731437206
-0.083368383 0.016428256 -0.996383369 -25.762996674 0.003916480 0.999861717 0.016157914 0.264695406 0.996511102 -0.002555256 -0.083421201 3.658424616
-0.083650477 0.023810312 -0.996210694 -26.610254288 0.003508843 0.999715328 0.023599446 0.272449106 0.996489048 -0.001521442 -0.083710209 3.584435463
-0.083879314 0.031003933 -0.995993495 -27.455451965 0.002443680 0.999519229 0.030907888 0.282339513 0.996472895 0.000158643 -0.083914757 3.509113789
-0.084095098 0.036167182 -0.995801151 -28.291893005 0.000544070 0.999342561 0.036249861 0.294228315 0.996457577 0.002506651 -0.084059499 3.432026386
-0.084518984 0.036538541 -0.995751679 -29.122417450 -0.000912301 0.999324203 0.036747064 0.305192232 0.996421516 0.004014250 -0.084428519 3.358517170
-0.084832251 0.033182107 -0.995842576 -29.967058182 -0.000874125 0.999442399 0.033376522 0.321732044 0.996394873 0.003701897 -0.084755942 3.280293465
-0.085273050 0.030855853 -0.995879710 -30.800712585 -0.002307557 0.999511540 0.031165969 0.323263824 0.996354938 0.004955667 -0.085160211 3.205988407
-0.084755458 0.031259064 -0.995911300 -31.616659164 -0.001226296 0.999503732 0.031476185 0.365137756 0.996401012 0.003889060 -0.084675059 3.095873833
-0.084297903 0.033566177 -0.995875061 -32.465568542 -0.002496033 0.999422252 0.033897020 0.375922918 0.996437490 0.005343184 -0.084165402 3.010656118
-0.084128059 0.031886619 -0.995944679 -33.299118042 -0.003618020 0.999471486 0.032305162 0.387663841 0.996448278 0.006321117 -0.083968237 2.930670261
-0.084093392 0.026757794 -0.996098578 -34.120719910 -0.003756641 0.999623716 0.027169637 0.399771333 0.996450782 0.006026771 -0.083961241 2.863454580
-0.083539948 0.022367533 -0.996253371 -34.956462860 -0.005598184 0.999721646 0.022914838 0.412748575 0.996488750 0.007491515 -0.083391480 2.783259392
-0.083406255 0.023458511 -0.996239483 -35.779914856 -0.005498842 0.999696791 0.024000293 0.414417505 0.996500492 0.007479938 -0.083251968 2.721889019
-0.082452431 0.026101027 -0.996253133 -36.619167328 -0.004526043 0.999636769 0.026564263 0.417739987 0.996584713 0.006699373 -0.082304344 2.636272430
-0.082484320 0.030847840 -0.996114850 -37.471370697 -0.004252783 0.999500811 0.031304851 0.430583060 0.996583283 0.006818420 -0.082311958 2.578449965
-0.081735887 0.036384564 -0.995989680 -38.319156647 -0.003129656 0.999319077 0.036763020 0.447907627 0.996649086 0.006121963 -0.081566364 2.505517006
-0.082081504 0.039753381 -0.995832503 -39.152698517 -0.003331982 0.999187589 0.040161952 0.459289312 0.996619999 0.006614649 -0.081882358 2.438096285
-0.081776530 0.039734453 -0.995858312 -39.981082916 -0.003088699 0.999190092 0.040121019 0.473461986 0.996645927 0.006356865 -0.081587553 2.361925125
-0.081823550 0.035288569 -0.996021986 -40.811637878 -0.003293749 0.999357879 0.035677344 0.491937518 0.996641338 0.006199894 -0.081654795 2.296410561
-0.081625894 0.030990683 -0.996181071 -41.633186340 -0.004334151 0.999495924 0.031448938 0.503047466 0.996653616 0.006884647 -0.081450433 2.231191158
-0.080891095 0.027971040 -0.996330380 -42.481887817 -0.007984214 0.999555886 0.028709821 0.516173184 0.996690929 0.010277283 -0.080631837 2.128285408
-0.081380025 0.026230285 -0.996337891 -43.306964874 -0.012036362 0.999554813 0.027298091 0.525986195 0.996610522 0.014213801 -0.081028074 2.052921295
-0.082644410 0.024131108 -0.996286929 -44.124828339 -0.009108722 0.999646723 0.024968075 0.539037108 0.996537447 0.011138373 -0.082395412 1.993983030
-0.083682507 0.020330880 -0.996284962 -44.942966461 -0.005652406 0.999766052 0.020876685 0.547162592 0.996476412 0.007378424 -0.083548009 1.931654692
-0.084390581 0.018699536 -0.996257246 -45.771224976 -0.000990661 0.999821842 0.018850356 0.559087396 0.996432304 0.002577746 -0.084357023 1.863174438
-0.086145200 0.022163918 -0.996035993 -46.594612122 -0.000788491 0.999750674 0.022314774 0.563473701 0.996282279 0.002707678 -0.086106256 1.787702799
-0.087796651 0.029019481 -0.995715618 -47.414188385 0.001745889 0.999578536 0.028978119 0.559300900 0.996136844 0.000805774 -0.087810308 1.714352131
-0.089786276 0.032688871 -0.995424390 -48.246261597 0.003453024 0.999465346 0.032510109 0.570415795 0.995955110 -0.000518264 -0.089851156 1.639459133
-0.091095351 0.031944267 -0.995329678 -49.051979065 0.002915736 0.999489665 0.031810917 0.574155271 0.995837867 -0.000004293 -0.091141999 1.562747002
-0.092445485 0.027915213 -0.995326340 -49.845645905 -0.000379443 0.999605775 0.028070481 0.580929160 0.995717645 0.002972660 -0.092398472 1.480752468
-0.093490385 0.024508474 -0.995318472 -50.637027740 -0.005277878 0.999670625 0.025111396 0.585372090 0.995606184 0.007600844 -0.093330249 1.393508434
-0.094797999 0.022697698 -0.995237648 -51.451965332 -0.009796530 0.999670386 0.023731926 0.598817706 0.995448351 0.011999614 -0.094544396 1.296683788
-0.095862389 0.023639923 -0.995113790 -52.247821808 -0.011107974 0.999630272 0.024817280 0.605327964 0.995332658 0.013432740 -0.095564343 1.212802887
-0.096875295 0.025243102 -0.994976282 -53.033607483 -0.011132227 0.999588370 0.026443992 0.610004008 0.995234251 0.013638073 -0.096554399 1.133257866
-0.097624518 0.024490787 -0.994921863 -53.817005157 -0.013739075 0.999568760 0.025953285 0.615017533 0.995128512 0.016202981 -0.097245932 1.047382355
-0.098067306 0.024683721 -0.994873583 -54.589679718 -0.013732992 0.999563694 0.026153781 0.617417991 0.995085061 0.016227420 -0.097685538 0.957581043
-0.098578461 0.026430715 -0.994778156 -55.364513397 -0.011293371 0.999553263 0.027676705 0.624622524 0.995065272 0.013962726 -0.098235905 0.880652905
-0.099030569 0.028778695 -0.994668126 -56.197231293 -0.009177662 0.999512851 0.029832605 0.649617791 0.995042086 0.012083068 -0.098718196 0.798807621
-0.099644966 0.033023853 -0.994474888 -56.894134521 -0.010526848 0.999358177 0.034240782 0.656665325 0.994967341 0.013880610 -0.099233374 0.730257988
-0.100359805 0.035375461 -0.994322062 -57.657482147 -0.010264196 0.999277771 0.036587767 0.664503336 0.994898140 0.013877860 -0.099924237 0.654349804
-0.101056904 0.035089932 -0.994261622 -58.391929626 -0.009803318 0.999294221 0.036263950 0.677418232 0.994832337 0.013411787 -0.100641578 0.578659534
-0.101394691 0.033074696 -0.994296312 -59.149410248 -0.009190395 0.999373436 0.034180783 0.687326550 0.994803786 0.012603725 -0.101027198 0.498380661
-0.101475850 0.029183807 -0.994409859 -59.893146515 -0.009293810 0.999498248 0.030281536 0.702848911 0.994794548 0.012314700 -0.101153694 0.416820526
-0.101094440 0.026768945 -0.994516671 -60.625450134 -0.010174533 0.999557793 0.027938899 0.697915435 0.994824827 0.012943211 -0.100777373 0.337906361
-0.099747084 0.024183244 -0.994718909 -61.337116241 -0.010166513 0.999627590 0.025322054 0.713774800 0.994960845 0.012638625 -0.099464089 0.264567375
-0.097096115 0.023401381 -0.994999886 -62.045372009 -0.012235261 0.999620020 0.024704011 0.722181618 0.995199800 0.014572747 -0.096772894 0.179407120
-0.093344033 0.024316657 -0.995336950 -62.689071655 -0.013496510 0.999578893 0.025686014 0.722149372 0.995542407 0.015831213 -0.092976540 0.120531082
-0.087498948 0.025998535 -0.995825291 -63.342403412 -0.013936535 0.999529541 0.027319787 0.724547863 0.996067107 0.016268808 -0.087095439 0.067957878
-0.080403216 0.027902920 -0.996371806 -64.001976013 -0.011579589 0.999514461 0.028925357 0.716004133 0.996695161 0.013863267 -0.080041073 0.014936924
-0.071391433 0.029245941 -0.997019529 -64.622528076 -0.013884729 0.999444008 0.030311272 0.717636466 0.997351825 0.016007314 -0.070945650 -0.038741112
-0.059391424 0.030849494 -0.997757912 -65.236839294 -0.015708663 0.999369681 0.031834379 0.714438200 0.998111129 0.017564138 -0.058869381 -0.073834896
-0.044996809 0.032634947 -0.998453975 -65.803932190 -0.017825514 0.999280810 0.033465311 0.721305847 0.998828113 0.019303787 -0.044382714 -0.100479603
-0.026886573 0.033881485 -0.999064147 -66.394569397 -0.019111710 0.999225438 0.034401279 0.735635996 0.999455750 0.020018758 -0.026218204 -0.099507451
-0.004605429 0.034660134 -0.999388576 -66.971656799 -0.020063052 0.999194860 0.034745861 0.744272470 0.999788105 0.020210804 -0.003906328 -0.095079184
0.020927416 0.035281118 -0.999158263 -67.510505676 -0.019415893 0.999203026 0.034876030 0.745137215 0.999592364 0.018669683 0.021595756 -0.069195271
0.050201513 0.034582004 -0.998140275 -68.031150818 -0.017920353 0.999270618 0.033719867 0.755321860 0.998578250 0.016194239 0.050784614 -0.021019220
0.084255531 0.034554057 -0.995844960 -68.534072876 -0.016312471 0.999312401 0.033294220 0.761039257 0.996310592 0.013439465 0.084761247 0.045334339
0.122428626 0.034934957 -0.991862357 -69.003005981 -0.015865732 0.999321461 0.033239324 0.764501214 0.992350519 0.011667172 0.122899808 0.119780540
0.162849501 0.034343973 -0.986053050 -69.493438721 -0.015416709 0.999360502 0.032261353 0.775274038 0.986530364 0.009947946 0.163274854 0.228909492
0.208494112 0.035140518 -0.977392137 -69.908752441 -0.014729212 0.999353766 0.032788131 0.780497909 0.977912605 0.007560086 0.208876953 0.339566231
0.257137775 0.034513369 -0.965758264 -70.336616516 -0.011565843 0.999400318 0.032636184 0.771533966 0.966305554 0.002777810 0.257382751 0.476648331
0.306797475 0.029157780 -0.951328158 -70.680648804 -0.003909755 0.999560773 0.029375214 0.772066593 0.951766729 -0.005292781 0.306776702 0.638111115
0.358805329 0.024217367 -0.933098257 -71.113578796 0.001147225 0.999651134 0.026385805 0.773766041 0.933411658 -0.010537841 0.358652383 0.833005905
0.410499811 0.019576857 -0.911650479 -71.496643066 0.006665749 0.999678373 0.024468644 0.774755776 0.911836207 -0.016121205 0.410237253 1.051528931
0.460948974 0.018827472 -0.887226939 -71.841789246 0.008204807 0.999641657 0.025475694 0.778846264 0.887388647 -0.019022517 0.460629314 1.293014526
0.507831752 0.017860727 -0.861271083 -72.166122437 0.007382361 0.999658048 0.025083413 0.790732265 0.861424565 -0.019096369 0.507526278 1.552616119
0.554872513 0.014142182 -0.831815243 -72.538238525 0.014839958 0.999528110 0.026892748 0.787014365 0.831803024 -0.027266147 0.554400742 1.813758850
0.597612321 0.006984439 -0.801754713 -72.923751831 0.023260629 0.999390125 0.026044145 0.809714317 0.801447749 -0.034213621 0.597085357 2.138034821
0.640636325 0.001872579 -0.767842054 -73.239562988 0.025015937 0.999415278 0.023308964 0.812916875 0.767436802 -0.034140866 0.640214860 2.446525574
0.682566762 -0.003074780 -0.730816782 -73.542160034 0.022107352 0.999620497 0.016442059 0.816587865 0.730488777 -0.027379226 0.682375669 2.757850647
0.723187566 -0.010572622 -0.690570712 -73.824066162 0.019213438 0.999803841 0.004813945 0.826155901 0.690384448 -0.016749628 0.723248780 3.095947266
0.762056231 -0.011910312 -0.647401214 -74.071853638 0.013603523 0.999904692 -0.002382644 0.819135189 0.647367895 -0.006991232 0.762145638 3.443790436
0.799226165 -0.014001692 -0.600867152 -74.331527710 0.013451386 0.999894917 -0.005408050 0.821005821 0.600879848 -0.003760241 0.799330592 3.838306427
0.833413899 -0.014331758 -0.552463353 -74.568923950 0.012582068 0.999896705 -0.006958302 0.820801377 0.552506089 -0.001151985 0.833508134 4.252079010
0.864082158 -0.012718717 -0.503190219 -74.793342590 0.009316544 0.999913633 -0.009275535 0.818233132 0.503264666 0.003326828 0.864125967 4.690708160
0.890461206 -0.011832783 -0.454905301 -75.018875122 0.009059101 0.999924719 -0.008276707 0.817022741 0.454969019 0.003249051 0.890501380 5.171619415
0.911692739 -0.005885551 -0.410830438 -75.209083557 0.003355353 0.999970675 -0.006879542 0.800887823 0.410858899 0.004893547 0.911685824 5.652696609
0.929448009 -0.002617430 -0.368943810 -75.413009644 -0.000582661 0.999963224 -0.008561974 0.806146979 0.368952662 0.008172883 0.929412365 6.173902512
0.942183137 -0.000466542 -0.335098058 -75.489067078 -0.001937104 0.999974728 -0.006838711 0.785810232 0.335092843 0.007092439 0.942158461 6.606683731
0.952008605 0.006023201 -0.306011558 -75.642478943 -0.007812351 0.999958813 -0.004622287 0.770024240 0.305971116 0.006791128 0.952016532 7.172595978
0.959512591 0.005153675 -0.281618536 -75.799140930 -0.006263828 0.999975741 -0.003041960 0.760879934 0.281595975 0.004682810 0.959521651 7.756868362
0.965429008 0.005452994 -0.260609239 -75.958679199 -0.005915267 0.999981999 -0.000989500 0.756369352 0.260599196 0.002496865 0.965443909 8.369401932
0.970205486 0.008323889 -0.242140591 -76.109870911 -0.008096067 0.999965370 0.001935866 0.744856834 0.242148325 0.000082199 0.970239222 8.988304138
0.973815918 0.013178316 -0.226955488 -76.253395081 -0.012738551 0.999913037 0.003402275 0.741816044 0.226980597 -0.000422106 0.973899245 9.616895676
0.976782143 0.016728587 -0.213580817 -76.402374268 -0.016100354 0.999859393 0.004680652 0.734550357 0.213629082 -0.001133252 0.976914227 10.267657280
0.979748964 0.015635749 -0.199618503 -76.560958862 -0.015009522 0.999876499 0.004650141 0.728094578 0.199666589 -0.001559793 0.979862690 10.949361801
0.982293785 0.015802857 -0.186679915 -76.672676086 -0.015233294 0.999873936 0.004485188 0.721424043 0.186727226 -0.001562022 0.982410610 11.628821373
0.985039592 0.016435487 -0.171542764 -76.806610107 -0.015830789 0.999862671 0.004892510 0.720922947 0.171599582 -0.002103658 0.985164583 12.336904526
0.987305343 0.019491740 -0.157632872 -76.904335022 -0.018801495 0.999805927 0.005868962 0.701401353 0.157716721 -0.002830723 0.987480342 13.004897118
0.989164352 0.018620105 -0.145627007 -76.988357544 -0.018361680 0.999826550 0.003118606 0.698403358 0.145659804 -0.000410859 0.989334762 13.719676018
0.990621150 0.019867461 -0.135185584 -77.074752808 -0.020324118 0.999791384 -0.001998595 0.683503449 0.135117680 0.004727377 0.990818381 14.458081245
0.991972625 0.016376507 -0.125388041 -77.177101135 -0.017688079 0.999799728 -0.009353860 0.699882627 0.125209764 0.011496647 0.992063701 15.203292847
0.992906451 0.016875803 -0.117694616 -77.249969482 -0.018057691 0.999796510 -0.008982817 0.680235922 0.117519066 0.011044390 0.993009269 15.981024742
0.993585348 0.019596227 -0.111373752 -77.341827393 -0.019969970 0.999798059 -0.002241117 0.651340365 0.111307397 0.004450872 0.993776083 16.751947403
0.994211018 0.021811830 -0.105207331 -77.461875916 -0.021414677 0.999758661 0.004903247 0.653985023 0.105288886 -0.002621881 0.994438231 17.593736649
0.994672298 0.022672368 -0.100563750 -77.550621033 -0.021923706 0.999723196 0.008543728 0.644891977 0.100729622 -0.006293479 0.994894028 18.370111465
0.995060802 0.021640612 -0.096879631 -77.631729126 -0.021010065 0.999750912 0.007524074 0.636124849 0.097018324 -0.005451463 0.995267749 19.144149780
0.995335102 0.021397050 -0.094075523 -77.704620361 -0.020844040 0.999759197 0.006857187 0.625947118 0.094199598 -0.004864285 0.995541453 19.919837952
0.995622277 0.019883627 -0.091328673 -77.774108887 -0.019155048 0.999777436 0.008847242 0.621136189 0.091484241 -0.007059105 0.995781481 20.696361542
0.995934010 0.017796941 -0.088310823 -77.854888916 -0.016872397 0.999794841 0.011204742 0.619687438 0.088492110 -0.009669168 0.996029973 21.472652435
0.996276259 0.015244799 -0.084860504 -77.923568726 -0.014158516 0.999810219 0.013387974 0.605366051 0.085048497 -0.012136620 0.996302962 22.228626251
0.996421576 0.016081195 -0.082979277 -77.981414795 -0.015341070 0.999836743 0.009549294 0.596405268 0.083119288 -0.008242130 0.996505558 22.992061615
0.996481955 0.020532321 -0.081253551 -78.046684265 -0.020425439 0.999789059 0.002146469 0.588068247 0.081280485 -0.000479278 0.996691167 23.724039078
0.996605515 0.019557836 -0.079968408 -78.110458374 -0.020046359 0.999784946 -0.005310598 0.573839426 0.079847343 0.006895646 0.996783376 24.476234436
0.996722043 0.020555431 -0.078246415 -78.181777954 -0.021375138 0.999724925 -0.009652808 0.563991189 0.078026474 0.011293693 0.996887326 25.242645264
0.996855319 0.022083998 -0.076105520 -78.250579834 -0.022755995 0.999709308 -0.007973883 0.547531009 0.075907290 0.009680663 0.997067928 26.014905930
0.996949553 0.025574187 -0.073740348 -78.315399170 -0.025913624 0.999657512 -0.003649925 0.524459183 0.073621765 0.005549670 0.997270823 26.783687592
0.997060597 0.028434224 -0.071145073 -78.383255005 -0.028432360 0.999595225 0.001039056 0.514914870 0.071145825 0.000986821 0.997465372 27.550880432
0.997253776 0.026792627 -0.069044352 -78.433616638 -0.026637753 0.999640107 0.003163014 0.498539567 0.069104254 -0.001315142 0.997608602 28.303649902
0.997412980 0.023228098 -0.068027571 -78.480468750 -0.023072194 0.999729156 0.003076596 0.487951964 0.068080597 -0.001499092 0.997678757 29.033811569
0.997519672 0.023927461 -0.066197336 -78.545349121 -0.023750406 0.999711931 0.003460412 0.468009204 0.066261075 -0.001879615 0.997800529 29.794317245
0.997640252 0.020439440 -0.065545209 -78.590255737 -0.020409485 0.999791086 0.001126629 0.469438940 0.065554544 0.000213774 0.997848988 30.535419464
0.997734547 0.018199984 -0.064766608 -78.641334534 -0.018244600 0.999833524 -0.000097503 0.459273309 0.064754046 0.001278923 0.997900426 31.300588608
0.997790158 0.017633338 -0.064060420 -78.691703796 -0.017664762 0.999843955 0.000075849 0.447610766 0.064051747 0.001055931 0.997946024 32.061290741
0.997802079 0.020761311 -0.062929265 -78.750999451 -0.020737052 0.999784470 0.001038644 0.439241141 0.062937260 0.000268606 0.998017490 32.838634491
0.997797370 0.020472456 -0.063097753 -78.802314758 -0.020492019 0.999789953 0.000337173 0.425700039 0.063091390 0.000956570 0.998007298 33.607994080
0.997688234 0.019594952 -0.065072052 -78.850753784 -0.019615399 0.999807537 0.000324677 0.409165859 0.065065876 0.000952488 0.997880518 34.380889893
0.997622550 0.017674929 -0.066609204 -78.911796570 -0.017679283 0.999843597 0.000524096 0.405692369 0.066608027 0.000654753 0.997779071 35.183387756
0.997326791 0.019581357 -0.070398532 -78.967758179 -0.019582232 0.999807954 0.000677778 0.390470654 0.070398293 0.000702595 0.997518718 35.977447510
0.997040987 0.023188198 -0.073290721 -79.026084900 -0.023248984 0.999729693 0.000023721 0.385490894 0.073271453 0.001680284 0.997310638 36.757404327
0.996839106 0.024017964 -0.075729050 -79.112312317 -0.024473511 0.999687433 -0.005093127 0.380873799 0.075583063 0.006930383 0.997115374 37.613945007
0.996665835 0.024542397 -0.077812165 -79.185058594 -0.025281649 0.999643981 -0.008529615 0.372982740 0.077575110 0.010468395 0.996931553 38.425022125
0.996542454 0.023952851 -0.079557709 -79.258575439 -0.024835618 0.999640286 -0.010124885 0.358156174 0.079286568 0.012065742 0.996778786 39.245246887
0.996327281 0.023817465 -0.082247734 -79.325668335 -0.024594182 0.999661803 -0.008443299 0.337159097 0.082018822 0.010435104 0.996576130 40.078136444
0.996188581 0.022556363 -0.084259108 -79.398620605 -0.023316324 0.999695837 -0.008046064 0.321542770 0.084051982 0.009980010 0.996411383 40.898391724
0.996018589 0.022020718 -0.086382650 -79.469360352 -0.022636821 0.999724746 -0.006159062 0.303784639 0.086223245 0.008089969 0.996243000 41.730545044
0.995951593 0.021234479 -0.087345779 -79.546394348 -0.021545725 0.999764502 -0.002622067 0.291492403 0.087269515 0.004493381 0.996174634 42.569805145
0.995948076 0.020087238 -0.087658629 -79.626296997 -0.019946706 0.999797940 0.002478977 0.274567783 0.087690718 -0.000720432 0.996147513 43.414817810
0.995990872 0.019775083 -0.087241478 -79.701354980 -0.019495750 0.999801636 0.004052776 0.267553121 0.087304316 -0.002335690 0.996178985 44.281852722
0.996029258 0.022845179 -0.086044908 -79.797721863 -0.022576608 0.999736667 0.004093143 0.259070396 0.086115755 -0.002134287 0.996282876 45.235366821
0.996221840 0.022599261 -0.083852611 -79.879684448 -0.022443643 0.999744236 0.002798161 0.252197206 0.083894387 -0.000905631 0.996474266 46.108039856
0.996409297 0.020403663 -0.082172401 -79.953186035 -0.020430468 0.999791145 0.000514666 0.241865143 0.082165726 0.001166003 0.996618032 46.970130920
0.996611893 0.016562749 -0.080562465 -80.016792297 -0.016692873 0.999860168 -0.000941941 0.226881072 0.080535606 0.002283570 0.996749222 47.840908051
0.996788383 0.015619212 -0.078541778 -80.091407776 -0.015757946 0.999875188 -0.001146913 0.215389848 0.078514040 0.002380888 0.996910274 48.710830688
0.996853590 0.013383768 -0.078126907 -80.148391724 -0.013328771 0.999910355 0.001225385 0.204013705 0.078136303 -0.000180193 0.996942639 49.548538208
0.996975183 0.009754145 -0.077106379 -80.221458435 -0.009501295 0.999948144 0.003645457 0.187686101 0.077137940 -0.002901819 0.997016251 50.438137054
0.997031987 0.009666126 -0.076379351 -80.303222656 -0.009384375 0.999947727 0.004046914 0.164628848 0.076414496 -0.003318130 0.997070611 51.381084442
0.997109413 0.011357127 -0.075124800 -80.376716614 -0.011323310 0.999935448 0.000876058 0.148945704 0.075129896 -0.000022864 0.997173727 52.245185852
0.997130990 0.013804181 -0.074425884 -80.453132629 -0.014198071 0.999887824 -0.004765849 0.133521587 0.074351735 0.005808881 0.997215211 53.116687775
0.997188926 0.015002668 -0.073410377 -80.523567200 -0.015765956 0.999827385 -0.009829082 0.107785523 0.073250249 0.010958835 0.997253478 53.961566925
0.997160792 0.019791879 -0.072655573 -80.592063904 -0.021001091 0.999652743 -0.015916958 0.086822927 0.072315313 0.017397610 0.997230053 54.829586029
0.997230947 0.019288601 -0.071822926 -80.656257629 -0.020539237 0.999649286 -0.016715061 0.059831500 0.071475327 0.018143963 0.997277319 55.683967590
0.997279882 0.017215289 -0.071669787 -80.718040466 -0.018023597 0.999780953 -0.010646797 0.041342735 0.071470797 0.011909582 0.997371614 56.532356262
0.997262537 0.015771009 -0.072242185 -80.784782410 -0.015953146 0.999870837 -0.001944889 0.020965829 0.072202183 0.003092054 0.997385204 57.415203094
0.997152627 0.014493557 -0.074003980 -80.844490051 -0.014079983 0.999882221 0.006107211 -0.008253276 0.074083790 -0.005047848 0.997239232 58.274902344
0.997053146 0.012620267 -0.075668752 -80.903358459 -0.012334571 0.999915063 0.004241758 -0.019004285 0.075715832 -0.003295918 0.997124016 59.025310516
0.996964574 0.007204445 -0.077522300 -80.967338562 -0.007174284 0.999974072 0.000667559 -0.028933756 0.077525102 -0.000109367 0.996990383 59.866996765
0.996734798 0.005531841 -0.080554359 -81.031066895 -0.005610198 0.999983907 -0.000746422 -0.044383477 0.080548942 0.001195910 0.996749938 60.706596375
0.996481478 0.008348669 -0.083396010 -81.106689453 -0.008641171 0.999957681 -0.003147071 -0.064687312 0.083366215 0.003856638 0.996511579 61.537193298
0.996188521 0.009213527 -0.086738445 -81.186798096 -0.009854279 0.999927163 -0.006961878 -0.078309447 0.086667992 0.007790089 0.996206820 62.353725433
0.995797813 0.010259965 -0.091002032 -81.259887695 -0.011199331 0.999889076 -0.009817837 -0.102233708 0.090891212 0.010795741 0.995802283 63.154037476
0.995561361 0.011710182 -0.093383998 -81.351356506 -0.013009486 0.999826670 -0.013316951 -0.136003613 0.093211867 0.014472718 0.995541096 63.956069946
0.995213747 0.016347716 -0.096345074 -81.450027466 -0.017763628 0.999746203 -0.013856834 -0.152446389 0.096094087 0.015501948 0.995251596 64.754623413
0.994784474 0.019073110 -0.100199543 -81.545944214 -0.020315835 0.999728620 -0.011396687 -0.172866523 0.099954985 0.013372888 0.994902134 65.577980042
0.994323790 0.024350036 -0.103572220 -81.652908325 -0.025070965 0.999669611 -0.005664343 -0.201111227 0.103400081 0.008228849 0.994605780 66.326271057
0.993901193 0.024724780 -0.107466966 -81.748710632 -0.024894821 0.999690115 -0.000240789 -0.217753440 0.107427716 0.002914692 0.994208634 67.132072449
0.993351221 0.024295863 -0.112530679 -81.842063904 -0.024028616 0.999704301 0.003730753 -0.236792415 0.112588048 -0.001001991 0.993641317 67.925643921
0.992605567 0.023754889 -0.119037844 -81.942230225 -0.023382476 0.999716341 0.004524427 -0.243261844 0.119111553 -0.001707572 0.992879391 68.723808289
0.991897225 0.020916685 -0.125309914 -82.041854858 -0.019981032 0.999762297 0.008719087 -0.259622693 0.125462517 -0.006144616 0.992079318 69.504829407
0.991126835 0.022517860 -0.130998582 -82.158607483 -0.021677241 0.999734223 0.007839654 -0.265483677 0.131140307 -0.004930405 0.991351604 70.306884766
0.990293384 0.025900835 -0.136557639 -82.299064636 -0.025104789 0.999656320 0.007548628 -0.283336401 0.136706233 -0.004047106 0.990603387 71.057357788
0.989419818 0.027909808 -0.142370671 -82.421142578 -0.027629916 0.999610424 0.003942869 -0.291497558 0.142425254 0.000032537 0.989805579 71.829872131
0.988565624 0.026685337 -0.148410827 -82.542495728 -0.026824631 0.999639571 0.001063316 -0.301331818 0.148385718 0.002929908 0.988925278 72.599830627
0.987745583 0.027954601 -0.153548434 -82.669677734 -0.028325891 0.999598682 -0.000230493 -0.311796457 0.153480396 0.004577065 0.988141119 73.370391846
0.987014771 0.028642679 -0.158054456 -82.804260254 -0.028212782 0.999589562 0.004963400 -0.325580686 0.158131778 -0.000439793 0.987417936 74.136428833
0.985936403 0.030324280 -0.164346293 -82.941856384 -0.029204659 0.999530852 0.009225111 -0.334054887 0.164548948 -0.004295697 0.986359596 74.897972107
0.984893620 0.029586762 -0.170613989 -83.075317383 -0.028051952 0.999541521 0.011400029 -0.347831249 0.170873061 -0.006441763 0.985271990 75.657196045
0.983644068 0.026882278 -0.178105846 -83.210815430 -0.025910743 0.999633968 0.007779007 -0.352205992 0.178249791 -0.003036918 0.983980536 76.455398560
0.982106566 0.025104064 -0.186645404 -83.358169556 -0.025451787 0.999675870 0.000533437 -0.356517524 0.186598331 0.004226568 0.982427239 77.202857971
0.980506420 0.022627272 -0.195179880 -83.520080566 -0.023381812 0.999725342 -0.001562452 -0.363234222 0.195090935 0.006095654 0.980766237 77.943138123
0.978421330 0.021724952 -0.205474779 -83.686508179 -0.021872014 0.999759555 0.001555833 -0.378382325 0.205459148 0.002971886 0.978661180 78.681533813
0.975977838 0.022574211 -0.216697454 -83.852600098 -0.021438271 0.999741256 0.007591663 -0.384193301 0.216812804 -0.002763676 0.976209223 79.409782410
0.973397911 0.024914034 -0.227762923 -84.049362183 -0.022027865 0.999641657 0.015205423 -0.387500048 0.228060111 -0.009783794 0.973597944 80.139213562
0.970520854 0.027989103 -0.239386305 -84.234809875 -0.024321912 0.999537408 0.018260162 -0.376012683 0.239786640 -0.011899536 0.970752656 80.877098083
0.967520356 0.030925319 -0.250894248 -84.433860779 -0.028359169 0.999502003 0.013837894 -0.384791493 0.251197249 -0.006273292 0.967915595 81.589431763
0.964378178 0.030282645 -0.262788773 -84.642738342 -0.030052776 0.999536395 0.004895072 -0.390811086 0.262815118 0.003176832 0.964840949 82.305351257
0.960973501 0.027670765 -0.275253445 -84.854324341 -0.028781097 0.999585807 0.000005212 -0.392551810 0.275139540 0.007917089 0.961371779 83.005126953
0.957486331 0.026279463 -0.287279248 -85.075531006 -0.025876373 0.999651670 0.005200635 -0.399743617 0.287315845 0.002454208 0.957832754 83.731163025
0.953790069 0.028550621 -0.299114347 -85.301673889 -0.026174415 0.999586046 0.011948274 -0.393382311 0.299331635 -0.003567000 0.954142511 84.484634399
0.950102091 0.028695656 -0.310616463 -85.545753479 -0.024473477 0.999547541 0.017482564 -0.402995110 0.310977638 -0.009008355 0.950374484 85.194595337
0.945943177 0.025493924 -0.323329031 -85.804855347 -0.021780340 0.999648750 0.015099192 -0.396125913 0.323600471 -0.007240761 0.946166098 85.929122925
0.942138851 0.023777077 -0.334378839 -86.065109253 -0.020992424 0.999708414 0.011939654 -0.416684747 0.334565163 -0.004229389 0.942363024 86.592895508
0.938884079 0.020452432 -0.343625486 -86.311798096 -0.020141885 0.999787152 0.004473425 -0.417834878 0.343643844 0.002721235 0.939096093 87.298789978
0.936089635 0.013423576 -0.351505071 -86.598274231 -0.014606433 0.999893069 -0.000713482 -0.451930374 0.351457924 0.005802120 0.936185718 88.055595398
0.933368444 0.013156340 -0.358678341 -86.876777649 -0.015112334 0.999882281 -0.002650252 -0.459844559 0.358601213 0.007894129 0.933457553 88.760787964
0.930400014 0.018399166 -0.366083592 -87.173492432 -0.020901088 0.999777436 -0.002871757 -0.470082164 0.365949273 0.010323429 0.930577576 89.459541321
0.927086711 0.018232226 -0.374403387 -87.457435608 -0.019902132 0.999801815 -0.000593993 -0.482936323 0.374318302 0.008002110 0.927265763 90.161392212
0.924094796 0.019105908 -0.381685406 -87.759735107 -0.018181955 0.999816597 0.006027347 -0.492287755 0.381730556 0.001369947 0.924272716 90.862663269
0.921163797 0.021002218 -0.388608068 -88.062683105 -0.016745230 0.999756992 0.014338390 -0.496209502 0.388814777 -0.006700675 0.921291590 91.583892822
0.918501079 0.031907577 -0.394128919 -88.386596680 -0.025708366 0.999448895 0.021000311 -0.500163078 0.394581795 -0.009156403 0.918815255 92.279754639
0.915687501 0.038744912 -0.400018990 -88.705825806 -0.034270562 0.999244392 0.018335398 -0.504057884 0.400427103 -0.003080619 0.916323423 92.964874268
0.913736463 0.034073826 -0.404876173 -89.048309326 -0.032923684 0.999409795 0.009805843 -0.488431811 0.404971302 0.004370058 0.914319038 93.669410706
0.911495745 0.027860686 -0.410364628 -89.354057312 -0.029483596 0.999562442 0.002374277 -0.485150933 0.410251230 0.009934882 0.911918521 94.369880676
0.909787655 0.028391549 -0.414101928 -89.672233582 -0.030153269 0.999542594 0.002283249 -0.508284867 0.413977385 0.010409256 0.910227716 95.046722412
0.907635391 0.035370268 -0.418266892 -90.012008667 -0.035420746 0.999343157 0.007645647 -0.504802108 0.418262661 0.007875864 0.908291996 95.723838806
0.905194938 0.037452795 -0.423343301 -90.354209900 -0.035747137 0.999289095 0.011971466 -0.509968638 0.423490733 0.004296801 0.905890286 96.431266785
0.902966440 0.034203023 -0.428347647 -90.688461304 -0.033064853 0.999402165 0.010099563 -0.521438360 0.428436995 0.005043683 0.903557658 97.128311157
0.900622189 0.032191332 -0.433409125 -91.029861450 -0.034039933 0.999414325 0.003496387 -0.526751995 0.433267802 0.011604293 0.901190519 97.821556091
0.898275971 0.029508812 -0.438439816 -91.370651245 -0.034172688 0.999412179 -0.002748472 -0.535897017 0.438100874 0.017451553 0.898756385 98.513221741
