1.000000000 0.000000000 0.000000000 0.000000000 0.000000000 1.000000000 0.000000000 0.000000000 0.000000000 0.000000000 1.000000000 0.000000000
0.999996305 0.002689596 0.000333848 -0.010230216 -0.002690116 0.999995172 0.001566567 -0.015641190 -0.000329633 -0.001567459 0.999998689 0.778696001
0.999984562 0.005524534 0.000477721 -0.016763192 -0.005525410 0.999983013 0.001850752 -0.029418763 -0.000467488 -0.001853363 0.999998152 1.558260202
0.999976993 0.006706273 0.000989309 -0.024755642 -0.006707822 0.999976277 0.001571648 -0.045391541 -0.000978745 -0.001578248 0.999998271 2.305384398
0.999960601 0.008792217 0.001183581 -0.033135351 -0.008793705 0.999960542 0.001257186 -0.061290108 -0.001172481 -0.001267544 0.999998510 3.055741072
0.999960124 0.008802282 0.001472093 -0.035223234 -0.008803612 0.999960840 0.000899487 -0.073584363 -0.001464118 -0.000912411 0.999998510 3.773628950
0.999957561 0.009064735 0.001644650 -0.035292454 -0.009067942 0.999956965 0.001953397 -0.088171832 -0.001626872 -0.001968228 0.999996722 4.476496696
0.999948740 0.009847420 0.002325604 -0.037564322 -0.009858844 0.999939144 0.004953225 -0.105791263 -0.002276686 -0.004975899 0.999985039 5.166038036
0.999947429 0.009620091 0.003531248 -0.035444073 -0.009651113 0.999914050 0.008876435 -0.112174176 -0.003445552 -0.008910051 0.999954402 5.832628250
0.999948859 0.008886354 0.004816736 -0.030375093 -0.008946138 0.999881327 0.012535547 -0.122920834 -0.004704770 -0.012577998 0.999909818 6.468707561
0.999950647 0.007737540 0.006217288 -0.033164270 -0.007829389 0.999858439 0.014887145 -0.136298552 -0.006101219 -0.014935087 0.999869823 7.075242043
0.999937415 0.008407706 0.007375873 -0.029397484 -0.008516848 0.999852717 0.014892623 -0.145187408 -0.007249575 -0.014954509 0.999861896 7.659679890
0.999918282 0.009510874 0.008537229 -0.029961474 -0.009615529 0.999877989 0.012302497 -0.154606968 -0.008419182 -0.012383581 0.999887884 8.202496529
0.999910653 0.009503464 0.009398039 -0.025907181 -0.009589603 0.999912024 0.009163518 -0.152704537 -0.009310127 -0.009252820 0.999913812 8.743936539
0.999912739 0.007556601 0.010831371 -0.013074182 -0.007639661 0.999941707 0.007647865 -0.161929637 -0.010772945 -0.007729947 0.999912083 9.248022079
0.999909818 0.003871456 0.012855800 -0.007711083 -0.003936952 0.999979436 0.005073286 -0.166079819 -0.012835893 -0.005123441 0.999904454 9.716381073
0.999893844 0.002134454 0.014412390 0.007882014 -0.002189831 0.999990284 0.003827658 -0.172931790 -0.014404080 -0.003858813 0.999888778 10.157958031
0.999848545 0.006423269 0.016174292 0.013880372 -0.006460745 0.999976575 0.002265787 -0.187139586 -0.016159359 -0.002369943 0.999866605 10.570450783
0.999751508 0.010818304 0.019487955 0.011074916 -0.010849944 0.999939978 0.001518663 -0.199361116 -0.019470355 -0.001729730 0.999808908 10.948856354
0.999674141 0.011340900 0.022868605 0.018223241 -0.011396879 0.999932349 0.002319002 -0.201834753 -0.022840759 -0.002578877 0.999735773 11.309776306
0.999644041 0.007196009 0.025692884 0.035724521 -0.007266674 0.999970078 0.002658015 -0.205190435 -0.025672991 -0.002843770 0.999666393 11.632513046
0.999606371 0.002379288 0.027950300 0.056613833 -0.002445278 0.999994338 0.002327079 -0.207705230 -0.027944602 -0.002394510 0.999606550 11.922020912
0.999530971 -0.001354564 0.030593507 0.073273748 0.001243852 0.999992549 0.003637578 -0.212504089 -0.030598212 -0.003597817 0.999525249 12.184246063
0.999442875 -0.001337457 0.033349320 0.081319362 0.001178196 0.999987781 0.004794747 -0.221219838 -0.033355329 -0.004752784 0.999432266 12.421939850
0.999372244 -0.001074544 0.035412684 0.084492445 0.000930384 0.999991238 0.004087139 -0.227985993 -0.035416760 -0.004051626 0.999364376 12.617968559
0.999298453 0.000187840 0.037451424 0.094621241 -0.000284379 0.999996603 0.002572413 -0.230409428 -0.037450813 -0.002581259 0.999295115 12.810392380
0.999191463 0.002243417 0.040141903 0.101076156 -0.002316932 0.999995649 0.001784960 -0.234563991 -0.040137723 -0.001876523 0.999192417 12.984634399
0.999113679 0.005333544 0.041753199 0.099559069 -0.005386364 0.999984801 0.001152683 -0.243145838 -0.041746419 -0.001376559 0.999127269 13.147844315
0.999049604 0.006860855 0.043044858 0.105676323 -0.006853201 0.999976337 -0.000325364 -0.247886106 -0.043046083 0.000030060 0.999073088 13.306987762
0.998979390 0.005772024 0.044797923 0.118169785 -0.005693418 0.999981999 -0.001882063 -0.254003763 -0.044807978 0.001625088 0.998994291 13.456966400
0.998915732 0.004540540 0.046333168 0.129381061 -0.004389230 0.999984622 -0.003366892 -0.257372111 -0.046347748 0.003159875 0.998920321 13.608251572
0.998862922 0.003800414 0.047522537 0.135435522 -0.003594664 0.999983788 -0.004414212 -0.259437025 -0.047538541 0.004238367 0.998860419 13.746582985
0.998794377 0.004058886 0.048922651 0.146278501 -0.003778310 0.999975860 -0.005826215 -0.262417793 -0.048945125 0.005634346 0.998785555 13.878381729
0.998712480 0.005299186 0.050449722 0.147914886 -0.004911857 0.999957502 -0.007798384 -0.266921699 -0.050488900 0.007540544 0.998696148 13.997559547
0.998666048 0.005370932 0.051354334 0.155366123 -0.004855467 0.999936581 -0.010156911 -0.268886119 -0.051405631 0.009894012 0.998628855 14.121766090
0.998636663 0.004070988 0.052040659 0.162302792 -0.003441348 0.999919891 -0.012182891 -0.275598109 -0.052086093 0.011987190 0.998570681 14.243656158
0.998670757 0.003350704 0.051433690 0.169678450 -0.002636635 0.999899328 -0.013944888 -0.279711366 -0.051475231 0.013790738 0.998579085 14.366970062
0.998785198 0.002962824 0.049186695 0.176233649 -0.002225509 0.999884486 -0.015038155 -0.283257961 -0.049225569 0.014910421 0.998676419 14.487836838
0.998921454 0.002963970 0.046335816 0.178274095 -0.002215919 0.999866605 -0.016187184 -0.283521295 -0.046377610 0.016067050 0.998794794 14.625688553
0.999111056 0.003434710 0.042014204 0.181816429 -0.002704895 0.999844730 -0.017415199 -0.288250029 -0.042067491 0.017286077 0.998965323 14.758552551
0.999332011 0.003341298 0.036390055 0.180248797 -0.002674760 0.999828041 -0.018349787 -0.293743312 -0.036445111 0.018240197 0.999169171 14.879674911
0.999557912 0.003472793 0.029525734 0.184425592 -0.002909431 0.999813318 -0.019101959 -0.294525772 -0.029586557 0.019007612 0.999381483 15.011680603
0.999738038 0.003942966 0.022544196 0.175004259 -0.003498408 0.999799311 -0.019724932 -0.300511718 -0.022617443 0.019640898 0.999551237 15.132652283
0.999890387 0.003517431 0.014381178 0.168706626 -0.003217988 0.999778628 -0.020792311 -0.300206989 -0.014451124 0.020743754 0.999680400 15.266064644
0.999988258 0.002630428 0.004051320 0.164532244 -0.002541244 0.999757707 -0.021863729 -0.305768907 -0.004107844 0.021853175 0.999752760 15.400130272
0.999959469 0.000379918 -0.008988064 0.159517542 -0.000594272 0.999715149 -0.023858193 -0.302797735 0.008976441 0.023862571 0.999674976 15.541034698
0.999674916 -0.000057909 -0.025494069 0.142840952 -0.000598096 0.999668896 -0.025723293 -0.308923990 0.025487125 0.025730181 0.999343991 15.698575974
0.998999178 -0.000001326 -0.044728599 0.110512555 -0.001198796 0.999639988 -0.026804356 -0.313131839 0.044712532 0.026831150 0.998639524 15.877488136
0.997798085 0.000517789 -0.066322409 0.085480094 -0.002276608 0.999647617 -0.026446402 -0.316827655 0.066285342 0.026539158 0.997447670 16.012672424
0.995918691 0.001036882 -0.090249434 0.046169758 -0.003299781 0.999683797 -0.024928242 -0.322487742 0.090195060 0.025124306 0.995607138 16.226713181
0.993119776 0.002023526 -0.117085844 -0.007397532 -0.004819552 0.999709785 -0.023601949 -0.327787846 0.117004097 0.024003863 0.992841303 16.447805405
0.989133060 0.003373766 -0.146983817 -0.071998596 -0.006580607 0.999750614 -0.021336846 -0.336811513 0.146875188 0.022072226 0.988908768 16.675191879
0.983620584 0.003675460 -0.180213273 -0.143480539 -0.006988670 0.999817908 -0.017753452 -0.347534269 0.180115208 0.018722115 0.983467340 16.919752121
0.976216257 0.004086836 -0.216759846 -0.230972528 -0.007271342 0.999877036 -0.013895881 -0.352837592 0.216676414 0.015141522 0.976126015 17.169811249
0.966633499 0.006189301 -0.256088465 -0.345090389 -0.008628475 0.999927461 -0.008402251 -0.357639492 0.256017923 0.010331551 0.966616750 17.438087463
0.954509437 0.009313669 -0.298035234 -0.429651737 -0.010862572 0.999934852 -0.003541082 -0.364334613 0.297982842 0.006617426 0.954548240 17.643268585
0.940284073 0.012900548 -0.340146273 -0.572119236 -0.013465005 0.999909043 0.000701012 -0.366534263 0.340124458 0.003920922 0.940372288 17.922277451
0.923633456 0.015536699 -0.382961959 -0.728823185 -0.014095950 0.999879062 0.006568095 -0.374567509 0.383017719 -0.000668300 0.923740804 18.195730209
0.904345095 0.019301418 -0.426365435 -0.888644695 -0.014607333 0.999791384 0.014277237 -0.383682311 0.426552057 -0.006683487 0.904438317 18.462265015
0.882491827 0.023763888 -0.469727069 -1.087992668 -0.015788620 0.999656677 0.020910870 -0.387521207 0.470062762 -0.011037329 0.882564008 18.747335434
0.857446730 0.029147428 -0.513746560 -1.273716927 -0.018835880 0.999503195 0.025269624 -0.388893574 0.514227927 -0.011990487 0.857569814 19.002967834
0.829499006 0.031873472 -0.557597995 -1.486550808 -0.019278774 0.999409318 0.028448669 -0.388497978 0.558175325 -0.012848340 0.829623461 19.257911682
0.798770964 0.035680294 -0.600576401 -1.777383804 -0.021780310 0.999300539 0.030400556 -0.383430600 0.601240873 -0.011202339 0.798989177 19.557922363
0.764904439 0.037091676 -0.643074989 -2.020810127 -0.021250108 0.999250352 0.032359488 -0.360431433 0.643793046 -0.011086498 0.765119076 19.807790756
0.727984428 0.040940136 -0.684370279 -2.325098038 -0.022356724 0.999102175 0.035986431 -0.345877051 0.685229003 -0.010897283 0.728246093 20.073530197
0.688768923 0.041728143 -0.723779082 -2.661745071 -0.019753436 0.999051690 0.038800552 -0.330997527 0.724711776 -0.012427486 0.688939929 20.345932007
0.648432493 0.041864187 -0.760120213 -3.021974564 -0.017629018 0.999044836 0.039984427 -0.316894889 0.761067986 -0.012527025 0.648550987 20.598793030
0.605515003 0.040897161 -0.794782400 -3.392915726 -0.012255175 0.999039352 0.042070873 -0.307864547 0.795739532 -0.015734348 0.605434656 20.846370697
0.561182618 0.040840022 -0.826683879 -3.804766655 -0.007383092 0.998989165 0.044340380 -0.293129504 0.827658951 -0.018779568 0.560916901 21.082790375
0.515228331 0.041735236 -0.856036186 -4.284317017 -0.005403452 0.998951972 0.045450754 -0.268801153 0.857035935 -0.018791968 0.514913917 21.330627441
0.465374917 0.041321538 -0.884148598 -4.746282578 -0.004197291 0.999001503 0.044480033 -0.246210277 0.885103643 -0.016988868 0.465083718 21.530941010
0.412756264 0.040401619 -0.909945011 -5.228437424 0.000908395 0.998997033 0.044767577 -0.228863776 0.910841048 -0.019304693 0.412305653 21.717475891
0.358766228 0.039629206 -0.932585835 -5.731784344 0.006232078 0.998974383 0.044847805 -0.211325049 0.933406711 -0.021901827 0.358151436 21.886690140
0.304400206 0.038264431 -0.951775312 -6.258191109 0.009382727 0.999023914 0.043164786 -0.186415374 0.952498019 -0.022069624 0.303744078 22.032417297
0.251775503 0.043958914 -0.966786802 -6.812037468 0.010286691 0.998789787 0.048092976 -0.158707321 0.967730999 -0.022053672 0.251018673 22.129781723
0.201144725 0.049110636 -0.978329659 -7.406218529 0.013155701 0.998516917 0.052828826 -0.138617396 0.979473174 -0.023496855 0.200200349 22.216135025
0.152365848 0.050442003 -0.987036109 -8.014176369 0.018500719 0.998376071 0.053877428 -0.112896681 0.988151014 -0.026469957 0.151185170 22.291383743
0.107906960 0.051680937 -0.992816746 -8.641735077 0.021316875 0.998297989 0.054283150 -0.090972424 0.993932426 -0.027021281 0.106621630 22.338180542
0.067631871 0.050041478 -0.996454597 -9.276301384 0.020960957 0.998449564 0.051564343 -0.066876233 0.997490168 -0.024374032 0.066478074 22.352226257
0.032518566 0.045907147 -0.998416305 -9.924957275 0.017908189 0.998757422 0.046506099 -0.033139497 0.999310613 -0.019392142 0.031656042 22.341630936
0.003994039 0.045610204 -0.998951316 -10.641479492 0.015985221 0.998828769 0.045668520 0.003644764 0.999864280 -0.016150858 0.003260272 22.327936172
-0.016985044 0.049668558 -0.998621404 -11.357146263 0.015108351 0.998664200 0.049413722 0.035232604 0.999741673 -0.014248228 -0.017712764 22.300495148
-0.029872339 0.055777915 -0.997996211 -12.089461327 0.016633620 0.998331308 0.055298761 0.065868914 0.999415278 -0.014948385 -0.030750277 22.270360947
-0.037694599 0.058545195 -0.997572839 -12.844442368 0.016299594 0.998185515 0.057965253 0.095955670 0.999156415 -0.014075055 -0.038580462 22.236490250
-0.041541375 0.055313528 -0.997604489 -13.628577232 0.017323315 0.998356223 0.054633848 0.138666272 0.998986542 -0.015012252 -0.042431299 22.201448441
-0.040556341 0.051979143 -0.997824371 -14.410737991 0.024981190 0.998386443 0.050993081 0.167722344 0.998864949 -0.022858744 -0.041789409 22.172748566
-0.036857862 0.049762432 -0.998080730 -15.242237091 0.035972752 0.998178184 0.048438862 0.215829790 0.998672843 -0.034118358 -0.038580805 22.165760040
-0.030915653 0.049829863 -0.998279154 -16.075944901 0.036251355 0.998155355 0.048701022 0.253062606 0.998864353 -0.034683343 -0.032665029 22.139823914
-0.025854684 0.048445035 -0.998491168 -16.926227570 0.034183104 0.998283863 0.047549848 0.284345150 0.999081135 -0.032902129 -0.027466312 22.111181259
-0.022764008 0.042177662 -0.998850703 -17.801406860 0.037778996 0.998432338 0.041299004 0.316746116 0.999026775 -0.036795437 -0.024321759 22.098793030
-0.020590615 0.031294346 -0.999298096 -18.686082840 0.036296230 0.998874485 0.030533196 0.346775711 0.999128938 -0.035642046 -0.021703303 22.076299667
-0.019410258 0.023141950 -0.999543667 -19.587707520 0.028412292 0.999341130 0.022585515 0.365440190 0.999407828 -0.027960939 -0.020054990 22.038276672
-0.020642154 0.020644329 -0.999573767 -20.523473740 0.022707377 0.999538541 0.020174675 0.380918831 0.999529004 -0.022281250 -0.021101411 21.998600006
-0.024829445 0.026625762 -0.999337077 -21.436450958 0.013557510 0.999562263 0.026294913 0.398481339 0.999599755 -0.012895634 -0.025179556 21.957630157
-0.029390834 0.034663018 -0.998966813 -22.422922134 0.008873123 0.999368191 0.034415886 0.423674524 0.999528587 -0.007852444 -0.029679833 21.912963867
-0.034118142 0.044207133 -0.998439550 -23.424047470 0.007359379 0.999005258 0.043980699 0.455031574 0.999390602 -0.005847357 -0.034409534 21.873525620
-0.036176074 0.054164350 -0.997876525 -24.441968918 0.005784783 0.998524725 0.053989813 0.496667743 0.999328673 -0.003819361 -0.036436036 21.839645386
-0.036504999 0.061798282 -0.997420788 -25.467803955 0.007370751 0.998075545 0.061569083 0.537866473 0.999306381 -0.005104161 -0.036890239 21.786479950
-0.037681989 0.062716350 -0.997319758 -26.491527557 0.008329958 0.998013616 0.062445253 0.588029385 0.999255180 -0.005954571 -0.038129561 21.738710403
-0.039753992 0.059916161 -0.997411489 -27.510332108 0.007119366 0.998192251 0.059679303 0.632885218 0.999184191 -0.004728449 -0.040108696 21.697334290
-0.042879283 0.055084940 -0.997560501 -28.540687561 0.007253503 0.998469651 0.054823354 0.675223291 0.999053895 -0.004885023 -0.043213222 21.645954132
-0.047473356 0.050322790 -0.997604012 -29.531362534 0.008255824 0.998715818 0.049985990 0.712272167 0.998838305 -0.005863042 -0.047827847 21.593584061
-0.052961331 0.045879532 -0.997541964 -30.573034286 0.008224851 0.998930216 0.045506701 0.749044955 0.998562634 -0.005794539 -0.053282022 21.527706146
-0.059739117 0.044047087 -0.997241795 -31.625072479 0.007509917 0.999017596 0.043675639 0.785223961 0.998185754 -0.004880059 -0.060011219 21.458164215
-0.066225849 0.046358015 -0.996727109 -32.686435699 0.007378826 0.998915553 0.045969516 0.820371687 0.997777343 -0.004310306 -0.066496097 21.378952026
-0.072798900 0.051235072 -0.996029794 -33.759395599 0.005995688 0.998684049 0.050933380 0.854670286 0.997328579 -0.002263990 -0.073010296 21.302749634
-0.078959294 0.053933281 -0.995417893 -34.840919495 0.003094968 0.998543859 0.053857151 0.900193095 0.996873021 0.001171736 -0.079011247 21.202728271
-0.083618142 0.056012064 -0.994922459 -35.893695831 0.000437202 0.998420954 0.056172282 0.948927045 0.996497691 0.004262039 -0.083510593 21.111980438
-0.086456649 0.057822943 -0.994576216 -36.957973480 -0.003133330 0.998293519 0.058311433 0.986364126 0.996250629 0.008157744 -0.086127929 21.012454987
-0.088269643 0.058403861 -0.994382977 -38.058643341 -0.007718547 0.998209536 0.059313767 1.057597041 0.996066689 0.012910795 -0.087660797 20.914566040
-0.089327209 0.057908114 -0.994317532 -39.144264221 -0.009190555 0.998218060 0.058960930 1.107369900 0.995959938 0.014405143 -0.088635825 20.799221039
-0.090983078 0.057139881 -0.994211853 -40.238819122 -0.009825115 0.998252392 0.058271237 1.155153275 0.995803952 0.015069941 -0.090262674 20.695007324
-0.092115730 0.056430962 -0.994148016 -41.314949036 -0.010844187 0.998276830 0.057670120 1.202036619 0.995689154 0.016093053 -0.091345049 20.590230942
-0.093018718 0.055464618 -0.994118273 -42.414348602 -0.013003327 0.998294413 0.056914315 1.249322295 0.995579481 0.018220942 -0.092138827 20.482255936
-0.093216226 0.052876376 -0.994240820 -43.509410858 -0.018419163 0.998326242 0.054820564 1.295005441 0.995475471 0.023423249 -0.092086278 20.337938309
-0.094203718 0.048038643 -0.994393289 -44.573085785 -0.023300549 0.998455167 0.050442249 1.332674026 0.995280206 0.027921753 -0.092938878 20.246788025
-0.092702180 0.047351774 -0.994567335 -45.717319489 -0.024993472 0.998443186 0.049865905 1.381860018 0.995380163 0.029480368 -0.091374382 20.124250412
-0.091090016 0.051647011 -0.994502485 -46.822021484 -0.025504876 0.998205602 0.054175414 1.420682669 0.995515943 0.030299501 -0.089609325 20.012941360
-0.089736283 0.054775603 -0.994458139 -47.964847565 -0.026164627 0.998012245 0.057332359 1.473880768 0.995621800 0.031164411 -0.088124707 19.922624588
-0.088308975 0.054136887 -0.994620860 -49.086853027 -0.024371536 0.998105645 0.056490425 1.528849840 0.995794892 0.029229043 -0.086822294 19.819623947
-0.085545637 0.053345207 -0.994905174 -50.198627472 -0.023832962 0.998170376 0.055569526 1.573794365 0.996049166 0.028465267 -0.084117733 19.717208862
-0.081685081 0.053703200 -0.995210290 -51.327308655 -0.028323911 0.998018801 0.056179535 1.624106884 0.996255636 0.032777276 -0.080002159 19.622470856
-0.075964600 0.055349290 -0.995572984 -52.431896210 -0.032851093 0.997777164 0.057978448 1.658890486 0.996569216 0.037109971 -0.073977455 19.529558182
-0.069917925 0.054305684 -0.996073425 -53.581512451 -0.036976486 0.997689903 0.056989316 1.719284177 0.996867180 0.040815864 -0.067748360 19.440820694
-0.063506827 0.054003663 -0.996519148 -54.700130463 -0.038505707 0.997658730 0.056519333 1.758765221 0.997238278 0.041961037 -0.061278682 19.347015381
-0.057261888 0.053275637 -0.996936679 -55.812271118 -0.038151640 0.997729063 0.055509321 1.802309752 0.997629881 0.041213341 -0.055099294 19.268114090
-0.052945923 0.052729752 -0.997204244 -57.016036987 -0.036258101 0.997844934 0.054688733 1.857741356 0.997938871 0.039052282 -0.050919935 19.206539154
-0.047007482 0.053498909 -0.997460902 -58.164478302 -0.035529625 0.997843385 0.055193823 1.906937718 0.998262465 0.038033932 -0.045005299 19.141031265
-0.041373547 0.054933421 -0.997632384 -59.322143555 -0.034754530 0.997804046 0.056384191 1.958678126 0.998539031 0.037005067 -0.039373506 19.093446732
-0.036023147 0.056093261 -0.997775435 -60.471244812 -0.035149474 0.997734606 0.057359982 2.004398823 0.998732686 0.037137568 -0.033969894 19.049571991
-0.030972427 0.055505026 -0.997977912 -61.635437012 -0.034959994 0.997785747 0.056579333 2.051334858 0.998908699 0.036641706 -0.028963400 19.015190125
-0.025589792 0.050555829 -0.998393357 -62.789791107 -0.034611516 0.998076737 0.051426932 2.103190899 0.999073207 0.035871908 -0.023790766 18.967777252
-0.020477701 0.045185808 -0.998768687 -63.951190948 -0.034957606 0.998334944 0.045882922 2.149947643 0.999178946 0.035854142 -0.018864013 18.934011459
-0.015916590 0.044525199 -0.998881459 -65.096748352 -0.034744371 0.998380005 0.045056477 2.186762571 0.999269485 0.035422653 -0.014343809 18.890663147
-0.012733292 0.045847833 -0.998867214 -66.297554016 -0.034469090 0.998334408 0.046262775 2.255201340 0.999324739 0.035019126 -0.011131749 18.856645584
-0.010075780 0.045393120 -0.998918355 -67.471313477 -0.034845926 0.998346508 0.045718607 2.295974970 0.999341905 0.035268877 -0.008477354 18.830669403
-0.009241982 0.045112293 -0.998939097 -68.648231506 -0.036319535 0.998307586 0.045419786 2.336069822 0.999297440 0.036700778 -0.007587884 18.819396973
-0.008592702 0.046147961 -0.998897612 -69.826568604 -0.037491050 0.998217344 0.046439037 2.371376276 0.999259949 0.037848759 -0.006847249 18.799646378
-0.007669814 0.045720249 -0.998924673 -71.003486633 -0.037835270 0.998225629 0.045978747 2.409147263 0.999254525 0.038147248 -0.005926367 18.790122986
-0.006181908 0.043487713 -0.999034822 -72.189147949 -0.038429193 0.998305500 0.043693766 2.443011284 0.999242187 0.038662218 -0.004500235 18.765338898
-0.005155531 0.042148594 -0.999098063 -73.357353210 -0.037221134 0.998410821 0.042311676 2.480431080 0.999293685 0.037405703 -0.003578520 18.760198593
-0.004042334 0.042934656 -0.999069750 -74.554893494 -0.032561909 0.998542428 0.043043744 2.498391628 0.999461532 0.032705612 -0.002638408 18.746639252
-0.003797026 0.042825583 -0.999075353 -75.705535889 -0.031331964 0.998586953 0.042923726 2.543061256 0.999501824 0.031465966 -0.002449851 18.738111496
-0.003672407 0.045913950 -0.998938680 -76.900520325 -0.030780282 0.998466849 0.046005420 2.574638128 0.999519408 0.030916560 -0.002253533 18.731750488
-0.003049362 0.049608678 -0.998764038 -78.080215454 -0.032803487 0.998226285 0.049682122 2.608500004 0.999457181 0.032914441 -0.001416616 18.719551086
-0.002465575 0.049394608 -0.998776317 -79.263404846 -0.035218958 0.998155475 0.049450845 2.648043394 0.999376595 0.035297785 -0.000721400 18.710685730
-0.001274820 0.047620580 -0.998864710 -80.460052490 -0.037261363 0.998169541 0.047635000 2.681127310 0.999304771 0.037279781 0.000501921 18.680601120
-0.001736516 0.045124821 -0.998979867 -81.652046204 -0.035304323 0.998355865 0.045158006 2.726507902 0.999375045 0.035346735 -0.000140560 18.694778442
-0.001674957 0.042869240 -0.999079287 -82.855056763 -0.033731446 0.998509705 0.042901352 2.781848907 0.999429524 0.033772238 -0.000226419 18.686712265
-0.001360376 0.044619683 -0.999003112 -84.044128418 -0.032115977 0.998486757 0.044640359 2.813177586 0.999483228 0.032144684 0.000074687 18.680309296
-0.000729256 0.047447886 -0.998873472 -85.230690002 -0.031696957 0.998370707 0.047447145 2.844701767 0.999497235 0.031695843 0.000775885 18.671775818
-0.000411324 0.049670182 -0.998765588 -86.412101746 -0.031399395 0.998272598 0.049658589 2.883960724 0.999506831 0.031381063 0.001149000 18.677230835
-0.000931372 0.049481221 -0.998774588 -87.593955994 -0.032763362 0.998237371 0.049485154 2.922234774 0.999462664 0.032769296 0.000691441 18.677448273
0.000048155 0.047579665 -0.998867512 -88.761970520 -0.032831449 0.998328924 0.047552440 2.956912756 0.999460876 0.032791972 0.001610184 18.665868759
0.000049102 0.046170257 -0.998933554 -89.926277161 -0.029345704 0.998503447 0.046148933 2.985374451 0.999569297 0.029312141 0.001403927 18.676866531
0.001370784 0.046737656 -0.998906255 -91.182441711 -0.029399591 0.998477280 0.046677239 3.036504030 0.999566793 0.029303450 0.002742764 18.635858536
0.001682266 0.049666949 -0.998764336 -92.363006592 -0.027275454 0.998396516 0.049602710 3.073775768 0.999626577 0.027158309 0.003034257 18.636013031
0.001774745 0.051929161 -0.998649180 -93.538436890 -0.025497874 0.998328447 0.051867168 3.114320993 0.999673307 0.025371376 0.003095861 18.637552261
0.002394331 0.053795654 -0.998549044 -94.721717834 -0.026328662 0.998209059 0.053714212 3.153948307 0.999650478 0.026161846 0.003806410 18.632461548
0.002943333 0.055703796 -0.998443067 -95.879974365 -0.028526589 0.998045623 0.055597533 3.196049213 0.999588728 0.028318530 0.004526619 18.622566223
0.003376819 0.055151995 -0.998472273 -97.026245117 -0.030316969 0.998024583 0.055024728 3.233605623 0.999534547 0.030084847 0.005042190 18.622198105
0.003711955 0.050811246 -0.998701394 -98.174522400 -0.033413477 0.998156786 0.050659359 3.276524544 0.999434710 0.033182044 0.005402894 18.611991882
0.003932555 0.049069393 -0.998787642 -99.359535217 -0.033913344 0.998227298 0.048908345 3.321337223 0.999417067 0.033679899 0.005589692 18.613998413
0.004085301 0.046896189 -0.998891354 -100.430274963 -0.033788353 0.998335838 0.046731915 3.358265877 0.999420643 0.033559989 0.005663047 18.603780746
0.003854045 0.047401749 -0.998868465 -101.595359802 -0.031944793 0.998371840 0.047254931 3.395347834 0.999482155 0.031726524 0.005362009 18.611568451
0.004411644 0.049297739 -0.998774409 -102.748329163 -0.032435399 0.998265564 0.049129356 3.435090065 0.999464035 0.032178901 0.006002984 18.604869843
0.004450783 0.051433757 -0.998666525 -103.920295715 -0.031558793 0.998186171 0.051268373 3.470847130 0.999491930 0.031288520 0.006065897 18.610841751
0.003780584 0.050344523 -0.998724699 -105.071289062 -0.034604669 0.998140275 0.050184075 3.514550447 0.999393940 0.034370814 0.005515709 18.607322693
0.004111176 0.051597916 -0.998659432 -106.245063782 -0.038644038 0.997930110 0.051401146 3.559219360 0.999244571 0.038380917 0.006096619 18.587278366
0.003881176 0.050940230 -0.998694122 -107.399063110 -0.041811921 0.997836471 0.050733998 3.598515034 0.999117970 0.041560408 0.006002689 18.587839127
0.004299290 0.046691492 -0.998900115 -108.526901245 -0.041757643 0.998046398 0.046471864 3.640748024 0.999118507 0.041511919 0.006240616 18.575107574
0.003601828 0.042742256 -0.999079645 -109.724845886 -0.041856624 0.998216927 0.042554457 3.683285236 0.999117017 0.041664828 0.005384453 18.571819305
0.002873340 0.041891027 -0.999118090 -110.913749695 -0.037951779 0.998406947 0.041752070 3.715783596 0.999275446 0.037798341 0.004458603 18.577112198
0.002705347 0.041175302 -0.999148309 -112.130294800 -0.033704314 0.998588085 0.041060951 3.750254631 0.999428093 0.033564530 0.004089312 18.574728012
0.002360374 0.042636961 -0.999087870 -113.338653564 -0.032936729 0.998551905 0.042536277 3.790894985 0.999454618 0.032806288 0.003761279 18.572824478
0.001470384 0.046822932 -0.998902142 -114.547729492 -0.031632680 0.998405516 0.046753082 3.821745634 0.999498487 0.031529211 0.002949175 18.574264526
0.000762350 0.046620198 -0.998912454 -115.786422729 -0.030290827 0.998455346 0.046575744 3.866859436 0.999540806 0.030222375 0.002173338 18.570190430
0.001421361 0.042221904 -0.999107301 -117.008361816 -0.030427285 0.998647451 0.042159196 3.907054901 0.999535918 0.030340202 0.002704137 18.528947830
-0.000256092 0.038744442 -0.999249220 -118.256576538 -0.030891994 0.998771846 0.038733862 3.934569120 0.999522626 0.030878717 0.000941116 18.550086975
-0.001668577 0.037456591 -0.999296844 -119.507934570 -0.030115871 0.998843133 0.037489865 3.966958046 0.999545038 0.030157253 -0.000538609 18.550857544
-0.001604709 0.038847074 -0.999243915 -120.751564026 -0.031961836 0.998732567 0.038878530 3.999095440 0.999487817 0.032000065 -0.000361052 18.531467438
-0.001963263 0.043710001 -0.999042392 -122.018424988 -0.036206085 0.998386085 0.043752443 4.028640747 0.999342382 0.036257304 -0.000377527 18.519849777
-0.002126336 0.046713226 -0.998906076 -123.298027039 -0.041747469 0.998033285 0.046761271 4.069478035 0.999125898 0.041801229 -0.000171996 18.502456665
-0.001810807 0.047189392 -0.998884320 -124.558906555 -0.049235851 0.997670233 0.047221292 4.099643707 0.998785496 0.049266428 0.000516822 18.478847504
-0.001527366 0.044384599 -0.999013424 -125.835311890 -0.052435163 0.997636616 0.044403605 4.151567459 0.998623192 0.052451245 0.000803557 18.467670441
-0.000949642 0.043434590 -0.999055803 -127.076782227 -0.054594748 0.997564018 0.043421630 4.191063881 0.998508096 0.054584444 0.001423972 18.438974380
-0.002614140 0.043057036 -0.999069214 -128.381347656 -0.054386798 0.997587740 0.043135494 4.207210541 0.998516440 0.054448940 -0.000266099 18.449140549
-0.003260093 0.042363748 -0.999096930 -129.644317627 -0.052276205 0.997728884 0.042476315 4.237847805 0.998627305 0.052367467 -0.001038073 18.441692352
-0.003232317 0.042919353 -0.999073267 -130.911865234 -0.052392449 0.997699022 0.043029819 4.274069786 0.998621285 0.052482985 -0.000976230 18.426012039
-0.003840473 0.048221376 -0.998829246 -132.180541992 -0.051790979 0.997486591 0.048355691 4.305513382 0.998650551 0.051916059 -0.001333387 18.417396545
-0.004173623 0.052192874 -0.998628259 -133.468383789 -0.050885111 0.997332156 0.052337803 4.347155094 0.998695791 0.051033746 -0.001506648 18.395172119
-0.004331087 0.050854873 -0.998696744 -134.732284546 -0.051931325 0.997346938 0.051011361 4.393246651 0.998641253 0.052084573 -0.001678636 18.387090683
-0.003486793 0.049362343 -0.998774827 -136.007812500 -0.051283982 0.997457802 0.049476288 4.428992748 0.998677969 0.051393665 -0.000946432 18.376121521
-0.001446923 0.049138762 -0.998790920 -137.238250732 -0.051968701 0.997438669 0.049147520 4.477075577 0.998647690 0.051976986 0.001110461 18.330753326
-0.000218226 0.049188383 -0.998789489 -138.423583984 -0.050190721 0.997530162 0.049137339 4.477103710 0.998739600 0.050140686 0.002251114 18.323621750
0.000796774 0.050905142 -0.998703241 -139.678756714 -0.049874343 0.997462690 0.050802130 4.524421215 0.998755157 0.049769189 0.003333614 18.317485809
0.001659675 0.054909568 -0.998489916 -140.939300537 -0.051019810 0.997195661 0.054753587 4.565759182 0.998696208 0.050851896 0.004456497 18.312816620
0.002864777 0.055745348 -0.998440981 -142.175186157 -0.053141974 0.997042596 0.055514801 4.613666534 0.998582840 0.052900080 0.005818723 18.303800583
0.004506556 0.053314786 -0.998567581 -143.425399780 -0.054302778 0.997117281 0.052992284 4.652571678 0.998514295 0.053986177 0.007388706 18.284156799
0.004739471 0.049751297 -0.998750448 -144.685974121 -0.052601341 0.997391224 0.049433984 4.703025341 0.998604357 0.052301321 0.007344092 18.288751602
0.004558109 0.048866376 -0.998794913 -145.893615723 -0.049724825 0.997580707 0.048580050 4.720965385 0.998752534 0.049443465 0.006976955 18.305923462
0.004768564 0.047992330 -0.998836398 -147.152465820 -0.050240155 0.997597754 0.047692969 4.774243355 0.998725772 0.049954262 0.007168251 18.281940460
0.005517817 0.049052637 -0.998780906 -148.355255127 -0.047131173 0.997698903 0.048739120 4.793759346 0.998873472 0.046804786 0.007817029 18.261571884
0.005082572 0.047731988 -0.998847246 -149.609375000 -0.045019787 0.997858346 0.047455646 4.830285549 0.998973191 0.044726700 0.007220570 18.273725510
0.005570553 0.047642991 -0.998848975 -150.864471436 -0.044484258 0.997887313 0.047349043 4.878621101 0.998994529 0.044169281 0.007678149 18.270784378
0.005611794 0.050574295 -0.998704553 -152.109573364 -0.042256564 0.997840226 0.050293073 4.910501480 0.999091089 0.041919600 0.007736770 18.267383575
0.005660480 0.051431850 -0.998660505 -153.339691162 -0.039635211 0.997903287 0.051168188 4.954570770 0.999198258 0.039292488 0.007687123 18.265602112
0.005826037 0.050111778 -0.998726666 -154.596511841 -0.036896948 0.998074234 0.049863812 4.997351646 0.999302089 0.036559455 0.007663789 18.264751434
0.005180038 0.050774343 -0.998696685 -155.837646484 -0.038062323 0.997996449 0.050541315 5.023924351 0.999261975 0.037750922 0.007102249 18.264114380
0.005922262 0.054525957 -0.998494804 -157.046768188 -0.039299432 0.997753561 0.054252394 5.099298477 0.999209940 0.038918983 0.008051798 18.269527435
0.006157358 0.061272759 -0.998102188 -158.292953491 -0.043980490 0.997171700 0.060944330 5.147076607 0.999013484 0.043521754 0.008834750 18.267183304
0.008036221 0.061100673 -0.998099267 -159.533660889 -0.049040724 0.996954560 0.060635749 5.204994202 0.998764575 0.048460215 0.011008169 18.256208420
0.009078607 0.057729922 -0.998290956 -160.779464722 -0.052672416 0.996973753 0.057174735 5.251538754 0.998570621 0.052063327 0.012091907 18.260828018
0.010320527 0.052913863 -0.998545766 -162.016876221 -0.054380458 0.997150838 0.052277897 5.284577370 0.998466969 0.053761836 0.013168603 18.274023056
0.011564866 0.050901197 -0.998636663 -163.242919922 -0.057992321 0.997056663 0.050149068 5.335048199 0.998250067 0.057333287 0.014482704 18.266681671
0.012999177 0.047343049 -0.998794079 -164.436660767 -0.051910188 0.997563541 0.046609111 5.374131203 0.998567164 0.051241707 0.015425092 18.282110214
0.014506489 0.042945497 -0.998972118 -165.650070190 -0.047592986 0.997974515 0.042211492 5.425369263 0.998761475 0.046931718 0.016521011 18.264978409
0.014120108 0.039524961 -0.999118805 -166.885864258 -0.041286889 0.998389304 0.038912609 5.457792282 0.999047518 0.040701061 0.015729228 18.284502029
0.013437851 0.042400863 -0.999010324 -168.117446899 -0.038486514 0.998382092 0.041856512 5.491824150 0.999168754 0.037885964 0.015047971 18.301630020
0.013717025 0.049032614 -0.998703003 -169.335876465 -0.039610587 0.998039722 0.048455995 5.522642136 0.999121070 0.038894542 0.015632343 18.315187454
0.015097538 0.052210979 -0.998522043 -170.531356812 -0.041556600 0.997805655 0.051545192 5.564144135 0.999022007 0.040716976 0.017234122 18.324996948
0.017454108 0.048745964 -0.998658776 -171.777435303 -0.042754095 0.997933626 0.047963344 5.607919693 0.998933077 0.041859586 0.019502137 18.335603714
0.018342433 0.049264446 -0.998617351 -172.987701416 -0.044268049 0.997845888 0.048413292 5.645539284 0.998851299 0.043318823 0.020483762 18.343616486
0.019675147 0.050835717 -0.998513281 -174.215576172 -0.041973729 0.997868121 0.049975798 5.674437046 0.998924911 0.040928043 0.021766966 18.358844757
0.020433508 0.047853064 -0.998645246 -175.393600464 -0.041955177 0.998015106 0.046964407 5.716319084 0.998910546 0.040938694 0.022400636 18.372608185
0.022003546 0.046386477 -0.998681188 -176.578872681 -0.041985258 0.998084664 0.045433730 5.751706123 0.998875976 0.040930178 0.023908952 18.394323349
0.023614166 0.048375193 -0.998550057 -177.744461060 -0.043551009 0.997930169 0.047315251 5.782833099 0.998772144 0.042370558 0.025672078 18.410789490
0.025301157 0.050293747 -0.998413861 -178.881744385 -0.042932104 0.997866929 0.049178232 5.810546398 0.998757601 0.041619748 0.027406402 18.429805756
0.025439406 0.051528633 -0.998347402 -179.992996216 -0.044488531 0.997739613 0.050363619 5.841349602 0.998686016 0.043133777 0.027674340 18.453603745
0.025206575 0.053276833 -0.998261571 -181.056594849 -0.045178317 0.997619390 0.052101783 5.859574795 0.998660862 0.043786466 0.027553527 18.476163864
0.024813088 0.054523773 -0.998204112 -182.072570801 -0.043262802 0.997634709 0.053417254 5.873578072 0.998755574 0.041859653 0.027113244 18.517757416
0.026393712 0.054001711 -0.998191953 -183.114624023 -0.044372372 0.997618973 0.052797444 5.901320457 0.998666286 0.042898625 0.028727051 18.514606476
0.027292805 0.053791448 -0.998179138 -184.121582031 -0.044604603 0.997622073 0.052541822 5.924090385 0.998631835 0.043089371 0.029627249 18.551410675
0.028819162 0.054679688 -0.998087943 -185.080413818 -0.045252141 0.997550368 0.053343609 5.952105522 0.998559773 0.043628301 0.031222936 18.571689606
0.028125610 0.052932493 -0.998201907 -186.020523071 -0.043876726 0.997699857 0.051669586 5.977489471 0.998641014 0.042344596 0.030383421 18.595619202
0.024927642 0.049673609 -0.998454392 -186.958343506 -0.040892161 0.997979522 0.048629057 6.005098820 0.998852611 0.039616764 0.026908532 18.618408203
0.019870630 0.046209238 -0.998734176 -187.873641968 -0.041558135 0.998106241 0.045353349 6.031023502 0.998938560 0.040604331 0.021753367 18.630275726
0.015287981 0.043604538 -0.998931944 -188.813537598 -0.043236777 0.998143017 0.042908393 6.051384926 0.998947918 0.042534608 0.017144911 18.634227753
0.011501431 0.042761952 -0.999019086 -189.777557373 -0.044722795 0.998107374 0.042208042 6.079122543 0.998933196 0.044193484 0.013392095 18.640541077
0.008211028 0.043298163 -0.999028444 -190.662597656 -0.047204699 0.997965097 0.042864103 6.101772308 0.998851538 0.046806876 0.010238193 18.636548996
0.007209715 0.044575334 -0.998979986 -191.634323120 -0.046213683 0.997953415 0.044195998 6.140702724 0.998905540 0.045847911 0.009254950 18.622179031
0.005563826 0.046083633 -0.998922110 -192.564773560 -0.043048356 0.998022556 0.045802362 6.167172432 0.999057472 0.042747121 0.007536651 18.628234863
0.004146919 0.046629407 -0.998903632 -193.482284546 -0.041844189 0.998045325 0.046415638 6.190359592 0.999115527 0.041605826 0.006089984 18.627231598
0.003455158 0.045304459 -0.998967171 -194.411468506 -0.042442486 0.998079717 0.045117408 6.220272541 0.999092937 0.042242769 0.005371358 18.620056152
0.002980741 0.044078082 -0.999023616 -195.332809448 -0.044174351 0.998058677 0.043903701 6.241949558 0.999019325 0.044000357 0.004922074 18.614032745
0.003048880 0.043549996 -0.999046624 -196.252899170 -0.047390442 0.997934997 0.043356922 6.266873360 0.998871803 0.047213070 0.005106438 18.617088318
0.004354842 0.042587932 -0.999083161 -197.126724243 -0.050494082 0.997827470 0.042314317 6.285205841 0.998714864 0.050263517 0.006495819 18.593297958
0.005460190 0.040265344 -0.999174058 -198.067138672 -0.049699884 0.997965157 0.039945025 6.300756454 0.998749197 0.049440734 0.007450262 18.600912094
0.006098042 0.037554391 -0.999275982 -198.982025146 -0.049675670 0.998072207 0.037206016 6.326941490 0.998746753 0.049412817 0.007951826 18.594188690
0.005448395 0.036764659 -0.999309003 -199.904098511 -0.049089417 0.998128891 0.036453605 6.345839977 0.998779535 0.048856888 0.007242956 18.630325317
0.005847916 0.039055750 -0.999219894 -200.784698486 -0.047173984 0.998135209 0.038737275 6.372336388 0.998869538 0.046910647 0.007679425 18.620891571
0.006380781 0.040518276 -0.999158323 -201.729827881 -0.046549164 0.998107612 0.040178396 6.392890930 0.998895645 0.046253618 0.008254796 18.616043091
0.007020439 0.036900517 -0.999294281 -202.678329468 -0.041473716 0.998469830 0.036578696 6.410809517 0.999114990 0.041187651 0.008540097 18.630525589
0.006935246 0.033376873 -0.999418736 -203.622756958 -0.040152848 0.998646080 0.033072438 6.436766148 0.999169469 0.039900139 0.008266032 18.638498306
0.007290158 0.033821966 -0.999401331 -204.588088989 -0.044726122 0.998438716 0.033463128 6.462489605 0.998972714 0.044455394 0.008791501 18.631017685
0.009439276 0.037766654 -0.999242008 -205.559020996 -0.045723494 0.998257577 0.037297528 6.484271049 0.998909593 0.045336772 0.011149650 18.625127792
0.010743342 0.036483552 -0.999276459 -206.523315430 -0.043932457 0.998386383 0.035978731 6.516725540 0.998976767 0.043514147 0.012328819 18.638910294
0.012676951 0.038277835 -0.999186695 -207.526519775 -0.041281518 0.998435020 0.037725288 6.541076183 0.999067128 0.040769700 0.014237285 18.660228729
0.014648650 0.043109044 -0.998962939 -208.524246216 -0.041887738 0.998219550 0.042462729 6.569020271 0.999014914 0.041222282 0.016428314 18.668087006
0.016258987 0.046994999 -0.998762846 -209.528015137 -0.039294086 0.998153150 0.046326652 6.601128578 0.999095380 0.038492244 0.018075585 18.680433273
0.017658524 0.048001170 -0.998691142 -210.537033081 -0.038526855 0.998137712 0.047293361 6.626120567 0.999101520 0.037641305 0.019474976 18.696315765
0.019413324 0.048753057 -0.998622179 -211.555953979 -0.041567728 0.997986138 0.047913924 6.662203789 0.998947024 0.040580288 0.021400783 18.715429306
0.022609985 0.050643343 -0.998460889 -212.582794189 -0.044077508 0.997795463 0.049611475 6.701455116 0.998772204 0.042887948 0.024792373 18.718723297
0.026640341 0.050972097 -0.998344660 -213.585723877 -0.044243168 0.997780561 0.049762700 6.733092308 0.998665512 0.042844236 0.028836381 18.734771729
0.029094750 0.047081169 -0.998467267 -214.623779297 -0.049930036 0.997711599 0.045590606 6.801073074 0.998328805 0.048527054 0.031378936 18.756889343
0.031928379 0.043950938 -0.998523355 -215.661819458 -0.049866665 0.997858584 0.042327158 6.834946156 0.998245358 0.048441589 0.034051690 18.785572052
