1.000000000 0.000000000 0.000000000 0.000000000 0.000000000 1.000000000 0.000000000 0.000000000 0.000000000 0.000000000 1.000000000 0.000000000
0.999931514 -0.002811782 0.011362753 0.016545370 0.002798833 0.999995410 0.001155293 -0.005229247 -0.011365949 -0.001123411 0.999934793 0.296222121
0.999816298 -0.004935379 0.018521043 0.021999538 0.004919966 0.999987483 0.000877660 -0.004852061 -0.018525140 -0.000786376 0.999828041 0.596311033
0.999761403 -0.007702834 0.020436337 0.033043280 0.007712520 0.999970198 -0.000395189 -0.007282762 -0.020432681 0.000552711 0.999791086 0.902823389
0.999799132 -0.008930900 0.017941253 0.042131476 0.008963700 0.999958336 -0.001748560 -0.011758355 -0.017924888 0.001909029 0.999837518 1.211129069
0.999868095 -0.011748699 0.011213310 0.046604741 0.011786869 0.999924898 -0.003344106 -0.011952357 -0.011173178 0.003475834 0.999931514 1.528680563
0.999909878 -0.013353616 -0.001405793 0.044548158 0.013345948 0.999896765 -0.005329823 -0.015413622 0.001476821 0.005310581 0.999984741 1.853470564
0.999762058 -0.012753908 -0.017696327 0.023580037 0.012657424 0.999904394 -0.005553595 -0.020275114 0.017765470 0.005328284 0.999827981 2.187605619
0.999273300 -0.008408939 -0.037178341 -0.008635305 0.008218382 0.999952257 -0.005275371 -0.028198138 0.037220925 0.004965991 0.999294758 2.530726671
0.998364687 -0.004486916 -0.056989446 -0.046290256 0.004123323 0.999970376 -0.006496000 -0.035429150 0.057016913 0.006250391 0.998353660 2.881170034
0.996986389 -0.004336567 -0.077454716 -0.085397974 0.003807495 0.999968410 -0.006977099 -0.038066424 0.077482536 0.006661165 0.996971428 3.246051073
0.995160997 -0.005843026 -0.098084047 -0.136592969 0.005223299 0.999964714 -0.006573924 -0.040207610 0.098119006 0.006029790 0.995156407 3.617693663
0.993011892 -0.007206385 -0.117794521 -0.197490335 0.006568755 0.999961674 -0.005800415 -0.046780452 0.117831796 0.004986118 0.993021071 4.007462978
0.990551949 -0.006339671 -0.136991546 -0.249135524 0.005742439 0.999972284 -0.004754383 -0.054502204 0.137017891 0.003922798 0.990560770 4.409070969
0.988504112 -0.004768158 -0.151118979 -0.340486228 0.004156500 0.999981821 -0.004363149 -0.059188001 0.151137039 0.003684866 0.988505960 4.808969498
0.986334980 -0.004189879 -0.164699093 -0.426337451 0.003494494 0.999983728 -0.004511676 -0.064627759 0.164715305 0.003874484 0.986333609 5.234697819
0.984136283 -0.006048513 -0.177311569 -0.505706608 0.005153407 0.999971509 -0.005508315 -0.070312038 0.177339852 0.004507174 0.984139323 5.673729420
0.982390702 -0.009411450 -0.186601043 -0.595556259 0.008143011 0.999938190 -0.007562933 -0.080216452 0.186660662 0.005910261 0.982406676 6.108962536
0.980909884 -0.008302730 -0.194285527 -0.695057571 0.006505668 0.999929965 -0.009885836 -0.082197085 0.194353998 0.008433157 0.980895281 6.574887276
0.979484677 -0.008105384 -0.201355755 -0.806268036 0.005903320 0.999916077 -0.011534283 -0.088099249 0.201432332 0.010108985 0.979450285 7.054150581
0.977786779 -0.008766375 -0.209418595 -0.919254303 0.005944885 0.999882996 -0.014098645 -0.100635663 0.209517658 0.012540501 0.977724493 7.530211449
0.976045907 -0.012195634 -0.217222601 -1.030921102 0.009016190 0.999837279 -0.015621925 -0.115155019 0.217377827 0.013289195 0.975997031 8.021227837
0.974208355 -0.018362910 -0.224902034 -1.144712687 0.014959556 0.999746561 -0.016827464 -0.126255170 0.225154027 0.013029022 0.974236071 8.543931961
0.972170889 -0.018838611 -0.233514056 -1.276751518 0.014731942 0.999704838 -0.019318255 -0.140377477 0.233809039 0.015340531 0.972161531 9.068955421
0.969994247 -0.015465023 -0.242635682 -1.420368433 0.009957136 0.999664545 -0.023910221 -0.149312228 0.242924079 0.020776819 0.969822764 9.610357285
0.967975199 -0.011991394 -0.250759393 -1.587883353 0.005472436 0.999629080 -0.026678024 -0.172155738 0.250986278 0.024451399 0.967681766 10.138970375
0.965735078 -0.014749976 -0.259110540 -1.743118882 0.007681227 0.999570727 -0.028272159 -0.193129241 0.259416282 0.025313128 0.965433836 10.699780464
0.963307977 -0.016951976 -0.267862588 -1.901420355 0.009110443 0.999493539 -0.030490365 -0.213031650 0.268243760 0.026931267 0.962974489 11.270555496
0.960958064 -0.016868697 -0.276179403 -2.072868109 0.008163990 0.999433935 -0.032637827 -0.238325432 0.276573598 0.029108858 0.960551798 11.854460716
0.958654761 -0.015949612 -0.284124136 -2.262537479 0.005643817 0.999297261 -0.037053987 -0.258219123 0.284515411 0.033918437 0.958071232 12.447246552
0.956496835 -0.016842464 -0.291255951 -2.447581053 0.004878479 0.999116004 -0.041754767 -0.291501075 0.291701704 0.038517419 0.955733478 13.025439262
0.954587817 -0.018654652 -0.297345161 -2.641944408 0.004235716 0.998786747 -0.049063038 -0.325505555 0.297899634 0.045575507 0.953508615 13.646860123
0.953458011 -0.018846579 -0.300936192 -2.852101564 0.001673454 0.998360157 -0.057221770 -0.362857550 0.301521093 0.054054961 0.951926053 14.252819061
0.952192783 -0.017957177 -0.304969728 -3.066554546 -0.002412522 0.997797847 -0.066284657 -0.396209002 0.305488408 0.063851528 0.950052500 14.892810822
0.950823188 -0.017965784 -0.309212685 -3.266965866 -0.005405158 0.997201860 -0.074559875 -0.447422743 0.309687078 0.072564609 0.948065519 15.503059387
0.949504554 -0.017391130 -0.313270837 -3.493667841 -0.008705109 0.996617973 -0.081711583 -0.499276340 0.313632369 0.080312595 0.946141899 16.155977249
0.947963834 -0.015315847 -0.318009317 -3.728548527 -0.013565323 0.995992124 -0.088405900 -0.558368027 0.318088740 0.088119507 0.943956792 16.799371719
0.946291983 -0.014164295 -0.323002607 -3.965109348 -0.017183909 0.995424330 -0.093994558 -0.633305550 0.322856039 0.094496764 0.941718817 17.463953018
0.944662035 -0.011815450 -0.327832192 -4.224409580 -0.022010474 0.994816184 -0.099278435 -0.703298926 0.327305764 0.101000316 0.939505160 18.158962250
0.942961633 -0.009739657 -0.332758844 -4.479276657 -0.025795771 0.994428694 -0.102205627 -0.777877331 0.331900418 0.104959749 0.937456965 18.835187912
0.941374242 -0.008428544 -0.337258875 -4.755686283 -0.028236255 0.994211733 -0.103661157 -0.853498578 0.336180449 0.107106857 0.935687304 19.539985657
0.939230144 -0.008366449 -0.343185961 -5.023858070 -0.028560739 0.994332492 -0.102405518 -0.941380978 0.342097789 0.105983987 0.933668315 20.236480713
0.936847270 -0.008154856 -0.349643499 -5.300879955 -0.029014586 0.994469583 -0.100937083 -1.026090741 0.348533005 0.104707398 0.931429565 20.982961655
0.934504747 -0.007478169 -0.355872035 -5.601143837 -0.029868016 0.994605839 -0.099332452 -1.098137379 0.354695261 0.103455819 0.929240704 21.677989960
0.931123614 -0.007351266 -0.364629626 -5.870659828 -0.029749347 0.994934022 -0.096027151 -1.182534456 0.363488346 0.100260645 0.926187873 22.422592163
0.927857995 -0.005257285 -0.372896612 -6.183993816 -0.030643996 0.995444477 -0.090284050 -1.260939479 0.371672511 0.095197812 0.923469961 23.167385101
0.924243271 -0.001459896 -0.381801516 -6.506305695 -0.033620201 0.995797098 -0.085193500 -1.338890314 0.380321085 0.091575772 0.920309484 23.923168182
0.920655727 0.002997406 -0.390364170 -6.834431648 -0.037736624 0.995970726 -0.081352524 -1.415175915 0.388547450 0.089628704 0.917059124 24.665693283
0.916806698 0.004249148 -0.399308830 -7.163366318 -0.039209981 0.996069312 -0.079426043 -1.489601731 0.397401780 0.088475227 0.913369477 25.408592224
0.912737846 0.002043234 -0.408540666 -7.528351784 -0.037471518 0.996191144 -0.078734457 -1.558715105 0.406823635 0.087172560 0.909337938 26.200866699
0.908936322 0.002013225 -0.416930139 -7.896312714 -0.037819978 0.996263862 -0.077639498 -1.624609113 0.415216118 0.086337648 0.905616581 26.971485138
0.905209243 0.002633679 -0.424958080 -8.289549828 -0.038682222 0.996340156 -0.076222740 -1.690740228 0.423202068 0.085435838 0.901998222 27.771480560
0.901416719 0.002983931 -0.432942420 -8.667350769 -0.038686778 0.996531248 -0.073680304 -1.767605066 0.431220770 0.083165795 0.898405254 28.543796539
0.897590101 0.003657421 -0.440815955 -9.079153061 -0.038205225 0.996848583 -0.069522753 -1.838621616 0.439172447 0.079244405 0.894901037 29.356578827
0.893725753 0.006094310 -0.448572308 -9.482711792 -0.038800452 0.997210920 -0.063757017 -1.906146765 0.446932703 0.074386127 0.891469538 30.173740387
0.890151381 0.006047744 -0.455624729 -9.917631149 -0.037402157 0.997507513 -0.059831940 -1.966716409 0.454127222 0.070300847 0.888158977 30.990791321
0.886436045 0.004822831 -0.462825865 -10.342515945 -0.035485547 0.997710705 -0.057567827 -2.032257318 0.461488694 0.067453831 0.884577990 31.800891876
0.883206129 0.005215464 -0.468955815 -10.794635773 -0.036137719 0.997722089 -0.056963727 -2.087248087 0.467590481 0.067257732 0.881382763 32.636642456
0.879999876 0.005904848 -0.474937320 -11.241491318 -0.036186609 0.997850060 -0.054643117 -2.151803493 0.473593593 0.065272301 0.878321528 33.460216522
0.876681685 0.003822177 -0.481055617 -11.693214417 -0.033495001 0.998026669 -0.053111993 -2.212336302 0.479903370 0.062675275 0.875079751 34.293556213
0.874131501 0.002733052 -0.485681534 -12.188690186 -0.032387313 0.998086512 -0.052674323 -2.274529934 0.484608233 0.061774220 0.872547209 35.162254333
0.871982634 0.001827770 -0.489533335 -12.668535233 -0.032032773 0.998062968 -0.053332008 -2.329433203 0.488487631 0.062185694 0.870352089 36.010074615
0.870727658 0.002254615 -0.491760373 -13.176807404 -0.033053659 0.997996449 -0.053950332 -2.385346174 0.490653485 0.063230529 0.869057536 36.875385284
0.870369732 0.002952796 -0.492390066 -13.683635712 -0.033488013 0.998021662 -0.053209845 -2.440983772 0.491258860 0.062801391 0.868746638 37.725940704
0.869891346 0.001751817 -0.493240237 -14.181162834 -0.031122385 0.998196006 -0.051343024 -2.503529549 0.492260456 0.060013659 0.868376613 38.650672913
0.869607270 0.000689434 -0.493743598 -14.706207275 -0.029791459 0.998250306 -0.051076397 -2.558751822 0.492844462 0.059125748 0.868106246 39.556545258
0.868869245 -0.001202378 -0.495040298 -15.223154068 -0.028067289 0.998268902 -0.051686909 -2.625073433 0.494245410 0.058803603 0.867331266 40.467094421
0.867847919 -0.003213849 -0.496819586 -15.752019882 -0.026160607 0.998296320 -0.052155364 -2.687740803 0.496140778 0.058260016 0.866285324 41.370292664
0.866066098 -0.003333750 -0.499918431 -16.279655457 -0.024962913 0.998441994 -0.049904317 -2.754364252 0.499305904 0.055699851 0.864633501 42.292781830
0.864097536 -0.002569852 -0.503317952 -16.847923279 -0.024149174 0.998623610 -0.046558160 -2.801070452 0.502744794 0.052385494 0.862846076 43.233863831
0.861106038 -0.002275883 -0.508420348 -17.379482269 -0.022225922 0.998865545 -0.042115111 -2.881576538 0.507939398 0.047565687 0.860078514 44.162647247
0.857002079 -0.002801759 -0.515305340 -17.934057236 -0.020944646 0.998969555 -0.040264439 -2.935590744 0.514887154 0.045299601 0.856060266 45.084976196
0.852166831 -0.006024736 -0.523235679 -18.497856140 -0.019017538 0.998916566 -0.042474791 -2.995205164 0.522924602 0.046146266 0.851128876 45.980556488
0.845861077 -0.009773979 -0.533313692 -19.058385849 -0.017122552 0.998819292 -0.045462444 -3.060453892 0.533128262 0.047586612 0.844695032 46.858371735
0.840075433 -0.009428585 -0.542387605 -19.671409607 -0.017723376 0.998838007 -0.044814091 -3.114815474 0.542179823 0.047260161 0.838932276 47.783756256
0.834210277 -0.005947397 -0.551414311 -20.269861221 -0.019112848 0.999029279 -0.039690219 -3.170413256 0.551115096 0.043649089 0.833286703 48.671810150
0.828775108 -0.001720806 -0.559579134 -20.875997543 -0.021745225 0.999140859 -0.035278704 -3.223302603 0.559159160 0.041406285 0.828025639 49.581722260
0.824992836 -0.001866190 -0.565140188 -21.497245789 -0.023034407 0.999052584 -0.036924731 -3.272887707 0.564673543 0.043480307 0.824168086 50.460033417
0.821211219 -0.004261285 -0.570608437 -22.099411011 -0.023302151 0.998887539 -0.040995773 -3.328273296 0.570148349 0.046962589 0.820198357 51.336166382
0.818714380 -0.006342600 -0.574165940 -22.731277466 -0.026016880 0.998502314 -0.048128061 -3.385541677 0.573611319 0.054341137 0.817323089 52.197082520
0.815027416 -0.006950746 -0.579380631 -23.354356766 -0.026784832 0.998407066 -0.049656551 -3.441206694 0.578802943 0.055990063 0.813543022 53.073265076
0.811921239 -0.005557540 -0.583740413 -23.997917175 -0.025767231 0.998639047 -0.045347102 -3.511456490 0.583198011 0.051859651 0.810672998 53.941188812
0.808569968 -0.003694484 -0.588388383 -24.602254868 -0.024895279 0.998870015 -0.040483274 -3.555873871 0.587873101 0.047381647 0.807564378 54.778854370
0.805571258 -0.001682474 -0.592496455 -25.255071640 -0.025528520 0.998968780 -0.037545841 -3.608564377 0.591948688 0.045371410 0.804697573 55.648967743
0.802599549 -0.001427973 -0.596516490 -25.917076111 -0.026576500 0.998918533 -0.038149349 -3.661627054 0.595925927 0.046471968 0.801693618 56.525474548
0.799074709 -0.001909967 -0.601228654 -26.570728302 -0.028003719 0.998791397 -0.040391818 -3.708993673 0.600579202 0.049112715 0.798055470 57.361900330
0.795897067 -0.004366096 -0.605416119 -27.240825653 -0.026940571 0.998728037 -0.042619389 -3.778003216 0.604832172 0.050230905 0.794767261 58.192626953
0.790907621 -0.007066067 -0.611894727 -27.911808014 -0.024143659 0.998794377 -0.042740937 -3.833077908 0.611459076 0.048577510 0.789783597 59.100170135
0.786090970 -0.007161805 -0.618069410 -28.556224823 -0.023670774 0.998850584 -0.041679714 -3.890578270 0.617657423 0.047394227 0.785017788 59.941612244
0.781446874 -0.006894317 -0.623933733 -29.258140564 -0.024077546 0.998861015 -0.041193146 -3.943809748 0.623507082 0.047213040 0.780390799 60.801879883
0.775882721 -0.008135391 -0.630824685 -29.947547913 -0.023799475 0.998827577 -0.042153466 -4.005598545 0.630428135 0.047719441 0.774779379 61.644153595
0.771047533 -0.009265658 -0.636709929 -30.653844833 -0.023723628 0.998781979 -0.043263692 -4.057443619 0.636335373 0.048463438 0.769888699 62.473102570
0.765286565 -0.010349246 -0.643606365 -31.359962463 -0.023344647 0.998766780 -0.043818437 -4.117773056 0.643266141 0.048558440 0.764101207 63.305053711
0.759435534 -0.011635658 -0.650478423 -32.075325012 -0.022616411 0.998763561 -0.044270448 -4.184514046 0.650189340 0.048332043 0.758233309 64.134506226
0.753563702 -0.013479804 -0.657236755 -32.813335419 -0.021677054 0.998736441 -0.045338020 -4.242675781 0.657017469 0.048412040 0.752319336 64.970458984
0.747201264 -0.015170353 -0.664424717 -33.563438416 -0.019997777 0.998773515 -0.045293491 -4.306362152 0.664296925 0.047130372 0.745981395 65.815170288
0.741004109 -0.014277929 -0.671348691 -34.327430725 -0.019971263 0.998862982 -0.043286707 -4.368680954 0.671203554 0.045483306 0.739876449 66.653709412
0.735008776 -0.014674282 -0.677898765 -35.090061188 -0.019656207 0.998884559 -0.042934716 -4.428738594 0.677772760 0.044882316 0.733900368 67.458839417
0.727911174 -0.017535994 -0.685447276 -35.845092773 -0.016881580 0.998911500 -0.043482855 -4.490122795 0.685463548 0.043223083 0.726822734 68.270133972
0.721688509 -0.019267341 -0.691949785 -36.637119293 -0.016681544 0.998838246 -0.045211136 -4.547407150 0.692016840 0.044171151 0.720528662 69.079742432
0.715483725 -0.018722147 -0.698378563 -37.433609009 -0.017400831 0.998853207 -0.044604309 -4.613889217 0.698412716 0.044066031 0.714337349 69.894523621
0.710095942 -0.018000213 -0.703874826 -38.244483948 -0.018467536 0.998853147 -0.044174466 -4.669502258 0.703862667 0.044366945 0.708949149 70.697402954
0.705405056 -0.017282056 -0.708593786 -39.096588135 -0.019808024 0.998831630 -0.044079624 -4.735051632 0.708527505 0.045129828 0.704238594 71.508956909
0.701368392 -0.017202510 -0.712591350 -39.884407043 -0.021009386 0.998775542 -0.044789724 -4.801522255 0.712489188 0.046385203 0.700148284 72.241554260
0.695583940 -0.019671625 -0.718175411 -40.765594482 -0.021604350 0.998600304 -0.048277527 -4.855063438 0.718119800 0.049096793 0.694185436 73.113952637
0.690904558 -0.022219524 -0.722604513 -41.616333008 -0.021195401 0.998475373 -0.050967921 -4.916410446 0.722635210 0.050529867 0.689380288 73.912666321
0.685529709 -0.022671390 -0.727691472 -42.463851929 -0.021456992 0.998451710 -0.051320788 -4.990204811 0.727728248 0.050795998 0.683981955 74.706230164
0.680888712 -0.021866409 -0.732060313 -43.326004028 -0.021228358 0.998545051 -0.049570698 -5.060706615 0.732079148 0.049292572 0.679433882 75.493576050
0.675778866 -0.021977844 -0.736776531 -44.187023163 -0.020424264 0.998613358 -0.048521698 -5.132476807 0.736821353 0.047838066 0.674392998 76.279884338
0.669381440 -0.023649475 -0.742542386 -45.087757111 -0.019514691 0.998588622 -0.049396329 -5.199060917 0.742662609 0.047555473 0.667975247 77.110145569
0.665388644 -0.024408704 -0.746097982 -45.969425201 -0.018795162 0.998600662 -0.049431358 -5.272761345 0.746260464 0.046914097 0.663998783 77.873619080
0.660917282 -0.025382735 -0.750029504 -46.866699219 -0.017420782 0.998639584 -0.049147278 -5.340587616 0.750256598 0.045548383 0.659575999 78.665466309
0.656952977 -0.025940770 -0.753485203 -47.770584106 -0.016565152 0.998670042 -0.048824839 -5.411964893 0.753749609 0.044557218 0.655649424 79.438331604
0.653639019 -0.029161559 -0.756244481 -48.666946411 -0.013971968 0.998622000 -0.050584171 -5.476985931 0.756677508 0.043630008 0.652330875 80.193359375
0.649246812 -0.033667475 -0.759832382 -49.609489441 -0.011285057 0.998483360 -0.053884521 -5.544870377 0.760494232 0.043559097 0.647882044 80.999885559
0.644266903 -0.038083103 -0.763852000 -50.513263702 -0.005930156 0.998480737 -0.054782659 -5.627315521 0.764777720 0.039824415 0.643062294 81.765754700
0.637706161 -0.041189831 -0.769177616 -51.448467255 -0.002308193 0.998462558 -0.055381812 -5.696301937 0.770276308 0.037092730 0.636630595 82.533805847
0.629297018 -0.044727758 -0.775876701 -52.412387848 0.002085933 0.998436213 -0.055865996 -5.765265942 0.777162075 0.033537887 0.628406167 83.329147339
0.620378971 -0.045769043 -0.782965660 -53.373287201 0.004715105 0.998495400 -0.054632060 -5.840593338 0.784288049 0.030200820 0.619661331 84.087188721
0.611474156 -0.044391870 -0.790018201 -54.349433899 0.005334872 0.998633564 -0.051984977 -5.915880203 0.791246474 0.027572826 0.610875428 84.837478638
0.602818489 -0.044378377 -0.796643317 -55.344703674 0.004856871 0.998637557 -0.051955633 -5.988925934 0.797863662 0.027450616 0.602212667 85.572357178
0.591892421 -0.046266004 -0.804687977 -56.328197479 0.004451611 0.998523533 -0.054136295 -6.055928230 0.806004643 0.028460708 0.591224551 86.329757690
0.582924426 -0.047307178 -0.811147988 -57.349266052 0.004157188 0.998464227 -0.055244170 -6.149796486 0.812515676 0.028831081 0.582225859 87.009056091
0.572193444 -0.049975853 -0.818594575 -58.338462830 0.005211766 0.998342991 -0.057306644 -6.214396000 0.820102096 0.028524160 0.571505845 87.729507446
0.562326491 -0.050484441 -0.825372815 -59.357940674 0.008863539 0.998445272 -0.055031810 -6.310382366 0.826867759 0.023630120 0.561899662 88.402221680
0.552486360 -0.050133776 -0.832012892 -60.385425568 0.008996475 0.998489976 -0.054191038 -6.387144089 0.833473384 0.022454625 0.552103162 89.108268738
0.542274237 -0.050770532 -0.838666201 -61.440029144 0.009118836 0.998469412 -0.054548424 -6.466904640 0.840152085 0.021932548 0.541907310 89.783493042
0.532090425 -0.051768638 -0.845103562 -62.505912781 0.008792645 0.998413026 -0.055623960 -6.549906731 0.846641898 0.022166282 0.531701207 90.446372986
0.521866500 -0.052302513 -0.851422310 -63.595493317 0.007658343 0.998365581 -0.056635123 -6.629356384 0.852992773 0.023035487 0.521414042 91.110336304
0.512174368 -0.052358586 -0.857284069 -64.675476074 0.005049156 0.998306334 -0.057954956 -6.721321106 0.858866632 0.025354482 0.511571288 91.748718262
0.502318859 -0.052948497 -0.863059819 -65.743347168 0.005176900 0.998289645 -0.058231745 -6.804468632 0.864666998 0.024782931 0.501733780 92.376159668
0.493682444 -0.051078744 -0.868140936 -66.869758606 0.004784648 0.998417974 -0.056022983 -6.890699387 0.869629025 0.023503814 0.493145853 93.000015259
0.486056566 -0.048349272 -0.872588813 -68.030715942 0.004087911 0.998583138 -0.053053413 -6.974077225 0.873917758 0.022219896 0.485565603 93.628387451
0.477119058 -0.049993999 -0.877415478 -69.070510864 0.006758898 0.998559892 -0.053221304 -7.064982414 0.878812671 0.019462539 0.476769805 94.241897583
0.469838232 -0.053016104 -0.881159067 -70.201889038 0.008660726 0.998423755 -0.055453546 -7.147683144 0.882710040 0.018422723 0.469556838 94.838287354
0.462614059 -0.056826197 -0.884736717 -71.344169617 0.011904027 0.998251796 -0.057892799 -7.231434345 0.886479855 0.016250089 0.462481767 95.439346313
0.456360549 -0.059698746 -0.887790084 -72.483055115 0.013238413 0.998091877 -0.060310822 -7.323015213 0.889696538 0.015770549 0.456280023 96.034179688
0.450948000 -0.062711403 -0.890344441 -73.611282349 0.013713708 0.997897863 -0.063341111 -7.411306381 0.892444849 0.016353620 0.450859964 96.604980469
0.446448654 -0.063708559 -0.892538428 -74.715484619 0.017330021 0.997890830 -0.062560000 -7.515509129 0.894641459 0.012462119 0.446611047 97.132980347
0.441880196 -0.060260125 -0.895047843 -75.913352966 0.017769963 0.998133481 -0.058427554 -7.610641003 0.896898091 0.009913012 0.442126215 97.749801636
0.438351423 -0.057657357 -0.896952391 -77.041595459 0.019301170 0.998314083 -0.054740302 -7.717009544 0.898596346 0.006683260 0.438725263 98.284774780
0.435408562 -0.057276126 -0.898409009 -78.190963745 0.021023395 0.998348773 -0.053458702 -7.801726818 0.899987459 0.004388770 0.435893744 98.830429077
0.432329297 -0.057020877 -0.899911106 -79.313278198 0.022947771 0.998371065 -0.052235167 -7.889552593 0.901423752 0.001931837 0.432933569 99.377929688
0.430069238 -0.056458022 -0.901028693 -80.467018127 0.024079431 0.998404980 -0.051066231 -7.971124649 0.902474701 0.000265755 0.430742770 99.916374207
0.427845716 -0.055047095 -0.902173936 -81.578231812 0.024706064 0.998483062 -0.049206927 -8.055881500 0.903514087 -0.001236195 0.428556651 100.444442749
0.425503165 -0.055997729 -0.903222620 -82.749473572 0.028161060 0.998419762 -0.048633192 -8.142119408 0.904518723 -0.004742129 0.426407665 100.998596191
0.422254920 -0.058171645 -0.904608667 -83.841697693 0.032320391 0.998270392 -0.049108069 -8.196647644 0.905900657 -0.008501185 0.423404753 101.542449951
0.420253068 -0.057120606 -0.905607343 -84.961318970 0.035772245 0.998283744 -0.046365768 -8.276501656 0.906701446 -0.012910251 0.421575189 102.061408997
0.417807788 -0.056940876 -0.906749487 -86.053916931 0.038030650 0.998255432 -0.045163572 -8.347712517 0.907739103 -0.015614579 0.419244379 102.578392029
0.416029304 -0.058176398 -0.907488465 -87.159469604 0.039988998 0.998156548 -0.045656290 -8.422077179 0.908471584 -0.017295204 0.417588711 103.090286255
0.415522575 -0.057984550 -0.907732785 -88.247604370 0.039943296 0.998166502 -0.045476921 -8.509866714 0.908705354 -0.017361155 0.417076826 103.563247681
0.414881766 -0.059270423 -0.907942832 -89.317184448 0.039943490 0.998100519 -0.046903849 -8.586145401 0.908998072 -0.016806861 0.416461140 104.049850464
0.416463017 -0.059466749 -0.907205820 -90.386848450 0.037992723 0.998125255 -0.047985468 -8.664689064 0.908358455 -0.014483046 0.417941540 104.509445190
0.416977495 -0.059373122 -0.906975508 -91.392005920 0.037498981 0.998138309 -0.048100922 -8.759424210 0.908142924 -0.013953654 0.418427646 105.007469177
0.421574950 -0.059635207 -0.904830515 -92.431991577 0.035601187 0.998154342 -0.049198799 -8.833892822 0.906094372 -0.011472069 0.422919929 105.481399536
0.426637352 -0.060203679 -0.902416706 -93.471473694 0.034320828 0.998140931 -0.050363880 -8.907418251 0.903771341 -0.009484573 0.427910477 105.964935303
0.432484180 -0.060545620 -0.899606347 -94.481910706 0.034344092 0.998124897 -0.050665293 -8.981343269 0.900987148 -0.008984225 0.433752626 106.445617676
0.439767003 -0.059230447 -0.896156609 -95.488838196 0.032651022 0.998217642 -0.049953371 -9.052628517 0.897518218 -0.007292586 0.440917075 106.925079346
0.447108060 -0.058724049 -0.892550170 -96.499877930 0.033509988 0.998241723 -0.048891608 -9.127517700 0.893851995 -0.008049518 0.448289812 107.445068359
0.457116723 -0.057675313 -0.887534618 -97.439682007 0.030978531 0.998322129 -0.048919484 -9.186538696 0.888867080 -0.005132606 0.458136469 107.904418945
0.464986175 -0.057757530 -0.883431852 -98.412208557 0.031028189 0.998319685 -0.048937343 -9.254569054 0.884774089 -0.004656099 0.465996981 108.440002441
0.475866079 -0.056764640 -0.877683997 -99.288345337 0.029217882 0.998384535 -0.048729543 -9.357881546 0.879032314 -0.002455334 0.476755887 108.883392334
0.486683667 -0.057923220 -0.871655822 -100.259796143 0.027204566 0.998320341 -0.051150829 -9.426948547 0.873154581 0.001181252 0.487442017 109.410385132
0.498201311 -0.058678612 -0.865073502 -101.228317261 0.025886349 0.998269260 -0.052805267 -9.504361153 0.866674840 0.003914054 0.498858005 109.959533691
0.510200024 -0.057222277 -0.858150005 -102.158813477 0.023324236 0.998337865 -0.052703056 -9.569890976 0.859739423 0.006873407 0.510686576 110.511688232
0.523461938 -0.054789893 -0.850285530 -103.093658447 0.022515003 0.998471320 -0.050477613 -9.646396637 0.851751506 0.007278926 0.523895383 111.067771912
0.534702480 -0.052034244 -0.843436778 -104.042648315 0.021978829 0.998621166 -0.047674410 -9.727746964 0.844754517 0.006953874 0.535108805 111.682052612
0.548048079 -0.052111346 -0.834821939 -104.887626648 0.020216381 0.998591065 -0.049062409 -9.750024796 0.836202443 0.010011485 0.548329473 112.197242737
0.559989989 -0.052824415 -0.826813579 -105.783195496 0.020492621 0.998543143 -0.049916685 -9.818102837 0.828245759 0.011009267 0.560256720 112.791488647
0.571499407 -0.053839557 -0.818834305 -106.665313721 0.020715397 0.998473883 -0.051192950 -9.888412476 0.820340991 0.012294265 0.571742594 113.392829895
0.581559539 -0.054807071 -0.811655521 -107.538803101 0.022742104 0.998433411 -0.051124293 -9.968368530 0.813185871 0.011273073 0.581894994 114.026336670
0.592797041 -0.054920260 -0.803477049 -108.391906738 0.022750154 0.998415947 -0.051460132 -10.032823563 0.805030406 0.012226192 0.593107462 114.651268005
0.603210628 -0.056086313 -0.795607448 -109.205726624 0.026106173 0.998378396 -0.050587561 -10.073992729 0.797154486 0.009744691 0.603696704 115.264152527
0.613512456 -0.051486339 -0.788004816 -110.052009583 0.024940116 0.998637795 -0.045831107 -10.181613922 0.789291084 0.008465025 0.613960803 115.918350220
0.623812854 -0.049070839 -0.780031800 -110.855644226 0.022998726 0.998747349 -0.044437252 -10.249775887 0.781235337 0.009780792 0.624159992 116.544372559
0.634053349 -0.048755363 -0.771750808 -111.661972046 0.020860564 0.998725533 -0.045955922 -10.307259560 0.773007810 0.013039351 0.634262443 117.190689087
0.643424928 -0.049298581 -0.763920128 -112.415161133 0.020334074 0.998672664 -0.047321297 -10.364814758 0.765239060 0.014914093 0.643573403 117.817604065
0.652118444 -0.048535511 -0.756561875 -113.142913818 0.019957626 0.998701692 -0.046866976 -10.431760788 0.757854402 0.015463639 0.652240455 118.469436646
0.661690295 -0.046875924 -0.748310566 -113.910652161 0.019588303 0.998783767 -0.045245286 -10.482868195 0.749521434 0.015280232 0.661803782 119.114608765
0.670123279 -0.045248967 -0.740869164 -114.654922485 0.020245489 0.998882890 -0.042695057 -10.551451683 0.741973579 0.013611691 0.670290887 119.786247253
0.678295791 -0.041267719 -0.733629167 -115.187995911 0.017719027 0.999049902 -0.039815456 -10.633617401 0.734575272 0.014007458 0.678382576 120.300933838
0.686229289 -0.040353406 -0.726265013 -115.894508362 0.016464297 0.999065757 -0.039954316 -10.686988831 0.727198899 0.015460382 0.686252594 120.957756042
0.693691015 -0.039613057 -0.719182432 -116.583679199 0.016002441 0.999087632 -0.039595179 -10.738274574 0.720094860 0.015958145 0.693692029 121.613197327
0.700969577 -0.036644533 -0.712249219 -117.276794434 0.015061970 0.999216974 -0.036585312 -10.792160988 0.713032186 0.014917307 0.700972617 122.291831970
0.708328426 -0.035020363 -0.705013752 -117.934906006 0.015046394 0.999290645 -0.034520939 -10.835847855 0.705722570 0.013844247 0.708352864 122.952201843
0.715789497 -0.034007926 -0.697487473 -118.565322876 0.014382198 0.999319434 -0.033964995 -10.881723404 0.698167920 0.014280383 0.715791523 123.570823669
0.723031282 -0.033066772 -0.690023303 -119.183753967 0.013880252 0.999347448 -0.033345733 -10.940247536 0.690675795 0.014532309 0.723018467 124.233970642
0.731468737 -0.029061956 -0.681255400 -119.858055115 0.010419145 0.999450982 -0.031448886 -10.989508629 0.681795418 0.015905777 0.731369972 124.915176392
0.740450442 -0.026276128 -0.671597123 -120.463218689 0.009616691 0.999547303 -0.028504517 -11.030128479 0.672042131 0.014647640 0.740368009 125.576721191
0.749879897 -0.022585228 -0.661188424 -121.042045593 0.007765942 0.999648690 -0.025338879 -11.067319870 0.661528528 0.013866363 0.749791801 126.228927612
0.760106444 -0.020423304 -0.649477422 -121.621917725 0.005931879 0.999682367 -0.024493471 -11.103746414 0.649771452 0.014765032 0.759986162 126.887779236
0.770074308 -0.018536091 -0.637684882 -122.201675415 0.003262097 0.999679148 -0.025119130 -11.149707794 0.637945950 0.017263403 0.769887686 127.569534302
0.780226350 -0.020528456 -0.625160217 -122.732940674 0.004373984 0.999615967 -0.027365575 -11.183330536 0.625481963 0.018616904 0.780016482 128.215682983
0.789562702 -0.020561637 -0.613325357 -123.210517883 0.004854434 0.999616444 -0.027262647 -11.211494446 0.613650739 0.018548222 0.789359748 128.866622925
0.799856782 -0.017968979 -0.599921882 -123.739288330 0.003149697 0.999663651 -0.025742732 -11.241304398 0.600182652 0.018700927 0.799644351 129.532730103
0.809909225 -0.015398663 -0.586353123 -124.245071411 0.002445736 0.999735355 -0.022876594 -11.273391724 0.586550236 0.017093904 0.809732497 130.232177734
0.819532216 -0.014204685 -0.572857082 -124.731910706 0.002841379 0.999781132 -0.020725895 -11.303921700 0.573026001 0.015357834 0.819393277 130.925323486
0.828568876 -0.012170048 -0.559754848 -125.200187683 0.002534160 0.999835014 -0.017987009 -11.331096649 0.559881389 0.013484966 0.828463078 131.621063232
0.837094128 -0.011610843 -0.546935737 -125.665328979 0.003622844 0.999870539 -0.015681325 -11.367820740 0.547047019 0.011145280 0.837027729 132.292160034
0.843656778 -0.011677636 -0.536755800 -126.109550476 0.004727801 0.999886334 -0.014322460 -11.392091751 0.536861897 0.009545568 0.843616128 133.040527344
0.850486457 -0.011598844 -0.525869071 -126.551300049 0.005040725 0.999890685 -0.013901763 -11.421304703 0.525972843 0.009172501 0.850451946 133.743209839
0.857254505 -0.011507599 -0.514764369 -126.985977173 0.004945199 0.999888182 -0.014117165 -11.442631721 0.514869213 0.009556391 0.857215464 134.445617676
0.864075959 -0.008383512 -0.503291547 -127.462661743 0.002334788 0.999917269 -0.012647506 -11.474586487 0.503355861 0.009753332 0.864024103 135.225357056
0.870297670 -0.007630548 -0.492466956 -127.889526367 0.001830746 0.999923229 -0.012258016 -11.495099068 0.492522597 0.009766543 0.870244861 135.975769043
0.876090646 -0.008097514 -0.482078582 -128.304443359 0.002444184 0.999920666 -0.012353892 -11.516695976 0.482140362 0.009644840 0.876040936 136.728958130
0.881410480 -0.008998461 -0.472265273 -128.714294434 0.003120965 0.999907553 -0.013227265 -11.541904449 0.472340584 0.010184727 0.881357253 137.482086182
0.885617912 -0.009778113 -0.464311630 -129.128341675 0.003889748 0.999899328 -0.013638037 -11.565166473 0.464398235 0.010272035 0.885566950 138.272430420
0.888955593 -0.008570523 -0.457913309 -129.511749268 0.003057549 0.999913633 -0.012779182 -11.594366074 0.457983315 0.009960034 0.888904989 139.033081055
0.892372012 -0.006342956 -0.451256156 -129.938247681 0.002286943 0.999951899 -0.009533050 -11.614045143 0.451294839 0.007475029 0.892343581 139.833679199
0.895463467 -0.002461638 -0.445128441 -130.347717285 0.000153572 0.999986351 -0.005221159 -11.634841919 0.445135176 0.004606999 0.895451486 140.648559570
0.898614287 -0.000881437 -0.438738883 -130.695556641 -0.000593207 0.999994636 -0.003224005 -11.617370605 0.438739419 0.003157399 0.898608804 141.360794067
0.901797593 0.001801454 -0.432154953 -131.100158691 -0.002555344 0.999996006 -0.001163834 -11.626251221 0.432151198 0.002153846 0.901798546 142.191589355
0.905118406 0.003156498 -0.425148070 -131.504562378 -0.003155309 0.999994814 0.000706939 -11.630825043 0.425148070 0.000701610 0.905123591 143.043029785
0.908408523 0.004624215 -0.418058306 -131.918197632 -0.003412322 0.999987543 0.003646322 -11.635928154 0.418070018 -0.001885800 0.908412874 143.920410156
0.911682725 0.005177516 -0.410862386 -132.307510376 -0.003060825 0.999978423 0.005809495 -11.653549194 0.410883605 -0.004038838 0.911678910 144.802230835
0.915204287 0.004526260 -0.402964830 -132.708740234 -0.002012980 0.999975801 0.006660291 -11.656924248 0.402985215 -0.005284366 0.915191174 145.704269409
0.918755293 0.003366299 -0.394813240 -133.085128784 -0.001028022 0.999980688 0.006133870 -11.647880554 0.394826204 -0.005229648 0.918740928 146.601852417
0.922645807 0.000818210 -0.385647446 -133.445251465 0.001595385 0.999981046 0.005938508 -11.651483536 0.385644913 -0.006094395 0.922627151 147.473190308
0.926647544 -0.000639671 -0.375930578 -133.831176758 0.002588068 0.999985695 0.004677898 -11.650994301 0.375922203 -0.005307698 0.926636100 148.413330078
0.931069613 -0.001452175 -0.364838690 -134.201583862 0.002638331 0.999992669 0.002752739 -11.661901474 0.364831984 -0.003525557 0.931066692 149.360275269
0.936243355 0.000215992 -0.351352066 -134.590057373 0.000430159 0.999998331 0.001760984 -11.662697792 0.351351798 -0.001799847 0.936241746 150.355926514
0.942170322 0.003676324 -0.335114241 -134.948410034 -0.002861744 0.999991596 0.002924507 -11.671582222 0.335122168 -0.001796372 0.942172945 151.339614868
0.948479891 0.006943083 -0.316761315 -135.274566650 -0.005433887 0.999969304 0.005647588 -11.673541069 0.316790819 -0.003635379 0.948488474 152.315917969
0.954963446 0.010285012 -0.296545088 -135.591094971 -0.008488479 0.999936938 0.007345179 -11.684822083 0.296601951 -0.004497161 0.954990625 153.315826416
0.961264133 0.011264813 -0.275398582 -135.877349854 -0.009626169 0.999926984 0.007301056 -11.677778244 0.275460720 -0.004367209 0.961302400 154.266601562
0.967142045 0.012497107 -0.253929198 -136.161285400 -0.010664684 0.999906301 0.008591646 -11.676622391 0.254012734 -0.005601268 0.967184603 155.327224731
0.972542703 0.013195077 -0.232350111 -136.420486450 -0.010931898 0.999879479 0.011025373 -11.672420502 0.232467592 -0.008182619 0.972569704 156.403533936
0.977548599 0.015110489 -0.210167021 -136.669586182 -0.012341138 0.999818921 0.014482249 -11.669847488 0.210347742 -0.011563405 0.977558315 157.523040771
0.982130349 0.017564533 -0.187380344 -136.911254883 -0.014377956 0.999728143 0.018351626 -11.662085533 0.187651753 -0.015329542 0.982116044 158.648895264
0.986151397 0.019668456 -0.164677113 -137.109909058 -0.016296739 0.999629498 0.021800954 -11.658596992 0.165044904 -0.018815339 0.986106634 159.764801025
0.989564359 0.021153651 -0.142530143 -137.264450073 -0.018306116 0.999606311 0.021260366 -11.651262283 0.142923713 -0.018429330 0.989562094 160.886642456
0.992434144 0.020294838 -0.121089473 -137.381927490 -0.018098447 0.999651551 0.019211035 -11.639665604 0.121437132 -0.016874157 0.992455721 162.000000000
0.994760394 0.021313177 -0.099987410 -137.531250000 -0.019568138 0.999639153 0.018401112 -11.626568794 0.100343503 -0.016348129 0.994818628 163.164566040
0.996644199 0.020053953 -0.079359934 -137.638290405 -0.018495472 0.999622285 0.020324763 -11.615586281 0.079737559 -0.018788762 0.996638775 164.362503052
0.998019516 0.020621557 -0.059429668 -137.716125488 -0.019352131 0.999573708 0.021857178 -11.601966858 0.059855055 -0.020663798 0.997993231 165.572143555
0.999001145 0.021634774 -0.039095774 -137.773666382 -0.020753719 0.999524474 0.022802917 -11.590832710 0.039570522 -0.021968760 0.998975277 166.787109375
0.999554813 0.023180116 -0.018781118 -137.806762695 -0.022741996 0.999471784 0.023214733 -11.573673248 0.019309334 -0.022777278 0.999553978 168.011856079
0.999737561 0.022856655 0.001476616 -137.800979614 -0.022885151 0.999459505 0.023598913 -11.560952187 -0.000936419 -0.023626514 0.999720395 169.212142944
0.999426484 0.025136931 0.022689575 -137.786773682 -0.025663275 0.999401033 0.023212427 -11.557916641 -0.022092499 -0.023781402 0.999473035 170.470489502
0.998745084 0.026059741 0.042769164 -137.742416382 -0.027007103 0.999399126 0.021724304 -11.540172577 -0.042177342 -0.022852113 0.998848796 171.741683960
0.997727692 0.025954299 0.062176071 -137.670928955 -0.027204189 0.999442697 0.019340869 -11.525782585 -0.061639443 -0.020988369 0.997877777 173.019500732
0.996262074 0.028532283 0.081534080 -137.596420288 -0.029956276 0.999418259 0.016295191 -11.507331848 -0.081021719 -0.018676737 0.996537387 174.317779541
0.994632244 0.028415032 0.099495336 -137.447769165 -0.030010641 0.999443293 0.014576975 -11.502993584 -0.099025741 -0.017484652 0.994931221 175.584640503
0.992533028 0.028494596 0.118600994 -137.308685303 -0.030063637 0.999482155 0.011461201 -11.502243042 -0.118213005 -0.014941198 0.992875814 176.883193970
0.989996254 0.030102812 0.137845129 -137.162246704 -0.031187985 0.999497175 0.005718804 -11.480174065 -0.137603670 -0.009960707 0.990437210 178.170364380
0.987310290 0.031707570 0.155605391 -136.965179443 -0.031914443 0.999489903 -0.001169205 -11.485586166 -0.155563101 -0.003811690 0.987818599 179.494491577
0.984251440 0.034300637 0.173414677 -136.749801636 -0.033748884 0.999411523 -0.006130213 -11.504661560 -0.173522919 0.000181118 0.984829783 180.838195801
0.980940282 0.037313305 0.190693259 -136.504714966 -0.036047194 0.999299049 -0.010105236 -11.535600662 -0.190936625 0.003038675 0.981597602 182.171875000
0.977312326 0.038504079 0.208273947 -136.229766846 -0.036492933 0.999242783 -0.013491525 -11.555958748 -0.208635718 0.005584906 0.977977395 183.491394043
0.973363757 0.037805405 0.226127699 -135.943115234 -0.035620354 0.999270856 -0.013736848 -11.577802658 -0.226482153 0.005316202 0.974000752 184.898757935
0.969323575 0.038190838 0.242802873 -135.596557617 -0.035886634 0.999259055 -0.013907547 -11.640437126 -0.243154094 0.004767537 0.969975889 186.269058228
0.965030015 0.038195394 0.259341717 -135.246459961 -0.034411263 0.999224901 -0.019117201 -11.676225662 -0.259870857 0.009524398 0.965596437 187.626419067
0.960398972 0.039312523 0.275840998 -134.874145508 -0.034086380 0.999137402 -0.023716897 -11.712055206 -0.276535392 0.013375264 0.960910618 188.978546143
0.955312014 0.041382164 0.292688102 -134.470993042 -0.035974376 0.999068439 -0.023837181 -11.758670807 -0.293401837 0.012242676 0.955910802 190.355392456
0.949680924 0.043424755 0.310194254 -134.047973633 -0.037586439 0.998986125 -0.024776760 -11.799211502 -0.310955673 0.011870919 0.950350285 191.725616455
0.943649828 0.047801748 0.327475131 -133.582046509 -0.041054565 0.998778641 -0.027489802 -11.871450424 -0.328389227 0.012496398 0.944459796 193.129440308
0.937444568 0.048691045 0.344712853 -133.098419189 -0.040230580 0.998688757 -0.031658988 -11.924732208 -0.345802367 0.015810549 0.938174129 194.503158569
0.930797935 0.049771547 0.362129837 -132.591339111 -0.040231638 0.998617053 -0.033841990 -11.992397308 -0.363313407 0.016930979 0.931513131 195.865127563
0.923996329 0.050311241 0.379077286 -132.056594849 -0.038280077 0.998497367 -0.039213616 -12.065460205 -0.380480528 0.021722127 0.924533844 197.198974609
0.915852249 0.053313173 0.397960156 -131.501220703 -0.038370579 0.998230517 -0.045424305 -12.141267776 -0.399677753 0.026331987 0.916277468 198.519409180
0.906196892 0.056641366 0.419045389 -130.908096313 -0.039762527 0.998011291 -0.048911303 -12.223371506 -0.420982450 0.027660968 0.906646907 199.867431641
0.894916654 0.059649508 0.442228436 -130.249023438 -0.041583546 0.997860789 -0.050444737 -12.319241524 -0.444291443 0.026754415 0.895482719 201.247985840
