1.000000000 0.000000000 0.000000000 0.000000000 0.000000000 1.000000000 0.000000000 0.000000000 0.000000000 0.000000000 1.000000000 0.000000000
0.999873579 0.001469655 0.015832394 0.010430365 -0.001454621 0.999998510 -0.000961043 -0.001219605 -0.015833784 0.000937891 0.999874175 0.129610032
0.999294460 0.004195225 0.037321992 0.027533244 -0.004170680 0.999991059 -0.000735490 0.000975532 -0.037324745 0.000579313 0.999303043 0.278229296
0.997910917 0.005950140 0.064330474 0.053562604 -0.006004600 0.999981761 0.000653245 -0.001097560 -0.064325415 -0.001038159 0.997928560 0.428775132
0.995110214 0.005643309 0.098609529 0.094897971 -0.005969162 0.999977648 0.003009759 -0.003127008 -0.098590337 -0.003583659 0.995121658 0.602202177
0.990602493 0.002461335 0.136750206 0.156843901 -0.003177497 0.999982357 0.005018963 -0.003920197 -0.136735424 -0.005406320 0.990592897 0.788440883
0.984374881 -0.000417251 0.176085055 0.229757980 -0.000538711 0.999985337 0.005381144 -0.005194976 -0.176084697 -0.005391922 0.984360278 0.982568800
0.975529552 -0.000422229 0.219868258 0.313825577 -0.000974719 0.999980032 0.006245048 0.001554714 -0.219866514 -0.006306538 0.975509644 1.194952488
0.963411212 -0.000034447 0.268027335 0.404564857 -0.002526040 0.999954343 0.009208241 0.003064333 -0.268015444 -0.009548373 0.963367224 1.407824874
0.948759615 -0.003952090 0.315973818 0.524975181 -0.001287953 0.999865055 0.016373243 0.002140837 -0.315995932 -0.015941231 0.948626578 1.640420198
0.931849957 -0.013149880 0.362605482 0.667575777 0.004622471 0.999692202 0.024374649 -0.003124788 -0.362814426 -0.021037381 0.931623876 1.855263233
0.910376310 -0.018139133 0.413383722 0.827227712 0.007047289 0.999573410 0.028341014 0.002607509 -0.413721442 -0.022887748 0.910115778 2.087485790
0.885410905 -0.019669233 0.464392781 1.000630617 0.005017138 0.999450445 0.032765780 -0.001861259 -0.464782089 -0.026681256 0.885023057 2.299526215
0.856947005 -0.021778671 0.514944315 1.181810617 0.003079355 0.999305367 0.037139349 0.002772637 -0.515395582 -0.030240748 0.856418610 2.520402670
0.824392021 -0.026422467 0.565402091 1.396582127 0.003787525 0.999144971 0.041169759 0.011608906 -0.566006541 -0.031798549 0.823787272 2.747113705
0.788052797 -0.032063380 0.614772022 1.629091740 0.005964049 0.998993576 0.044457324 0.017020136 -0.615578711 -0.031368192 0.787450850 2.967134237
0.750105023 -0.036081772 0.660333574 1.876916528 0.006446577 0.998862028 0.047256563 0.018198729 -0.661287129 -0.031190502 0.749484003 3.172823668
0.709814548 -0.039840657 0.703260958 2.142770529 0.008317194 0.998803616 0.048188843 0.025721118 -0.704339445 -0.028355984 0.709296703 3.379729509
0.667514563 -0.041557211 0.743436098 2.446399212 0.007273311 0.998757660 0.049298845 0.042173505 -0.744561076 -0.027500456 0.666987538 3.596143246
0.624559522 -0.041468751 0.779875338 2.760657549 0.002238199 0.998680174 0.051310923 0.058476806 -0.780973852 -0.030301213 0.623828053 3.812903643
0.582789838 -0.042213555 0.811525702 3.109754086 -0.001188436 0.998604536 0.052798398 0.069674045 -0.812622011 -0.031734817 0.581926405 4.022021294
0.542663693 -0.043368045 0.838829756 3.487810612 -0.003282628 0.998549044 0.053749263 0.088174462 -0.839943647 -0.031921338 0.541733921 4.227454185
0.503340960 -0.045348968 0.862897098 3.896997213 -0.004932749 0.998454809 0.055350460 0.111973092 -0.864073694 -0.032116603 0.502339482 4.444972515
0.466396093 -0.044697527 0.883445919 4.367962360 -0.008768996 0.998439848 0.055144984 0.124543056 -0.884532511 -0.033466343 0.465276480 4.667685509
0.429630697 -0.043988422 0.901932657 4.834516525 -0.009539349 0.998535931 0.053243905 0.147962555 -0.902954280 -0.031479072 0.428582102 4.863726139
0.396080375 -0.042465374 0.917233348 5.326190948 -0.008588332 0.998715103 0.049946371 0.171446338 -0.918175638 -0.027660286 0.395206720 5.045295715
0.367050707 -0.040955774 0.929298878 5.842457294 -0.005979919 0.998905778 0.046385385 0.192732751 -0.930181801 -0.022582926 0.366404206 5.215113640
0.341453731 -0.039104380 0.939084768 6.378144741 -0.004381212 0.999057114 0.043194696 0.215392560 -0.939888358 -0.018863328 0.340960503 5.393581390
0.321455479 -0.038117349 0.946157217 6.959515572 -0.003419101 0.999136269 0.041413322 0.244629145 -0.946918488 -0.016547550 0.321047485 5.570524216
0.306853414 -0.038754418 0.950967431 7.589515686 -0.003137190 0.999124050 0.041729216 0.265072465 -0.951751590 -0.015788117 0.306463063 5.773853302
0.295470834 -0.040133119 0.954508364 8.223053932 -0.002142207 0.999086916 0.042670570 0.291837573 -0.955349326 -0.014652665 0.295115054 5.957264423
0.284619302 -0.042153187 0.957713425 8.868359566 -0.003390758 0.998982251 0.044977300 0.312217951 -0.958634615 -0.016048780 0.284186661 6.147000313
0.274153620 -0.043693837 0.960692823 9.558649063 -0.004722087 0.998894095 0.046778832 0.343840182 -0.961674392 -0.017361062 0.273644120 6.338562965
0.264161706 -0.045270037 0.963415444 10.276346207 -0.005367284 0.998813331 0.048405036 0.376850128 -0.964463472 -0.017957676 0.263605237 6.523853302
0.253387928 -0.047428593 0.966201425 11.003972054 -0.006511912 0.998691142 0.050731193 0.401820064 -0.967342854 -0.019146491 0.252747446 6.718609333
0.243187636 -0.048906289 0.968745530 11.793447495 -0.006997127 0.998613596 0.052170668 0.434870064 -0.969954014 -0.019465692 0.242508292 6.925414085
0.232746854 -0.050105866 0.971245766 12.564255714 -0.006995793 0.998559773 0.053191431 0.470456690 -0.972512126 -0.019174770 0.232061118 7.107520103
0.222344860 -0.052892335 0.973532259 13.341010094 -0.008488241 0.998384476 0.056181192 0.503585219 -0.974931061 -0.020755179 0.221536696 7.281005383
0.210934296 -0.056621850 0.975858927 14.125066757 -0.010276292 0.998137295 0.060135752 0.537082553 -0.977446198 -0.022712901 0.209959552 7.447606087
0.199015453 -0.060129374 0.978149951 14.923597336 -0.011414144 0.997905970 0.063666165 0.580019712 -0.979929864 -0.023835292 0.197912395 7.605356216
0.186348259 -0.062366005 0.980502307 15.728241920 -0.012152191 0.997760534 0.065773308 0.618167639 -0.982408643 -0.024171995 0.185173064 7.757827759
0.171174780 -0.063452035 0.983195245 16.575441360 -0.012924558 0.997693539 0.066637866 0.649593115 -0.985156000 -0.024114085 0.169959843 7.924525738
0.156697407 -0.062069967 0.985694289 17.392759323 -0.014272817 0.997776747 0.065099776 0.694784939 -0.987543523 -0.024269599 0.155463114 8.052276611
0.139906824 -0.061089102 0.988278389 18.211912155 -0.014910128 0.997851849 0.063791648 0.733467817 -0.990052402 -0.023660243 0.138695419 8.166300774
0.119247794 -0.059546951 0.991077244 19.044300079 -0.018011469 0.997905910 0.062124413 0.771673203 -0.992701054 -0.025258955 0.117925569 8.265393257
0.093269713 -0.058148287 0.993941367 19.865125656 -0.022659522 0.997910559 0.060506821 0.808658004 -0.995382965 -0.028165694 0.091757223 8.349353790
0.063755460 -0.057775252 0.996291757 20.735868454 -0.025732994 0.997895658 0.059514973 0.843482256 -0.997633696 -0.029431980 0.062134575 8.396935463
0.029972970 -0.057422429 0.997899890 21.586721420 -0.028856607 0.997882664 0.058288164 0.882467628 -0.999134064 -0.030543080 0.028252505 8.420772552
-0.004184753 -0.056894179 0.998371422 22.436182022 -0.030753430 0.997915268 0.056739278 0.914497137 -0.999518216 -0.030465912 -0.005925711 8.407202721
-0.038166650 -0.055953424 0.997703612 23.261051178 -0.031539500 0.998001099 0.054763585 0.940111756 -0.998773575 -0.029376930 -0.039855108 8.373531342
-0.070529625 -0.054227132 0.996034563 24.086021423 -0.033209391 0.998095393 0.051987756 0.962080836 -0.996956766 -0.029411023 -0.072196156 8.303863525
-0.103256062 -0.051160522 0.993338287 24.938142776 -0.035986643 0.998214662 0.047670923 0.992566347 -0.994003654 -0.030824594 -0.104912803 8.217944145
-0.135083124 -0.046640929 0.989735901 25.789503098 -0.033319023 0.998540401 0.042508315 1.014349937 -0.990273833 -0.027234882 -0.136440009 8.087640762
-0.166896284 -0.040445689 0.985144496 26.627807617 -0.027918398 0.998951554 0.036282796 1.036594868 -0.985579193 -0.021448197 -0.167850494 7.931995869
-0.197115690 -0.034269560 0.979781032 27.463285446 -0.021988261 0.999292076 0.030528316 1.049400330 -0.980133593 -0.015526073 -0.197729692 7.745222092
-0.226118505 -0.028989766 0.973668337 28.282659531 -0.015988810 0.999532878 0.026046714 1.053581476 -0.973968506 -0.009678157 -0.226476401 7.540930748
-0.254297733 -0.022659492 0.966860533 29.095760345 -0.006374982 0.999743044 0.021753427 1.057530880 -0.967104971 -0.000631871 -0.254376829 7.313165665
-0.280355930 -0.012209735 0.959818423 29.928125381 -0.002433719 0.999924839 0.012009053 1.057016134 -0.959893048 0.001030881 -0.280364573 7.058094501
-0.305629671 0.003606427 0.952143669 30.722801208 0.002825633 0.999991834 -0.002880657 1.046351075 -0.952146292 0.001809994 -0.305637419 6.785642624
-0.330334574 0.020526767 0.943640709 31.505216599 0.003466768 0.999783158 -0.020534426 1.023000121 -0.943857551 -0.003511849 -0.330334067 6.505032539
-0.355639875 0.035391394 0.933952808 32.279979706 0.004157134 0.999332726 -0.036285914 0.990435004 -0.934613824 -0.009022154 -0.355549723 6.205841064
-0.379829407 0.046069108 0.923908710 33.046993256 0.007613246 0.998880863 -0.046677578 0.954496503 -0.925025284 -0.010695573 -0.379755110 5.880318642
-0.403305501 0.050035663 0.913696408 33.797027588 0.010233347 0.998688102 -0.050172951 0.905643463 -0.915008187 -0.010884856 -0.403288424 5.543863297
-0.426154584 0.049584035 0.903290510 34.607284546 0.012915330 0.998728514 -0.048729684 0.854786038 -0.904558301 -0.009100085 -0.426253051 5.176978111
-0.446402073 0.045414705 0.893679261 35.356136322 0.016372439 0.998958588 -0.042586554 0.804845691 -0.894682705 -0.004379018 -0.446680754 4.791249275
-0.464086145 0.044196747 0.884686828 36.078750610 0.023896540 0.999015570 -0.037372760 0.753544331 -0.885467649 0.003796772 -0.464685440 4.396428108
-0.477748811 0.044655498 0.877360821 36.789283752 0.026853696 0.998982847 -0.036223136 0.704539657 -0.878085911 0.006254817 -0.478462070 3.994433403
-0.489001632 0.048757754 0.870919108 37.483436584 0.030535484 0.998781443 -0.038771044 0.655724645 -0.871748209 0.007634833 -0.489894569 3.600127220
-0.498966753 0.050747406 0.865134060 38.192451477 0.030536104 0.998693645 -0.040970087 0.607874870 -0.866082907 0.005975114 -0.499864519 3.196549416
-0.509836316 0.049922414 0.858821750 38.849044800 0.024032487 0.998751819 -0.043789599 0.562310219 -0.859935760 -0.001685910 -0.510399580 2.826366425
-0.520631909 0.048345491 0.852411330 39.567031860 0.023261521 0.998828113 -0.042442113 0.510314107 -0.853464246 -0.002268337 -0.521146357 2.376525879
-0.529555798 0.049673662 0.846819460 40.221134186 0.025919188 0.998765469 -0.042378195 0.459624290 -0.847879052 -0.000492741 -0.530189455 1.966461182
-0.536138058 0.053195667 0.842452407 41.023643494 0.029878523 0.998582840 -0.044039600 0.400071263 -0.843601346 0.001559930 -0.536967635 1.454566956
-0.539446592 0.056031365 0.840153396 41.720867157 0.030937843 0.998428702 -0.046722423 0.356896281 -0.841451168 0.000788284 -0.540332556 1.002931595
-0.539337099 0.058367603 0.840064704 42.430812836 0.030437654 0.998294294 -0.049819849 0.314117312 -0.841539681 -0.001300087 -0.540193737 0.553308487
-0.535677075 0.058245100 0.842411816 43.162723541 0.032621510 0.998301029 -0.048279889 0.258157730 -0.843792677 0.001618321 -0.536666989 0.081541061
-0.529690623 0.057334110 0.846250832 43.912448883 0.031299841 0.998354495 -0.048047837 0.208628535 -0.847613215 0.001037026 -0.530613542 -0.384967804
-0.523211360 0.055707157 0.850380182 44.652263641 0.028448023 0.998446703 -0.047903631 0.153927803 -0.851727962 -0.000872090 -0.523983538 -0.827756882
-0.515929401 0.055094667 0.854857504 45.439025879 0.026608769 0.998478830 -0.048291802 0.101463079 -0.856217742 -0.002168457 -0.516610682 -1.296749115
-0.508262336 0.054162458 0.859497428 46.292022705 0.024180835 0.998524427 -0.048624143 0.053411961 -0.860862732 -0.003930456 -0.508822143 -1.842632294
-0.505173981 0.051367935 0.861487448 47.057128906 0.019741070 0.998653650 -0.047970638 -0.008699298 -0.862791717 -0.007226837 -0.505507886 -2.230773926
-0.503762662 0.048722602 0.862466991 47.900672913 0.015407396 0.998756170 -0.047422472 -0.059639573 -0.863704681 -0.010601300 -0.503886700 -2.714712143
-0.504417300 0.046071082 0.862230062 48.747432709 0.012335573 0.998858154 -0.046154961 -0.117678881 -0.863371849 -0.012645259 -0.504409671 -3.197135925
-0.504617751 0.045105111 0.862163723 49.600357056 0.011533897 0.998897493 -0.045507781 -0.174226284 -0.863265872 -0.013019926 -0.504581571 -3.701131821
-0.505195677 0.044368431 0.861863494 50.468040466 0.011050048 0.998928249 -0.044947308 -0.227361560 -0.862934113 -0.013183546 -0.505144477 -4.210302353
-0.505634665 0.043571372 0.861646652 51.337940216 0.011274073 0.998972356 -0.043899700 -0.287449837 -0.862674057 -0.012482940 -0.505606294 -4.707872391
-0.505556583 0.043022197 0.861720204 52.219928741 0.011504100 0.999003291 -0.043126941 -0.336334944 -0.862716615 -0.011889793 -0.505547643 -5.226783752
-0.505564928 0.042764861 0.861728072 53.126338959 0.011127771 0.999010921 -0.043049261 -0.394199967 -0.862716734 -0.012175083 -0.505540788 -5.755405426
-0.505425394 0.041023184 0.861894548 54.020401001 0.009293100 0.999070108 -0.042102676 -0.454877615 -0.862820208 -0.013270090 -0.505336642 -6.282876968
-0.505886734 0.040410299 0.861652851 54.913879395 0.008348376 0.999084651 -0.041954227 -0.511330009 -0.862559557 -0.014030689 -0.505761087 -6.799398422
-0.504997671 0.039782837 0.862203419 55.798748016 0.007720188 0.999105513 -0.041577857 -0.568588614 -0.863086164 -0.014340358 -0.504853129 -7.315111160
-0.503657401 0.038279407 0.863055050 56.696907043 0.007859074 0.999179542 -0.039730638 -0.633351803 -0.863867760 -0.013227819 -0.503545046 -7.844108582
-0.501898825 0.035450719 0.864199519 57.571975708 0.007025685 0.999293804 -0.036912195 -0.705842137 -0.864897788 -0.012454595 -0.501793444 -8.337722778
-0.499433905 0.034155779 0.865678489 58.471981049 0.007451628 0.999354959 -0.035131004 -0.760769725 -0.866319895 -0.011094900 -0.499366254 -8.854410172
-0.497182816 0.034011208 0.866978943 59.372390747 0.008164958 0.999370515 -0.034522552 -0.816075802 -0.867607296 -0.010085173 -0.497147530 -9.365917206
-0.495265931 0.034180976 0.868068635 60.262596130 0.008415244 0.999367535 -0.034549762 -0.873683214 -0.868700624 -0.009806312 -0.495240390 -9.868488312
-0.494171977 0.035064917 0.868656754 61.147518158 0.008535475 0.999333858 -0.035484161 -0.923027277 -0.869322240 -0.010120883 -0.494142026 -10.370273590
-0.494902074 0.036563620 0.868179142 62.060653687 0.007812591 0.999261200 -0.037630636 -0.971790195 -0.868913591 -0.011840757 -0.494822145 -10.887929916
-0.497764587 0.037854392 0.866485715 62.928844452 0.006354881 0.999179363 -0.040000778 -1.043173790 -0.867288828 -0.014404556 -0.497596741 -11.381721497
-0.501917124 0.039399065 0.864017904 63.776027679 0.006015440 0.999096811 -0.042064201 -1.087424397 -0.864894867 -0.015915295 -0.501700759 -11.879428864
-0.507396758 0.037004810 0.860917628 64.682495117 0.006534308 0.999213994 -0.039098095 -1.158671856 -0.861687779 -0.014212745 -0.507239699 -12.402709961
-0.512907684 0.034747634 0.857740223 65.553283691 0.008108032 0.999331951 -0.035635211 -1.216831326 -0.858405471 -0.011322988 -0.512846828 -12.923513412
-0.518159449 0.032507375 0.854666054 66.419677734 0.005414731 0.999382019 -0.034728885 -1.267783046 -0.855267048 -0.013367307 -0.518015146 -13.441194534
-0.523531377 0.035196770 0.851279080 67.297813416 0.006988498 0.999290109 -0.037018515 -1.329236627 -0.851977825 -0.013431188 -0.523405612 -13.959844589
-0.528021693 0.037637174 0.848396361 68.129226685 0.008609343 0.999203324 -0.038969126 -1.379440665 -0.849187255 -0.013272407 -0.527924895 -14.491127014
-0.533060074 0.037917092 0.845227301 68.935302734 0.006262064 0.999144793 -0.040872570 -1.439450026 -0.846054256 -0.016494669 -0.532841623 -14.994632721
-0.536729574 0.038011875 0.842897594 69.763893127 0.005093695 0.999112487 -0.041813146 -1.493952632 -0.843738914 -0.018148893 -0.536446869 -15.520059586
-0.540337980 0.037017480 0.840633452 70.575950623 0.006165986 0.999179184 -0.040035743 -1.562640905 -0.841425538 -0.016449492 -0.540122569 -16.030763626
-0.543047965 0.031209297 0.839121580 71.414695740 0.008034423 0.999456406 -0.031973034 -1.594803572 -0.839663267 -0.010621029 -0.543003380 -16.558872223
-0.544339001 0.021793023 0.838582158 72.248542786 0.005387860 0.999732673 -0.022483634 -1.635173559 -0.838847935 -0.007720557 -0.544310987 -17.119037628
-0.546120405 0.020536199 0.837454915 73.068397522 0.006685176 0.999774456 -0.020157093 -1.676180363 -0.837679982 -0.005409668 -0.546134531 -17.650119781
-0.547138751 0.024857596 0.836672783 73.873329163 0.005843533 0.999648094 -0.025878245 -1.708914518 -0.837021470 -0.009269866 -0.547091365 -18.176324844
-0.548139215 0.031295374 0.835801482 74.663185120 0.008082896 0.999451220 -0.032122042 -1.758017659 -0.836348116 -0.010851655 -0.548091352 -18.693843842
-0.548603654 0.035209857 0.835340798 75.479507446 0.013702097 0.999357224 -0.033124447 -1.797922373 -0.835970223 -0.006726274 -0.548733652 -19.238725662
-0.547865689 0.035627738 0.835807264 76.291778564 0.013918818 0.999342561 -0.033475030 -1.825165272 -0.836450398 -0.006706372 -0.548001468 -19.802803040
-0.547258258 0.032979816 0.836313725 77.095611572 0.015385775 0.999450922 -0.029345106 -1.891942382 -0.836822331 -0.003192020 -0.547465205 -20.330591202
-0.547176898 0.028494325 0.836531818 77.858016968 0.015637992 0.999593914 -0.023819782 -1.943503857 -0.836870790 0.000048040 -0.547400415 -20.801258087
-0.546148837 0.021996640 0.837399244 78.668022156 0.010437647 0.999756157 -0.019454006 -1.948574066 -0.837623119 -0.001884303 -0.546245396 -21.334165573
-0.546511471 0.014703976 0.837322533 79.471939087 0.000023607 0.999846101 -0.017542597 -2.005542040 -0.837451577 -0.009567464 -0.546427727 -21.808950424
-0.545320928 0.009669125 0.838171601 80.280364990 -0.007680259 0.999833763 -0.016530894 -2.030952215 -0.838192165 -0.015452018 -0.545156121 -22.311782837
-0.543523490 0.010104018 0.839333177 81.078445435 -0.004633055 0.999876201 -0.015036869 -2.066509485 -0.839381158 -0.012061566 -0.543409407 -22.820835114
-0.540184975 0.013665478 0.841435432 81.878417969 0.000415201 0.999872327 -0.015972052 -2.106122494 -0.841546237 -0.008278497 -0.540121675 -23.343969345
-0.534599125 0.016667387 0.844941497 82.667800903 0.002215874 0.999829710 -0.018320732 -2.135485172 -0.845102906 -0.007921963 -0.534545004 -23.845155716
-0.527379870 0.018866841 0.849420190 83.453216553 0.007342542 0.999817252 -0.017648611 -2.168245792 -0.849597931 -0.003070617 -0.527421951 -24.324058533
-0.517833710 0.022501070 0.855185390 84.242797852 0.016744852 0.999729097 -0.016164830 -2.219983339 -0.855317414 0.005949257 -0.518070161 -24.838535309
-0.507850766 0.021633113 0.861173451 85.062858582 0.012678471 0.999764085 -0.017637840 -2.235842943 -0.861351728 0.001960973 -0.508005083 -25.326169968
-0.498010874 0.019194862 0.866958320 85.829811096 0.008545715 0.999815047 -0.017227417 -2.242150545 -0.867128670 -0.001170661 -0.498082876 -25.728000641
-0.487085909 0.015889741 0.873209476 86.657096863 0.008649036 0.999873161 -0.013370106 -2.272930145 -0.873311222 0.001040032 -0.487161607 -26.176910400
-0.475294471 0.015244568 0.879694700 87.480293274 0.008448845 0.999882817 -0.012762486 -2.304656029 -0.879786253 0.001366466 -0.475367516 -26.624897003
-0.463281751 0.014864543 0.886086464 88.310813904 0.009491634 0.999885142 -0.011810967 -2.325604677 -0.886160254 0.002938602 -0.463369638 -27.056549072
-0.450701088 0.016005708 0.892531395 89.140274048 0.011427164 0.999860764 -0.012160070 -2.355442047 -0.892601848 0.004718547 -0.450821221 -27.483951569
-0.439134151 0.019569853 0.898208380 89.957023621 0.010413804 0.999806464 -0.016692126 -2.388199806 -0.898361206 0.002023684 -0.439253032 -27.874555588
-0.428267777 0.026769947 0.903255343 90.771606445 0.004685827 0.999613404 -0.027404003 -2.393023729 -0.903639734 -0.007503752 -0.428227693 -28.243305206
-0.415462911 0.029627442 0.909127474 91.622558594 -0.000184540 0.999466658 -0.032655820 -2.422901630 -0.909610212 -0.013735052 -0.415235817 -28.630767822
-0.403417379 0.029548554 0.914538860 92.602035522 0.009890123 0.999561012 -0.027932908 -2.503236771 -0.914962649 -0.002223715 -0.403532475 -29.069332123
-0.392083615 0.025962481 0.919563174 93.462036133 0.008636214 0.999661505 -0.024541628 -2.544806957 -0.919889033 -0.001680825 -0.392175108 -29.427381516
-0.381652921 0.026388723 0.923928916 94.306770325 0.006156950 0.999642789 -0.026007930 -2.592638731 -0.924285233 -0.004237417 -0.381679058 -29.777763367
-0.375315219 0.030132160 0.926407397 95.143104553 -0.000779672 0.999460876 -0.032824151 -2.630413055 -0.926896989 -0.013041695 -0.375089347 -30.088481903
-0.369931787 0.036011413 0.928360701 95.974060059 -0.003112249 0.999194920 -0.039999254 -2.680262566 -0.929053724 -0.017686285 -0.369521856 -30.417741776
-0.366966099 0.038033910 0.929456472 96.859748840 -0.006632218 0.999031484 -0.043499473 -2.728804350 -0.930210650 -0.022127189 -0.366358399 -30.757007599
-0.363738924 0.037132502 0.930760562 97.598747253 -0.009903363 0.998994470 -0.043724895 -2.771012783 -0.931448281 -0.025122104 -0.363005459 -31.006889343
-0.358998060 0.037142050 0.932599068 98.460952759 -0.011749920 0.998948872 -0.044307586 -2.818866730 -0.933264315 -0.026864300 -0.358184278 -31.328487396
-0.353234172 0.032917518 0.934955716 99.319358826 -0.013441631 0.999099076 -0.040254213 -2.875502586 -0.935438395 -0.026786493 -0.352473468 -31.647220612
-0.348044246 0.028860573 0.937033713 100.148742676 -0.014426528 0.999242842 -0.036135077 -2.924652815 -0.937367141 -0.026094750 -0.347364336 -31.946769714
-0.342559576 0.026549637 0.939120829 101.011932373 -0.016367489 0.999280334 -0.034220692 -2.969634056 -0.939353466 -0.027093682 -0.341878474 -32.245628357
-0.337047905 0.024107356 0.941178799 101.899162292 -0.025706872 0.999063790 -0.034795973 -3.013358116 -0.941136420 -0.035922673 -0.336112648 -32.536159515
-0.330938905 0.024148064 0.943343222 102.792007446 -0.034491491 0.998695016 -0.037665103 -3.057594299 -0.943021655 -0.045002155 -0.329674065 -32.817806244
-0.323415160 0.028710928 0.945821524 103.545295715 -0.029491318 0.998748124 -0.040401842 -3.114962816 -0.945797503 -0.040960088 -0.322163522 -33.094932556
-0.316680491 0.032262329 0.947983503 104.396575928 -0.028332593 0.998653710 -0.043451469 -3.157388687 -0.948109090 -0.040619068 -0.315340042 -33.371223450
-0.310192019 0.030008378 0.950200260 105.257713318 -0.029335815 0.998723567 -0.041117452 -3.211404800 -0.950221121 -0.040629197 -0.308915764 -33.642589569
-0.303324282 0.025492605 0.952546299 106.113540649 -0.029217079 0.998923182 -0.036037520 -3.256175041 -0.952439308 -0.038761679 -0.302252859 -33.911212921
-0.296182305 0.022682551 0.954862058 106.988014221 -0.030388888 0.998988032 -0.033156887 -3.312472105 -0.954647839 -0.038837679 -0.295193315 -34.177040100
-0.289736569 0.027211841 0.956719518 107.859245300 -0.031016786 0.998803735 -0.037802078 -3.339175224 -0.956603765 -0.040627006 -0.288545966 -34.428615570
-0.283090174 0.028921718 0.958657205 108.687217712 -0.031444222 0.998727977 -0.039416056 -3.407902718 -0.958577693 -0.041302521 -0.281820685 -34.668918610
-0.275729239 0.029601438 0.960779548 109.582679749 -0.031841639 0.998695850 -0.039907716 -3.454897881 -0.960707784 -0.041596521 -0.274427176 -34.939445496
-0.268919736 0.029151721 0.962721407 110.460578918 -0.032443170 0.998700500 -0.039303634 -3.500995159 -0.962616086 -0.041803259 -0.267624408 -35.175319672
-0.260702521 0.028560065 0.964996576 111.314949036 -0.028442351 0.998901248 -0.037247457 -3.554873228 -0.965000033 -0.037157286 -0.259603709 -35.408855438
-0.252669483 0.029867999 0.967091501 112.179199219 -0.025096083 0.998984814 -0.037409790 -3.605022669 -0.967227101 -0.033722524 -0.251663446 -35.644123077
-0.246632025 0.029998530 0.968644798 113.011688232 -0.025486322 0.998974323 -0.037427031 -3.650735140 -0.968774021 -0.033917893 -0.245614529 -35.837455750
-0.240819365 0.028255923 0.970158577 113.885635376 -0.034016591 0.998716414 -0.037531495 -3.689282179 -0.969973683 -0.042039793 -0.239549056 -36.012344360
-0.235051811 0.026538281 0.971620500 114.765556335 -0.037711028 0.998625576 -0.036398828 -3.736313581 -0.971250951 -0.045196414 -0.233727932 -36.212955475
-0.230596855 0.027197054 0.972669244 115.632408142 -0.034751866 0.998741388 -0.036164913 -3.776723862 -0.972428620 -0.042141583 -0.229361475 -36.414157867
-0.225397974 0.026840832 0.973896980 116.519493103 -0.033317197 0.998823464 -0.035238717 -3.831732035 -0.973696947 -0.040390253 -0.224238515 -36.626579285
-0.220598638 0.028579455 0.974945843 117.401023865 -0.031683564 0.998833060 -0.036448654 -3.874637127 -0.974849880 -0.038930278 -0.219435692 -36.820610046
-0.214768425 0.027377170 0.976281166 118.268539429 -0.026888086 0.999062359 -0.033931017 -3.914735317 -0.976294756 -0.033537652 -0.213830948 -37.021018982
-0.209265158 0.025727736 0.977520406 119.117141724 -0.020407841 0.999321163 -0.030670380 -3.958967924 -0.977645934 -0.026367325 -0.208598033 -37.200649261
-0.204405904 0.024788275 0.978572309 119.993644714 -0.018695587 0.999398172 -0.029220980 -4.004396915 -0.978707671 -0.024267927 -0.203819424 -37.383621216
-0.200352028 0.026640650 0.979361653 120.867172241 -0.020793544 0.999289453 -0.031436540 -4.041589260 -0.979503274 -0.026662774 -0.199655697 -37.553794861
-0.197076067 0.028024128 0.979987562 121.714813232 -0.022418862 0.999201179 -0.033082008 -4.086289406 -0.980131924 -0.028489882 -0.196290344 -37.712547302
-0.194899797 0.027414659 0.980439961 122.580230713 -0.025552312 0.999128222 -0.033016700 -4.133728027 -0.980490208 -0.031487457 -0.194029361 -37.887268066
-0.194349289 0.026284717 0.980580091 123.500274658 -0.026662298 0.999130070 -0.032066371 -4.169691086 -0.980569959 -0.032376602 -0.193479374 -38.053985596
-0.192741930 0.021729074 0.981008828 124.379531860 -0.022295274 0.999399722 -0.026516853 -4.228584290 -0.980996132 -0.026982771 -0.192141801 -38.236392975
-0.191380188 0.016496075 0.981377304 125.259658813 -0.023504537 0.999495029 -0.021384280 -4.268206596 -0.981234491 -0.027159348 -0.190895796 -38.408603668
-0.190603942 0.015185458 0.981549621 126.131500244 -0.022868989 0.999540389 -0.019904645 -4.297183514 -0.981400609 -0.026240952 -0.190169051 -38.575775146
-0.188648000 0.019974956 0.981841564 126.989082336 -0.021836124 0.999460578 -0.024528934 -4.334985733 -0.981801867 -0.026066946 -0.188110098 -38.743553162
-0.189360008 0.022995835 0.981638491 127.838623047 -0.023112828 0.999344289 -0.027869124 -4.375085831 -0.981635571 -0.027965739 -0.188704371 -38.892562866
-0.189660460 0.023016606 0.981579959 128.697265625 -0.025281504 0.999279201 -0.028316511 -4.401376724 -0.981524110 -0.030186340 -0.188941881 -39.047523499
-0.188242301 0.022135029 0.981873155 129.576522827 -0.027753005 0.999226868 -0.027846986 -4.439589024 -0.981730402 -0.032491911 -0.187482446 -39.219383240
-0.187469736 0.022949480 0.982002258 130.429382324 -0.022865145 0.999354184 -0.027720079 -4.480376244 -0.982004225 -0.027650300 -0.186823905 -39.385559082
-0.186410740 0.025548561 0.982139707 131.269805908 -0.024858829 0.999219179 -0.030711073 -4.514833450 -0.982157350 -0.030139714 -0.185630068 -39.542804718
-0.186916023 0.026304472 0.982023716 132.106704712 -0.033491496 0.998889804 -0.033130933 -4.557087421 -0.981804848 -0.039082140 -0.185827523 -39.680988312
-0.186580658 0.027501144 0.982054651 132.946670532 -0.039576277 0.998586297 -0.035483189 -4.598888397 -0.981642127 -0.045486547 -0.185228512 -39.825454712
-0.185745850 0.031887144 0.982080340 133.770812988 -0.035887823 0.998586297 -0.039210722 -4.641588211 -0.981942296 -0.042527948 -0.184338912 -39.979114532
-0.185526580 0.031896159 0.982121408 134.639419556 -0.034176763 0.998658895 -0.038889375 -4.698096275 -0.982044637 -0.040780749 -0.184187680 -40.144172668
-0.183702797 0.033036776 0.982426465 135.470214844 -0.035076749 0.998578250 -0.040138882 -4.741719246 -0.982355773 -0.041833960 -0.182282805 -40.291938782
-0.182154745 0.032331221 0.982738197 136.301467896 -0.026538448 0.998933613 -0.037783045 -4.786207199 -0.982911706 -0.032962721 -0.181102440 -40.444404602
-0.178940564 0.029288156 0.983423889 137.117477417 -0.021926174 0.999189794 -0.033747308 -4.831533909 -0.983615577 -0.027601490 -0.178153411 -40.595878601
-0.176297352 0.024221979 0.984038889 137.939117432 -0.016144639 0.999491632 -0.027494766 -4.880790234 -0.984204531 -0.020734217 -0.175816670 -40.757049561
-0.172307044 0.024403656 0.984740973 138.686889648 -0.013224697 0.999545634 -0.027084563 -4.911569118 -0.984954536 -0.017689759 -0.171906024 -40.898200989
-0.167728990 0.029526658 0.985390902 139.494186401 -0.012201791 0.999412656 -0.032023750 -4.953540325 -0.985757649 -0.017394844 -0.167270198 -41.029289246
-0.160431638 0.032488506 0.986512184 140.299346924 -0.012035173 0.999319553 -0.034867506 -4.989991188 -0.986973524 -0.017466696 -0.159931466 -41.164115906
-0.152351528 0.033178568 0.987769365 141.107467651 -0.010553581 0.999324799 -0.035194471 -5.030189037 -0.988270044 -0.015786435 -0.151898474 -41.282947540
-0.143348068 0.029332168 0.989237547 141.902786255 -0.012836632 0.999421537 -0.031494256 -5.055779457 -0.989589095 -0.017213119 -0.142888591 -41.387397766
-0.131626114 0.027878059 0.990907371 142.667068481 -0.010715149 0.999506056 -0.029543312 -5.092561245 -0.991241515 -0.014506389 -0.131262362 -41.477527618
-0.118325822 0.030482456 0.992506862 143.481811523 -0.005999072 0.999488473 -0.031412084 -5.128915787 -0.992956758 -0.009670979 -0.118082434 -41.572776794
-0.104192391 0.031718701 0.994051278 144.261352539 -0.006793886 0.999445200 -0.032602921 -5.164314747 -0.994533896 -0.010150448 -0.103919111 -41.646095276
-0.090654567 0.031977970 0.995368958 145.053909302 -0.006292048 0.999445975 -0.032682013 -5.199628353 -0.995862484 -0.009225683 -0.090403162 -41.708202362
-0.076756179 0.032943070 0.996505499 145.856994629 -0.005317059 0.999426186 -0.033449173 -5.246252537 -0.997035623 -0.007865911 -0.076536968 -41.768299103
-0.063805975 0.039393723 0.997184575 146.592742920 -0.008528234 0.999162495 -0.040017553 -5.291933537 -0.997925937 -0.011057584 -0.063416600 -41.794319153
-0.049703673 0.049138904 0.997554421 147.443161011 -0.016195776 0.998618007 -0.049998257 -5.329287529 -0.998632669 -0.018641269 -0.048839141 -41.837020874
-0.035321265 0.056946486 0.997752190 148.223281860 -0.019348789 0.998149157 -0.057654098 -5.377923965 -0.999188662 -0.021341715 -0.034154035 -41.857456207
-0.022832878 0.057539657 0.998082042 149.007278442 -0.019698957 0.998122692 -0.057992637 -5.428276062 -0.999545217 -0.020985316 -0.021656539 -41.863174438
-0.010990657 0.053941533 0.998483658 149.803588867 -0.024465449 0.998230577 -0.054197159 -5.480528355 -0.999640226 -0.025024008 -0.009651508 -41.867214203
-0.000983767 0.051138438 0.998691082 150.527648926 -0.027704097 0.998306870 -0.051146049 -5.541685104 -0.999615729 -0.027718153 0.000434645 -41.833923340
0.009261297 0.057832684 0.998283267 151.165267944 -0.029937360 0.997894585 -0.057532433 -5.588112831 -0.999508858 -0.029353147 0.010973157 -41.837448120
0.015396316 0.065556698 0.997729957 151.919738770 -0.033301689 0.997328222 -0.065016411 -5.643418312 -0.999326706 -0.032225080 0.017538331 -41.809036255
0.018352894 0.068621993 0.997473836 152.683486938 -0.036531482 0.997021854 -0.067918733 -5.692756653 -0.999163985 -0.035192695 0.020805102 -41.781425476
0.018300086 0.064123124 0.997774184 153.439773560 -0.039185662 0.997220576 -0.063368842 -5.751352787 -0.999064386 -0.037938792 0.020761928 -41.759960175
0.016842403 0.059515785 0.998085260 154.193038940 -0.041159511 0.997422040 -0.058781680 -5.818218231 -0.999010563 -0.040090684 0.019248623 -41.747604370
0.014223304 0.057210404 0.998260856 154.961181641 -0.038123477 0.997666955 -0.056633189 -5.868170738 -0.999171793 -0.037251662 0.016371181 -41.741870880
0.012044093 0.057472188 0.998274386 155.716079712 -0.036256738 0.997715473 -0.057002574 -5.919216633 -0.999269843 -0.035507631 0.014100331 -41.744121552
0.007102071 0.057968911 0.998293042 156.364059448 -0.038350977 0.997599542 -0.057655804 -5.956943512 -0.999239087 -0.037876032 0.009308187 -41.706596375
0.002339913 0.056552157 0.998396814 157.116744995 -0.039210100 0.997636974 -0.056417219 -6.012691498 -0.999228239 -0.039015234 0.004551800 -41.699092865
-0.003377964 0.057010416 0.998367906 157.860549927 -0.040079348 0.997563660 -0.057100102 -6.060816288 -0.999190688 -0.040206820 -0.001084792 -41.692047119
-0.009137039 0.055127412 0.998437405 158.612731934 -0.041165959 0.997611940 -0.055458557 -6.113223553 -0.999110460 -0.041608363 -0.006845847 -41.697216034
-0.015103764 0.052438486 0.998509884 159.359069824 -0.039194677 0.997825265 -0.052995402 -6.168147087 -0.999117374 -0.039936706 -0.013015607 -41.704895020
-0.019006744 0.052457888 0.998442173 160.110702515 -0.040250860 0.997772992 -0.053188954 -6.217852592 -0.999008775 -0.041199114 -0.016852941 -41.735965729
-0.024742756 0.053876363 0.998241007 160.819503784 -0.041537836 0.997628868 -0.054872908 -6.269165039 -0.998830497 -0.042822484 -0.022446182 -41.745384216
-0.028891772 0.056070279 0.998008609 161.552658081 -0.042665116 0.997446477 -0.057273816 -6.317131042 -0.998671591 -0.044234913 -0.026425753 -41.763431549
-0.029942503 0.058172718 0.997857273 162.290252686 -0.040507350 0.997414291 -0.059362378 -6.378666401 -0.998730481 -0.042198025 -0.027508657 -41.799133301
-0.032456744 0.060095362 0.997664809 162.958572388 -0.041120064 0.997265399 -0.061409034 -6.417341232 -0.998626888 -0.043017182 -0.029896859 -41.805213928
-0.031919219 0.058747284 0.997762382 163.683593750 -0.038417839 0.997461259 -0.059958570 -6.467389584 -0.998751819 -0.040245708 -0.029581243 -41.826644897
-0.027901925 0.054813128 0.998106718 164.407836914 -0.035206761 0.997822046 -0.055781692 -6.526155472 -0.998990476 -0.036696527 -0.025911365 -41.846225739
-0.020377606 0.054475028 0.998307168 165.119338989 -0.034939811 0.997865796 -0.055164132 -6.580620289 -0.999181628 -0.036004774 -0.018430762 -41.855419159
-0.009271180 0.055108216 0.998437405 165.795761108 -0.032262731 0.997943878 -0.055380568 -6.633642197 -0.999436438 -0.032725751 -0.007474175 -41.854236603
0.005274899 0.055934109 0.998420477 166.503753662 -0.030282754 0.997985423 -0.055749737 -6.678122520 -0.999527395 -0.029940851 0.006958114 -41.849536896
0.021321379 0.053210679 0.998355627 167.199508667 -0.030463338 0.998153508 -0.052549321 -6.726408958 -0.999308467 -0.029292818 0.022902993 -41.833713531
0.038292676 0.048611052 0.998083532 167.886184692 -0.035095610 0.998265147 -0.047273424 -6.773425579 -0.998650014 -0.033218123 0.039932285 -41.801902771
0.054442942 0.042104851 0.997628868 168.549713135 -0.035304666 0.998566985 -0.040217791 -6.810560226 -0.997892559 -0.033031370 0.055851433 -41.749782562
0.071273655 0.034715518 0.996852458 169.238311768 -0.035320036 0.998855293 -0.032259922 -6.846796989 -0.996831238 -0.032909583 0.072418198 -41.688350677
0.089131616 0.027235512 0.995647430 169.917221069 -0.036023520 0.999060214 -0.024103999 -6.880500793 -0.995368123 -0.033718295 0.090028957 -41.621864319
0.105904102 0.021610055 0.994141519 170.582229614 -0.037951019 0.999123216 -0.017675497 -6.909461498 -0.993651807 -0.035856772 0.106631376 -41.531581879
0.123665877 0.019214027 0.992137909 171.237731934 -0.038931224 0.999136627 -0.014496950 -6.938138008 -0.991559923 -0.036832362 0.124307133 -41.435371399
0.141409650 0.017765328 0.989791811 171.887924194 -0.037148908 0.999230027 -0.012627337 -6.959157944 -0.989253879 -0.034984060 0.141960710 -41.330383301
0.158500552 0.017560104 0.987202704 172.537216187 -0.038684689 0.999184549 -0.011562210 -6.974739075 -0.986600757 -0.036357008 0.159050614 -41.213424683
0.175283536 0.015856080 0.984390318 173.091247559 -0.041689474 0.999092996 -0.008669551 -7.002904892 -0.983634949 -0.039519083 0.175785586 -41.112274170
0.189700872 0.012308942 0.981764853 173.731582642 -0.043977659 0.999024391 -0.004027783 -7.018454075 -0.980856538 -0.042411633 0.190057129 -40.972961426
0.202170715 0.008512107 0.979313374 174.361862183 -0.040600117 0.999175429 -0.000303207 -7.031699181 -0.978508413 -0.039698936 0.202349588 -40.841873169
0.213221833 0.007231340 0.976977050 174.981506348 -0.038506567 0.999257922 0.001007669 -7.045522690 -0.976244688 -0.037834894 0.213342041 -40.703475952
0.222880885 0.010862479 0.974785209 175.601928711 -0.042973693 0.999075294 -0.001307389 -7.064064026 -0.973898113 -0.041598722 0.223141611 -40.544078827
0.232279226 0.018277451 0.972477496 176.202514648 -0.047611561 0.998838425 -0.007400736 -7.084380150 -0.971483171 -0.044582125 0.232879639 -40.392620087
0.239840716 0.028588561 0.970391273 176.785247803 -0.049108636 0.998643935 -0.017283281 -7.091542244 -0.969569504 -0.043509353 0.240919381 -40.214740753
0.248065978 0.034064040 0.968144059 177.382171631 -0.043040153 0.998782337 -0.024113934 -7.109373093 -0.967786670 -0.035687216 0.249229997 -40.063056946
0.255382240 0.031584740 0.966324151 177.978393555 -0.041875567 0.998889744 -0.021582197 -7.133360386 -0.965932906 -0.034953658 0.256421328 -39.921386719
0.260424495 0.024691975 0.965178430 178.538009644 -0.044384345 0.998922169 -0.013579451 -7.138364792 -0.964473426 -0.039302383 0.261239797 -39.733283997
0.264813960 0.014096997 0.964196444 179.153411865 -0.048590455 0.998817921 -0.001257940 -7.156661510 -0.963074505 -0.046517618 0.265185982 -39.553722382
0.266691655 0.006221848 0.963761866 179.772567749 -0.048829664 0.998782158 0.007064189 -7.171210289 -0.962544203 -0.048944131 0.266670704 -39.374832153
0.267799079 0.005439749 0.963459492 180.393630981 -0.044889126 0.998968542 0.006836950 -7.181968689 -0.962428510 -0.045079783 0.267767072 -39.205535889
0.269099593 0.007234467 0.963085294 181.001388550 -0.041436385 0.999132812 0.004072661 -7.189175606 -0.962220669 -0.041002721 0.269165993 -39.037673950
0.270531207 0.007134130 0.962684870 181.611831665 -0.038476922 0.999253690 0.003407557 -7.186122894 -0.961942017 -0.037962999 0.270603895 -38.859889984
0.272918105 0.005357843 0.962022364 182.250991821 -0.041827478 0.999104977 0.006301753 -7.188302040 -0.961127579 -0.041958831 0.272897929 -38.689533234
0.275822788 0.000906464 0.961208105 182.869659424 -0.041410923 0.999082327 0.010940864 -7.204074860 -0.960316002 -0.042822260 0.275607228 -38.517559052
0.278622419 -0.004872134 0.960388362 183.479446411 -0.039207496 0.999095798 0.016443156 -7.216217995 -0.959600091 -0.042235855 0.278179497 -38.332088470
0.283286095 -0.006912461 0.959010541 184.131286621 -0.038465392 0.999087393 0.018563779 -7.204538822 -0.958263755 -0.042147577 0.282761723 -38.143497467
0.289470285 -0.009322953 0.957141578 184.716400146 -0.035505842 0.999159813 0.020470334 -7.203562737 -0.956528246 -0.039909672 0.288896114 -37.958225250
0.297301888 -0.012335388 0.954703808 185.343536377 -0.034012705 0.999145091 0.023501405 -7.197223663 -0.954177558 -0.039459068 0.296628207 -37.757808685
0.307103425 -0.014175260 0.951570511 185.970550537 -0.031456206 0.999191463 0.025036614 -7.193846226 -0.951156139 -0.037621625 0.306409210 -37.554138184
0.318347245 -0.012202102 0.947895586 186.593780518 -0.032734867 0.999179304 0.023856150 -7.195268154 -0.947408795 -0.038623780 0.317686558 -37.338912964
0.329594970 -0.008713151 0.944082141 187.216552734 -0.033701196 0.999211550 0.020987604 -7.190348625 -0.943520725 -0.038734108 0.329041481 -37.105747223
0.340708345 -0.005375333 0.940153658 187.816696167 -0.035800800 0.999184191 0.018686924 -7.189415932 -0.939487100 -0.040025044 0.340238005 -36.870948792
0.352642506 -0.004710614 0.935746253 188.447677612 -0.034497377 0.999242127 0.018030837 -7.172601700 -0.935122013 -0.038639236 0.352212757 -36.629417419
0.363511711 -0.008645793 0.931549489 189.060104370 -0.032189939 0.999243200 0.021835305 -7.176515102 -0.931033432 -0.037923906 0.362958312 -36.381999969
