1.000000000 0.000000000 0.000000000 0.000000000 0.000000000 1.000000000 0.000000000 0.000000000 0.000000000 0.000000000 1.000000000 0.000000000
0.999041736 -0.000639212 0.043762982 0.045942362 0.000741658 0.999997020 -0.002324708 -0.020503744 -0.043761369 0.002354938 0.999039173 1.025154233
0.996031702 -0.004755554 0.088871703 0.140123144 0.005424687 0.999958634 -0.007289179 -0.039414413 -0.088833369 0.007742354 0.996016383 2.047705889
0.990874052 -0.004236688 0.134724319 0.271565408 0.005832630 0.999917388 -0.011453493 -0.060717899 -0.134664655 0.012134765 0.990816891 3.056936502
0.983544886 -0.001543934 0.180657357 0.452376693 0.004043799 0.999901235 -0.013470116 -0.094264016 -0.180618688 0.013979006 0.983453870 4.088881016
0.974022746 -0.004061467 0.226413876 0.689292431 0.007290066 0.999883294 -0.013425400 -0.125133336 -0.226332918 0.014727217 0.973938644 5.094124794
0.962328196 -0.004437814 0.271854103 0.961914957 0.008772264 0.999852955 -0.014730828 -0.154872090 -0.271748811 0.016560666 0.962225735 6.101793289
0.948785663 -0.007143936 0.315839738 1.287725210 0.013270266 0.999763131 -0.017250504 -0.189201146 -0.315641671 0.020558309 0.948655725 7.085937023
0.933649838 -0.008853888 0.358077615 1.663834333 0.016815960 0.999675632 -0.019127700 -0.220358878 -0.357792109 0.023879994 0.933495879 8.041059494
0.916400373 -0.008872106 0.400164485 2.076590061 0.018424129 0.999629617 -0.020029413 -0.251401454 -0.399838567 0.025727639 0.916224420 8.976254463
0.896861494 -0.009231667 0.442215323 2.521991253 0.019456552 0.999637842 -0.018591646 -0.285645574 -0.441883475 0.025278112 0.896716237 9.891381264
0.875036478 -0.009283341 0.483968019 3.018620968 0.020226549 0.999644101 -0.017395629 -0.330504000 -0.483634204 0.025010811 0.874912798 10.774759293
0.851073623 -0.009410637 0.524962187 3.554312944 0.021065176 0.999646366 -0.016231077 -0.363369197 -0.524623752 0.024872258 0.850970864 11.648147583
0.825591564 -0.010139734 0.564177036 4.142166615 0.023283450 0.999599278 -0.016106559 -0.405998051 -0.563787580 0.026433425 0.825496733 12.491403580
0.798297107 -0.011803349 0.602148175 4.753856182 0.026618566 0.999522448 -0.015696827 -0.437670171 -0.601675272 0.028559046 0.798230112 13.297019958
0.769444227 -0.010554398 0.638626814 5.411656857 0.027019465 0.999506295 -0.016035626 -0.472305298 -0.638142228 0.029593870 0.769349515 14.099552155
0.738880873 -0.013595620 0.673699021 6.088886738 0.031586759 0.999396205 -0.014474470 -0.504990578 -0.673095345 0.031974878 0.738864124 14.837173462
0.706839561 -0.012882141 0.707256615 6.828718185 0.032016743 0.999392152 -0.013794696 -0.538815200 -0.706649005 0.032394689 0.706822336 15.567367554
0.672732472 -0.011518253 0.739796102 7.577967644 0.032938961 0.999353707 -0.014393556 -0.572109997 -0.739152312 0.034051128 0.672677040 16.244979858
0.637349546 -0.012984614 0.770465314 8.390691757 0.038169574 0.999162614 -0.014736058 -0.594546735 -0.769628882 0.038800355 0.637311399 16.916255951
0.600735426 -0.011279028 0.799368203 9.181264877 0.038374834 0.999154627 -0.014741180 -0.622910619 -0.798526287 0.039531171 0.600660443 17.505390167
0.562883735 -0.010172790 0.826473475 10.033088684 0.041139808 0.999029815 -0.015722239 -0.654995561 -0.825511575 0.042850755 0.562756062 18.086023331
0.523822546 -0.008342557 0.851786554 10.878896713 0.045790229 0.998782098 -0.018377330 -0.679431498 -0.850595713 0.048629969 0.523566544 18.609634399
0.485179782 -0.007314420 0.874383807 11.772158623 0.047267940 0.998722255 -0.017873580 -0.704174280 -0.873135924 0.050002217 0.484905601 19.099754333
0.446523190 -0.009029751 0.894726515 12.677031517 0.052297138 0.998503029 -0.016022384 -0.730645180 -0.893242419 0.053945992 0.446326971 19.550559998
0.409873247 -0.009584372 0.912092090 13.607635498 0.056056190 0.998319447 -0.014699907 -0.755564332 -0.910418451 0.057153508 0.409721702 19.952033997
0.374752492 -0.007389974 0.927095413 14.535355568 0.058033213 0.998194277 -0.015501596 -0.784388244 -0.925306797 0.059611581 0.374504656 20.311302185
0.341490358 -0.008252545 0.939849019 15.493391991 0.058138750 0.998232007 -0.012359295 -0.808135867 -0.938085318 0.058862232 0.341366380 20.653957367
0.308066249 -0.009709046 0.951315343 16.489616394 0.060598563 0.998117626 -0.009437040 -0.828682721 -0.949432909 0.060555581 0.308074683 20.975343704
0.275450796 -0.009661802 0.961266637 17.490409851 0.061304722 0.998090804 -0.007534934 -0.849810123 -0.959358454 0.061005693 0.275517166 21.254997253
0.243188739 -0.006903712 0.969954431 18.492906570 0.058753971 0.998243392 -0.007625843 -0.872811437 -0.968197942 0.058843203 0.243167147 21.509813309
0.212253243 -0.005358483 0.977199912 19.525341034 0.058508627 0.998260796 -0.007234427 -0.888297856 -0.975461543 0.058710158 0.212197587 21.736829758
0.181784749 -0.005286868 0.983324111 20.560756683 0.060430638 0.998155415 -0.005805057 -0.907596588 -0.981479704 0.060478177 0.181768939 21.925697327
0.151064008 -0.005448102 0.988508999 21.634994507 0.061830323 0.998079002 -0.003948069 -0.920404911 -0.986588418 0.061716247 0.151110649 22.083913803
0.120546415 -0.006080137 0.992689073 22.717178345 0.060351383 0.998176575 -0.001214976 -0.930994093 -0.990871489 0.060056619 0.120693535 22.215991974
0.091533192 -0.006436500 0.995781243 23.806255341 0.061010830 0.998136699 0.000843550 -0.942161739 -0.993931174 0.060676236 0.091755331 22.310504913
0.064559296 -0.006105672 0.997895181 24.924623489 0.063769907 0.997962594 0.001980461 -0.944843173 -0.995874166 0.063507818 0.064817131 22.373411179
0.039918158 -0.005444659 0.999188066 26.049484253 0.068112344 0.997673988 0.002715280 -0.948626876 -0.996878743 0.067948662 0.040196151 22.397277832
0.017360952 -0.004895675 0.999837220 27.226745605 0.072522171 0.997360170 0.003624287 -0.947309494 -0.997215688 0.072447456 0.017670166 22.406082153
-0.002595274 -0.005148790 0.999983370 28.379665375 0.078128889 0.996928990 0.005335834 -0.950563967 -0.996939838 0.078141451 -0.002185035 22.395299911
-0.019996721 -0.005735833 0.999783695 29.567989349 0.082678974 0.996548831 0.007370943 -0.950833440 -0.996375620 0.082808480 -0.019453477 22.358074188
-0.035179764 -0.005582652 0.999365389 30.781595230 0.085856579 0.996270418 0.008587696 -0.947744429 -0.995686233 0.086104199 -0.034569252 22.293270111
-0.049594179 -0.006182073 0.998750448 31.983198166 0.088303931 0.996037722 0.010550124 -0.946657062 -0.994858205 0.088716805 -0.048851777 22.243890762
-0.062055923 -0.007310802 0.998045862 33.201862335 0.088518322 0.995992303 0.012799602 -0.941331625 -0.994139552 0.089139633 -0.061160084 22.144695282
-0.074003384 -0.007022626 0.997233391 34.403259277 0.088089794 0.996020496 0.013551114 -0.932739258 -0.993359745 0.088848904 -0.073090255 22.060731888
-0.085149355 -0.004477007 0.996358156 35.638381958 0.087965675 0.996051311 0.011993227 -0.930564046 -0.992477536 0.088666536 -0.084419303 21.958461761
-0.094977885 -0.000924601 0.995478928 36.867111206 0.088471726 0.996034801 0.009366136 -0.919885516 -0.991540194 0.088961318 -0.094519466 21.835554123
-0.104365319 0.001273982 0.994538188 38.134258270 0.089760222 0.995930076 0.008143537 -0.923270643 -0.990480185 0.090119869 -0.104054935 21.706724167
-0.111362770 0.002708194 0.993776143 39.416069031 0.089876287 0.995925784 0.007357502 -0.909366488 -0.989707351 0.090136260 -0.111152455 21.563909531
-0.116824649 0.003281038 0.993147075 40.732639313 0.089591123 0.995952249 0.007248363 -0.904078722 -0.989103377 0.089823939 -0.116645701 21.407104492
-0.121345669 0.005047477 0.992597461 42.050361633 0.091088034 0.995824337 0.006071683 -0.896984041 -0.988422096 0.091150522 -0.121298753 21.238805771
-0.125787809 0.006443549 0.992036223 43.397109985 0.089760169 0.995951235 0.004912395 -0.892545223 -0.987988055 0.089663245 -0.125856951 21.068447113
-0.129838958 0.007673775 0.991505384 44.760513306 0.090475403 0.995890200 0.004140169 -0.879188836 -0.987398624 0.090244427 -0.129999623 20.897554398
-0.131925717 0.006614566 0.991237402 46.131454468 0.089993604 0.995928049 0.005331556 -0.872435331 -0.987165987 0.089908406 -0.131983787 20.711286545
-0.134253174 0.004719071 0.990935802 47.555679321 0.091286451 0.995795488 0.007625384 -0.871768773 -0.986733437 0.091482751 -0.134119481 20.516256332
-0.135588124 0.003580710 0.990758836 48.978729248 0.091140844 0.995798528 0.008873956 -0.862057209 -0.986564279 0.091501802 -0.135344803 20.314907074
-0.137432873 0.004356092 0.990501463 50.441699982 0.094614692 0.995475531 0.008749900 -0.861153066 -0.985981882 0.094918534 -0.137223229 20.099088669
-0.138166144 0.003997486 0.990400970 51.873916626 0.094188273 0.995512605 0.009121640 -0.853668272 -0.985920191 0.094544441 -0.137922645 19.905410767
-0.138033509 0.005507241 0.990412235 53.339633942 0.096424259 0.995308876 0.007904158 -0.840090871 -0.985722661 0.096590802 -0.137917057 19.693881989
-0.137697697 0.005799193 0.990457237 54.832328796 0.096196465 0.995333791 0.007545905 -0.828976870 -0.985791862 0.096317552 -0.137613013 19.481851578
-0.136603341 0.007383958 0.990598440 56.344173431 0.096263766 0.995338619 0.005855463 -0.823158264 -0.985937655 0.096158586 -0.136677399 19.267267227
-0.135466903 0.007210136 0.990755677 57.885513306 0.096855827 0.995280266 0.006000123 -0.816464424 -0.986036301 0.096773274 -0.135525912 19.059919357
-0.133327141 0.006284074 0.991052032 59.445766449 0.096455999 0.995314956 0.006665207 -0.810740769 -0.986367106 0.096481562 -0.133308619 18.840953827
-0.132124335 0.006991385 0.991208434 61.027565002 0.097326845 0.995234668 0.005953519 -0.803415656 -0.986443341 0.097257808 -0.132175162 18.630985260
-0.130987495 0.007832023 0.991353214 62.616687775 0.097027987 0.995269299 0.004957345 -0.792233706 -0.986624479 0.096838340 -0.131127775 18.428852081
-0.129686743 0.007981166 0.991522908 64.222953796 0.098000161 0.995174825 0.004807419 -0.796639919 -0.986700177 0.097792864 -0.129843131 18.214117050
-0.128816932 0.007956698 0.991636395 65.860694885 0.097405955 0.995233715 0.004667799 -0.789015293 -0.986872971 0.097192578 -0.128977984 17.996555328
-0.127439767 0.006512741 0.991824865 67.512878418 0.099336334 0.995034277 0.006229929 -0.781568766 -0.986859381 0.099318199 -0.127453908 17.775665283
-0.127538949 0.004477052 0.991823435 69.206329346 0.101297855 0.994819522 0.008535349 -0.779849410 -0.986647129 0.101558179 -0.127331719 17.553127289
-0.126328081 0.005959915 0.991970599 70.896438599 0.103002213 0.994655430 0.007141350 -0.771605253 -0.986626387 0.103077322 -0.126266792 17.331245422
-0.125689015 0.007737143 0.992039621 72.580200195 0.104855433 0.994472086 0.005528817 -0.763171792 -0.986512780 0.104715653 -0.125805527 17.115081787
-0.124797612 0.007476951 0.992153943 74.279602051 0.103896052 0.994572520 0.005573338 -0.761030197 -0.986727476 0.103776440 -0.124897115 16.902835846
-0.124379158 0.007134067 0.992209136 76.029769897 0.104672588 0.994488955 0.005970858 -0.763097048 -0.986698270 0.104599766 -0.124440424 16.671253204
-0.124070011 0.006293743 0.992253423 77.767906189 0.104534082 0.994498312 0.006762810 -0.755629063 -0.986751854 0.104563355 -0.124045305 16.452278137
-0.124204308 0.006769971 0.992233574 79.485107422 0.106063865 0.994338036 0.006492371 -0.751069188 -0.986571729 0.106046520 -0.124219127 16.247428894
-0.123887673 0.007049542 0.992271185 81.257316589 0.107434556 0.994191885 0.006350302 -0.738425970 -0.986463130 0.107390948 -0.123925492 16.020978928
-0.123807341 0.008141810 0.992272854 83.014991760 0.107872799 0.994150579 0.005302232 -0.732412577 -0.986425459 0.107695706 -0.123961411 15.797206879
-0.124496847 0.008861985 0.992180407 84.823104858 0.107138626 0.994233608 0.004563221 -0.729623616 -0.986418724 0.106868938 -0.124728411 15.567930222
-0.125421077 0.009630159 0.992056847 86.620544434 0.106597662 0.994294882 0.003824756 -0.733011901 -0.986360252 0.106230661 -0.125732094 15.336607933
-0.126877770 0.009967799 0.991868198 88.420433044 0.105649926 0.994397163 0.003521310 -0.737231851 -0.986275852 0.105237573 -0.127219990 15.120714188
-0.127831772 0.009096795 0.991754174 90.237983704 0.104708567 0.994493246 0.004374452 -0.743171096 -0.986253202 0.104404353 -0.128080338 14.895857811
-0.128845960 0.008853036 0.991625130 92.068939209 0.104808696 0.994481087 0.004739692 -0.743303537 -0.986110449 0.104541615 -0.129062742 14.667883873
-0.129334643 0.007882284 0.991569698 93.908973694 0.102354944 0.994732976 0.005443165 -0.744036078 -0.986304164 0.102196053 -0.129460290 14.434436798
-0.131268233 0.008650046 0.991309166 95.746749878 0.102193937 0.994752765 0.004852333 -0.747177720 -0.986065447 0.101942740 -0.131463438 14.203677177
-0.133680046 0.009414507 0.990979850 97.611595154 0.101591907 0.994817078 0.004253464 -0.748130381 -0.985803604 0.101244137 -0.133943588 13.952664375
-0.137787014 0.010482888 0.990406394 99.486709595 0.101849630 0.994793117 0.003640177 -0.742725253 -0.985211313 0.101374090 -0.138137296 13.695108414
-0.142309785 0.009494060 0.989776731 101.365409851 0.099833205 0.994992554 0.004809896 -0.745460153 -0.984774709 0.099497072 -0.142544985 13.437755585
-0.147049651 0.008796738 0.989089966 103.263870239 0.098396778 0.995130479 0.005778345 -0.748138130 -0.984222889 0.098172970 -0.147199124 13.164811134
-0.151589870 0.009340148 0.988399327 105.159004211 0.097029760 0.995266438 0.005476324 -0.757842302 -0.983669519 0.096734308 -0.151778579 12.879428864
-0.155883834 0.011270486 0.987711191 107.088165283 0.097693406 0.995208263 0.004062268 -0.756546736 -0.982932448 0.097126104 -0.156237975 12.569154739
-0.160552397 0.012898772 0.986943007 109.026756287 0.097316645 0.995249450 0.002823794 -0.764898658 -0.982218027 0.096499346 -0.161044940 12.256553650
-0.165256396 0.013111280 0.986163497 110.979331970 0.096292041 0.995348871 0.002902742 -0.773077309 -0.981538594 0.095439382 -0.165750295 11.936738968
-0.170023009 0.012948049 0.985355020 112.933815002 0.094680399 0.995502412 0.003255711 -0.778722763 -0.980881095 0.093847357 -0.170484215 11.603528976
-0.174614146 0.012379691 0.984559178 114.910591125 0.093077324 0.995650947 0.003988351 -0.784793615 -0.980227768 0.092336543 -0.175007001 11.249126434
-0.180584490 0.011541606 0.983491778 116.841156006 0.091398977 0.995801330 0.005096221 -0.785805285 -0.979303539 0.090810433 -0.180881158 10.912319183
-0.185707986 0.011485740 0.982537806 118.824356079 0.092010416 0.995741487 0.005750663 -0.790230036 -0.978287578 0.091471657 -0.185973942 10.536056519
-0.190923259 0.012617378 0.981523812 120.764144897 0.091985643 0.995747328 0.005092568 -0.788567126 -0.977285445 0.091258384 -0.191271946 10.163032532
-0.196493492 0.013763618 0.980408430 122.732856750 0.091595143 0.995786786 0.004377992 -0.792821229 -0.976217508 0.090660900 -0.196926296 9.780008316
-0.202344924 0.013834308 0.979216576 124.728073120 0.091885753 0.995757401 0.004919239 -0.780676484 -0.974994123 0.090971425 -0.202757657 9.378208160
-0.207852080 0.013806759 0.978062749 126.717979431 0.090990789 0.995837748 0.005279141 -0.781684518 -0.973918915 0.090091981 -0.208243236 8.963497162
-0.212972850 0.014484000 0.976950765 128.701309204 0.089843780 0.995944202 0.004820134 -0.779739857 -0.972918630 0.088799521 -0.213410378 8.534265518
-0.218464240 0.015135352 0.975727558 130.720108032 0.089140385 0.996008873 0.004508465 -0.785058856 -0.971765101 0.087961659 -0.218941465 8.106727600
-0.222707674 0.014651311 0.974775195 132.712158203 0.090210207 0.995906770 0.005641474 -0.779724479 -0.970702529 0.089191064 -0.223117813 7.650323868
-0.226628006 0.014847387 0.973868132 134.728393555 0.092599161 0.995683074 0.006368686 -0.773215830 -0.969569564 0.091622688 -0.227024496 7.184534073
-0.230134845 0.015304331 0.973038375 136.740249634 0.093554512 0.995593131 0.006467648 -0.775893152 -0.968651414 0.092520557 -0.230552465 6.709976196
-0.233199194 0.016157052 0.972294748 138.749267578 0.094123915 0.995542228 0.006031704 -0.774304986 -0.967862964 0.092922784 -0.233680427 6.228946686
-0.236804843 0.016202860 0.971422136 140.792831421 0.093622625 0.995588303 0.006216565 -0.776723564 -0.967035830 0.092419207 -0.237277076 5.743488312
-0.240421399 0.016520251 0.970528126 142.807388306 0.092119969 0.995730579 0.005870926 -0.785340786 -0.966287434 0.090816520 -0.240916818 5.242870331
-0.245290488 0.017657997 0.969288826 144.841812134 0.091489561 0.995793402 0.005011719 -0.787002206 -0.965122938 0.089909136 -0.245874181 4.739986420
-0.249915585 0.016734084 0.968123138 146.876663208 0.089294292 0.995988190 0.005835091 -0.792535782 -0.964141428 0.087906137 -0.250407249 4.226245880
-0.254373997 0.016858226 0.966959000 148.913299561 0.089757606 0.995943964 0.006248617 -0.798637152 -0.962931693 0.088381417 -0.254855424 3.691505432
-0.259386837 0.017352793 0.965617597 150.969467163 0.089033559 0.996010363 0.006017465 -0.802867532 -0.961660802 0.087533228 -0.259896994 3.156494141
-0.264224678 0.017533487 0.964301765 153.030090332 0.088479191 0.996059120 0.006132937 -0.802653253 -0.960393965 0.086941123 -0.264734805 2.606475830
-0.268743455 0.016792482 0.963065326 155.078353882 0.088430934 0.996055484 0.007308941 -0.812210202 -0.959143877 0.087129004 -0.269168258 2.042873383
-0.273188114 0.016798692 0.961813927 157.140762329 0.089026026 0.995997965 0.007890697 -0.811880112 -0.957832277 0.087782115 -0.273590356 1.472869873
-0.277978003 0.017410425 0.960429549 159.235351562 0.089375645 0.995967329 0.007813437 -0.812673450 -0.956420541 0.088010997 -0.278413117 0.891891479
-0.281755447 0.018854447 0.959300995 161.306182861 0.089982361 0.995919704 0.006854477 -0.809624195 -0.955257595 0.088251464 -0.282302380 0.291297913
-0.285668463 0.020079028 0.958118141 163.373428345 0.089710467 0.995950580 0.005875821 -0.816427171 -0.954120338 0.087631762 -0.286312878 -0.314350128
-0.289488941 0.021502150 0.956939816 165.457305908 0.090529613 0.995881140 0.005009437 -0.819824457 -0.952890635 0.088081568 -0.290243149 -0.923603058
-0.293053597 0.022267420 0.955836713 167.549392700 0.090141408 0.995919108 0.004435603 -0.824083388 -0.951837242 0.087460332 -0.293864816 -1.556583405
-0.296833575 0.022363527 0.954667330 169.647323608 0.090580761 0.995877385 0.004835273 -0.832260072 -0.950623453 0.087909766 -0.297635555 -2.198581696
-0.301064670 0.022542281 0.953337252 171.742141724 0.090239748 0.995907784 0.004948901 -0.837283254 -0.949324429 0.087518834 -0.301866919 -2.843704224
-0.305594832 0.023294576 0.951876640 173.852737427 0.092137538 0.995732784 0.005212434 -0.843877852 -0.947693229 0.089296468 -0.306437135 -3.511047363
-0.308272362 0.024063375 0.950993598 175.944976807 0.094716311 0.995489061 0.005513809 -0.844903409 -0.946571171 0.091774352 -0.309160918 -4.199211121
-0.310800642 0.023458013 0.950185537 178.014938354 0.095635235 0.995393872 0.006707666 -0.851070642 -0.945651710 0.092955977 -0.311612397 -4.874225616
-0.313504875 0.023042763 0.949306965 180.099807739 0.095044345 0.995446742 0.007225297 -0.847794175 -0.944818020 0.092491426 -0.314267546 -5.562675476
-0.316377491 0.023473633 0.948342919 182.194580078 0.094311655 0.995519340 0.006822050 -0.854268074 -0.943933487 0.091598153 -0.317173779 -6.261802673
-0.318986595 0.025448967 0.947417498 184.298873901 0.093606211 0.995597839 0.004773177 -0.856257677 -0.943125367 0.090206742 -0.319964558 -6.969673157
-0.322273195 0.027644444 0.946242988 186.424224854 0.093386382 0.995626152 0.002718532 -0.859305739 -0.942029178 0.089242309 -0.323445261 -7.686702728
-0.325428993 0.028776171 0.945128441 188.547454834 0.092868388 0.995676994 0.001661457 -0.872904301 -0.940994918 0.088313229 -0.326694548 -8.415824890
-0.329200923 0.029881356 0.943786919 190.718521118 0.091065906 0.995844841 0.000234993 -0.878482878 -0.939858377 0.086024195 -0.330554098 -9.154048920
-0.332165241 0.030442938 0.942729831 192.849685669 0.092234790 0.995737374 0.000343716 -0.892283201 -0.938700616 0.087066673 -0.333557159 -9.920169830
-0.336023659 0.029158238 0.941401958 195.024444580 0.091316395 0.995820403 0.001750676 -0.906198740 -0.937416375 0.086553700 -0.337281734 -10.681903839
-0.339345276 0.028522978 0.940229356 197.184982300 0.091541320 0.995797276 0.002830177 -0.920798957 -0.936196983 0.087030247 -0.340530157 -11.463516235
-0.343037218 0.028604196 0.938886225 199.348999023 0.091431923 0.995806515 0.003067787 -0.924975932 -0.934861302 0.086896546 -0.344213992 -12.250698090
-0.346702784 0.028709436 0.937535524 201.516342163 0.090583913 0.995884240 0.003001927 -0.937727451 -0.933590770 0.085966408 -0.347876370 -13.039108276
-0.350644559 0.029377794 0.936047733 203.707519531 0.089820042 0.995955169 0.002388711 -0.951995790 -0.932191372 0.084913433 -0.351864964 -13.845237732
-0.354318589 0.029886600 0.934647202 205.906982422 0.089430988 0.995990872 0.002054551 -0.964709520 -0.930838585 0.084314376 -0.355570912 -14.657272339
-0.357096553 0.030708108 0.933562577 208.025024414 0.091256529 0.995825112 0.002150351 -0.987498283 -0.929598987 0.085961565 -0.358408004 -15.466453552
-0.359519422 0.030614721 0.932635248 210.179351807 0.092360355 0.995721519 0.002918197 -1.004050255 -0.928555429 0.087187670 -0.360808790 -16.297794342
-0.362289608 0.029868349 0.931586921 212.363265991 0.093305580 0.995627940 0.004364458 -1.016909361 -0.927383602 0.088503458 -0.363492489 -17.148426056
-0.365101814 0.031082664 0.930448532 214.557968140 0.094834939 0.995485067 0.003957320 -1.025550842 -0.926124692 0.089683846 -0.366401225 -18.005870819
-0.368102431 0.032003593 0.929234445 216.752746582 0.095077276 0.995464146 0.003378855 -1.039709091 -0.924911320 0.089592829 -0.369475543 -18.868732452
-0.370965779 0.032084621 0.928092122 218.941497803 0.094366938 0.995531917 0.003303154 -1.055274725 -0.923839450 0.088806577 -0.372336030 -19.733943939
-0.373859912 0.033558752 0.926877856 221.118835449 0.094316721 0.995540261 0.001998264 -1.072443128 -0.922677159 0.088167131 -0.375357747 -20.607429504
-0.376416415 0.034698077 0.925800562 223.308319092 0.094323345 0.995541215 0.001038565 -1.087947130 -0.921636462 0.087715544 -0.378010899 -21.495330811
-0.379025042 0.034950525 0.924726307 225.477508545 0.092244841 0.995736361 0.000174742 -1.106001735 -0.920777321 0.085367434 -0.380633086 -22.371299744
-0.382400572 0.035852090 0.923300862 227.655853271 0.092894122 0.995675981 -0.000188773 -1.125842571 -0.919315219 0.085697033 -0.384077489 -23.260185242
-0.385206282 0.035381146 0.922151923 229.815155029 0.094390608 0.995534480 0.001232665 -1.151965737 -0.917990506 0.087517336 -0.386825740 -24.161090851
-0.388036788 0.034475155 0.920998871 231.990966797 0.094654322 0.995506763 0.002615747 -1.172426939 -0.916770399 0.088191517 -0.389556468 -25.069885254
-0.391562283 0.033898834 0.919526875 234.121276855 0.093298182 0.995633543 0.003024631 -1.190093994 -0.915409446 0.086974517 -0.393015295 -25.956687927
-0.394851148 0.034279723 0.918105364 236.258850098 0.091957800 0.995760083 0.002369291 -1.207578659 -0.914131463 0.085362464 -0.396329373 -26.866519928
-0.398667961 0.033927593 0.916467547 238.455963135 0.090484254 0.995894909 0.002493121 -1.220204830 -0.912620664 0.083919816 -0.400101244 -27.806999207
-0.402598321 0.033374656 0.914768100 240.628311157 0.089774340 0.995957077 0.003173782 -1.239347696 -0.910963893 0.083400443 -0.403966844 -28.741821289
-0.406457782 0.033776235 0.913045049 242.787322998 0.089592472 0.995973885 0.003039629 -1.255298257 -0.909266233 0.083037451 -0.407847464 -29.694763184
-0.410230160 0.033799727 0.911355495 244.941329956 0.089399390 0.995990515 0.003302921 -1.272727847 -0.907589674 0.082829587 -0.411606967 -30.655494690
-0.414391994 0.032838132 0.909505785 247.111770630 0.087668516 0.996141732 0.003977658 -1.291008711 -0.905866146 0.081383355 -0.415672004 -31.617683411
-0.418446153 0.032939576 0.907644093 249.238113403 0.087072946 0.996193945 0.003989596 -1.303431749 -0.904058158 0.080700673 -0.419721663 -32.582649231
-0.422169358 0.033636007 0.905892730 251.397399902 0.087230369 0.996181428 0.003663146 -1.325269461 -0.902310312 0.080567807 -0.423491359 -33.574043274
-0.426123381 0.033738032 0.904035628 253.499786377 0.087144464 0.996188045 0.003899026 -1.351526141 -0.900458038 0.080443159 -0.427439153 -34.542831421
-0.429900497 0.033890899 0.902239978 255.643676758 0.087191299 0.996182978 0.004125332 -1.364971995 -0.898656368 0.080440931 -0.431214571 -35.548599243
-0.433830172 0.034258127 0.900343299 257.772460938 0.086184904 0.996272504 0.003619912 -1.380407691 -0.896863163 0.079166412 -0.435165644 -36.555984497
-0.437232792 0.035138112 0.898661673 259.905853271 0.086758278 0.996224046 0.003258334 -1.389494061 -0.895153880 0.079390988 -0.438630342 -37.591926575
-0.440837026 0.035573181 0.896881998 262.011993408 0.087164022 0.996188402 0.003331020 -1.396124959 -0.893344939 0.079644300 -0.442257375 -38.620704651
-0.443953425 0.037114095 0.895280838 264.139556885 0.088815004 0.996044338 0.002750461 -1.401357174 -0.891637564 0.080735445 -0.445493549 -39.678268433
-0.447460949 0.038977392 0.893453598 266.269775391 0.090837173 0.995863795 0.002048144 -1.417729497 -0.889678180 0.082075275 -0.449150652 -40.742721558
-0.450705409 0.039739516 0.891787767 268.412902832 0.092470132 0.995712578 0.002363397 -1.436204433 -0.887870431 0.083528943 -0.452447712 -41.820472717
-0.453457236 0.041952759 0.890290141 270.543273926 0.094196595 0.995553076 0.001064733 -1.440402269 -0.886286378 0.084345110 -0.455392480 -42.909347534
-0.456803799 0.044133384 0.888471961 272.667388916 0.095899381 0.995390952 -0.000138189 -1.469664216 -0.884383202 0.085140787 -0.458930731 -43.961524963
-0.459891975 0.044976480 0.886835098 274.816070557 0.096726663 0.995310843 -0.000317702 -1.481595039 -0.882690966 0.085634492 -0.462085992 -45.049575806
-0.463473618 0.045699883 0.884931386 276.977844238 0.097008690 0.995283365 -0.000591423 -1.506075621 -0.880784512 0.085571922 -0.465720862 -46.143424988
-0.466877401 0.045520931 0.883149683 279.144409180 0.095859036 0.995394707 -0.000630565 -1.516778708 -0.879111230 0.084363483 -0.469090819 -47.278831482
-0.470086396 0.047141001 0.881360710 281.304168701 0.097148865 0.995268822 -0.001417794 -1.531828880 -0.877257586 0.084956706 -0.472442180 -48.421287537
-0.473038197 0.047239531 0.879774570 283.458251953 0.096285619 0.995352328 -0.001674516 -1.547834039 -0.875764787 0.083917528 -0.475388229 -49.578208923
-0.475591153 0.047231209 0.878397584 285.611450195 0.094989225 0.995475948 -0.002096437 -1.562519193 -0.874522805 0.082441263 -0.477926075 -50.743835449
-0.477815658 0.048085563 0.877143085 287.765747070 0.096611716 0.995320261 -0.001935761 -1.575225353 -0.873131275 0.083817348 -0.480225265 -51.914161682
-0.479848832 0.048069160 0.876033366 289.958557129 0.098536812 0.995133221 -0.000630639 -1.600445747 -0.871800184 0.086018912 -0.482250094 -53.101821899
-0.482115179 0.048430979 0.874768198 292.151550293 0.099749476 0.995012581 -0.000112825 -1.615678787 -0.870410800 0.087203279 -0.484541625 -54.302482605
-0.483451813 0.047996569 0.874054015 294.314392090 0.099590607 0.995028317 0.000445411 -1.628654718 -0.869687319 0.087262928 -0.485828221 -55.499565125
-0.485947788 0.047383569 0.872702479 296.533630371 0.099131636 0.995073557 0.001171825 -1.634061694 -0.868347704 0.087081857 -0.488250971 -56.716300964
-0.488391459 0.048236080 0.871290445 298.763519287 0.100720339 0.994913816 0.001377499 -1.632386923 -0.866792500 0.088429429 -0.490765780 -57.965179443
-0.490496844 0.048444200 0.870095372 300.966552734 0.101418480 0.994842112 0.001782683 -1.640764475 -0.865521312 0.089118160 -0.492880195 -59.198783875
-0.492717147 0.048905428 0.868814230 303.189544678 0.100845315 0.994901419 0.001187963 -1.658684492 -0.864326537 0.088201158 -0.495136797 -60.449493408
-0.495128512 0.051413115 0.867297113 305.395172119 0.100743964 0.994911253 -0.001464651 -1.674078107 -0.862959087 0.086649761 -0.497788548 -61.692634583
-0.498552442 0.050414123 0.865392268 307.624176025 0.098858587 0.995100975 -0.001017973 -1.691028118 -0.861204088 0.085043944 -0.501093805 -62.969932556
-0.503244698 0.048293896 0.862793326 309.828979492 0.096182346 0.995363653 0.000386278 -1.705951095 -0.858774602 0.083179876 -0.505556643 -64.222396851
-0.508606493 0.045684002 0.859786212 312.056335449 0.093821838 0.995585740 0.002600717 -1.721541166 -0.855872035 0.081989482 -0.510647357 -65.504577637
-0.513007700 0.044094749 0.857250631 314.253173828 0.092515483 0.995702744 0.004148019 -1.731402040 -0.853383839 0.081436925 -0.514882445 -66.812347412
-0.518271983 0.044270135 0.854069233 316.529724121 0.092886761 0.995665312 0.004756497 -1.736868024 -0.850156546 0.081796899 -0.520137548 -68.150588989
-0.522665143 0.046325035 0.851278543 318.775329590 0.095973529 0.995372534 0.004759135 -1.741613746 -0.847118795 0.084187642 -0.524692476 -69.519844055
-0.526417136 0.047311421 0.848909080 321.035522461 0.096331291 0.995340109 0.004263680 -1.733433008 -0.844751596 0.084021002 -0.528521717 -70.928718567
-0.531286776 0.047130913 0.845880032 323.287902832 0.097253509 0.995243847 0.005630545 -1.750328541 -0.841591418 0.085256249 -0.533343494 -72.316482544
-0.535548985 0.046023272 0.843249142 325.509368896 0.097940154 0.995161057 0.007887552 -1.760470867 -0.838805676 0.086812109 -0.537465036 -73.730987549
-0.538850367 0.044306736 0.841235518 327.733764648 0.095860042 0.995354354 0.008978836 -1.752563238 -0.836929619 0.085479103 -0.540594518 -75.165710449
-0.542690635 0.043868504 0.838786244 329.937408447 0.094940640 0.995438814 0.009364690 -1.754483700 -0.834549665 0.084717028 -0.544380307 -76.576530457
-0.546936214 0.043490551 0.836043894 332.142852783 0.094655767 0.995458543 0.010140159 -1.755172253 -0.831805885 0.084682390 -0.548568904 -78.003509521
-0.550464749 0.043923073 0.833702087 334.339813232 0.095798410 0.995342016 0.010813407 -1.748241186 -0.829343855 0.085819751 -0.552108347 -79.444320679
-0.555290401 0.043428861 0.830521822 336.570739746 0.096072055 0.995299697 0.012188909 -1.741558075 -0.826088786 0.086558297 -0.556852698 -80.902236938
-0.558671236 0.042348657 0.828307271 338.800964355 0.094500542 0.995441973 0.012844388 -1.733847618 -0.823987782 0.085451268 -0.560126841 -82.400154114
-0.561920226 0.041709419 0.826139152 341.026824951 0.094333485 0.995443523 0.013906281 -1.719895840 -0.821794748 0.085746832 -0.563294530 -83.906631470
-0.564635336 0.041002147 0.824321389 343.230957031 0.094861992 0.995370269 0.015467411 -1.711910725 -0.819870770 0.086930215 -0.565910816 -85.402931213
-0.567536712 0.040341035 0.822359204 345.447296143 0.092636943 0.995585501 0.015093048 -1.699778080 -0.818120122 0.084746696 -0.568768382 -86.930053711
-0.571080029 0.039334714 0.819951475 347.611511230 0.088584214 0.995971441 0.013918418 -1.684667110 -0.816100776 0.080583304 -0.572263837 -88.403747559
-0.575024724 0.038758159 0.817217469 349.784118652 0.085325494 0.996271014 0.012788056 -1.672491074 -0.813674450 0.077082910 -0.576187551 -89.880302429
-0.577523351 0.035951793 0.815582037 351.940856934 0.083222039 0.996417999 0.015007270 -1.668998241 -0.812121212 0.076541469 -0.578446627 -91.404037476
-0.581501663 0.035294842 0.812779248 354.124969482 0.083960094 0.996327400 0.016803730 -1.655039787 -0.809201181 0.078012422 -0.582329392 -92.924758911
-0.584336519 0.035830632 0.810720146 356.296569824 0.083555497 0.996371627 0.016187955 -1.632390499 -0.807198405 0.077199347 -0.585210025 -94.471649170
-0.587640285 0.034451310 0.808388531 358.497436523 0.081186898 0.996561527 0.016546277 -1.617227077 -0.805038869 0.075353809 -0.588416696 -96.041305542
-0.591025293 0.030555503 0.806074142 360.686584473 0.078844562 0.996685684 0.020029062 -1.602968693 -0.802790523 0.075392231 -0.591475546 -97.613700867
-0.594473481 0.028346818 0.803615332 362.873016357 0.076421022 0.996846616 0.021369481 -1.574045658 -0.800475538 0.074116699 -0.594765127 -99.191337585
-0.597786009 0.027680861 0.801177800 365.072753906 0.075257674 0.996927798 0.021708239 -1.542345524 -0.798115373 0.073271632 -0.598032713 -100.794433594
-0.601095498 0.027571497 0.798701525 367.242797852 0.074583873 0.996978283 0.021715043 -1.514869690 -0.795689225 0.072623059 -0.601335526 -102.382797241
-0.604010761 0.027116567 0.796514869 369.443420410 0.074586116 0.996958017 0.022619477 -1.493364334 -0.793478370 0.073071346 -0.604195952 -104.020210266
-0.606865823 0.026198342 0.794372559 371.588470459 0.074093379 0.996969104 0.023724129 -1.468238831 -0.791343272 0.073255099 -0.606967568 -105.632972717
-0.610447705 0.025110958 0.791658342 373.746368408 0.071286000 0.997182965 0.023338573 -1.440079689 -0.788842022 0.070681147 -0.610518098 -107.244049072
-0.614130199 0.021177769 0.788920462 375.894653320 0.060846120 0.997934997 0.020576738 -1.414670467 -0.786855638 0.060639545 -0.614150584 -108.858367920
-0.618078589 0.023787029 0.785756230 378.043945312 0.053358834 0.998506248 0.011744674 -1.402909279 -0.784303308 0.049186181 -0.618424594 -110.488601685
-0.621115923 0.034046669 0.782978833 380.182098389 0.063465223 0.997959852 0.006950452 -1.402680159 -0.781144798 0.054008950 -0.622009516 -112.154968262
-0.622052729 0.035138175 0.782186449 382.297546387 0.070981950 0.997409582 0.011643479 -1.407126427 -0.779751122 0.062763974 -0.622935593 -113.827247620
-0.623698533 0.026303831 0.781222284 384.415374756 0.070481911 0.997254908 0.022692440 -1.383890152 -0.778480828 0.069215275 -0.623840392 -115.516128540
-0.627336800 0.015276289 0.778598249 386.550476074 0.063876279 0.997447968 0.031896606 -1.338451385 -0.776123941 0.069743864 -0.626711547 -117.185173035
-0.630906343 0.009134403 0.775805235 388.662506104 0.057875853 0.997698843 0.035319261 -1.280427933 -0.773697317 0.067183532 -0.629983187 -118.851264954
-0.633531511 0.008719973 0.773667812 390.746093750 0.056502938 0.997788012 0.035022408 -1.215197563 -0.771651030 0.065902293 -0.632622838 -120.529960632
-0.636898994 0.013955691 0.770820796 392.847106934 0.062041931 0.997521102 0.033202723 -1.164329529 -0.768446743 0.068969987 -0.636186004 -122.226562500
-0.638935685 0.020503055 0.768986821 394.886932373 0.066934258 0.997335136 0.029022943 -1.113983154 -0.766342640 0.070015348 -0.638605356 -123.912200928
-0.641387641 0.023194119 0.766866267 396.966033936 0.067424782 0.997379601 0.026226327 -1.073293686 -0.764248490 0.068527035 -0.641270757 -125.623222351
-0.644471884 0.023229064 0.764275074 399.052185059 0.067435972 0.997370243 0.026551457 -1.031125069 -0.761648417 0.068651311 -0.644343674 -127.355506897
-0.647247493 0.022587627 0.761945128 401.119812012 0.068437904 0.997246146 0.028572708 -0.991422653 -0.759201527 0.070639543 -0.647010863 -129.099411011
-0.649764478 0.022111373 0.759814024 403.161071777 0.069046482 0.997161388 0.030027546 -0.938855171 -0.756993175 0.071973301 -0.649446845 -130.828750610
-0.651468158 0.022389239 0.758345544 405.209991455 0.069475554 0.997125030 0.030245105 -0.890111923 -0.755488157 0.072390199 -0.651150763 -132.569931030
-0.653558731 0.022648420 0.756536961 407.293853760 0.069871850 0.997089386 0.030511202 -0.842176437 -0.753643751 0.072801508 -0.653238773 -134.321914673
-0.654854536 0.023517171 0.755388975 409.336364746 0.070859082 0.997023344 0.030388612 -0.791435242 -0.752425730 0.073426291 -0.654571652 -136.084320068
-0.656351388 0.022495337 0.754119992 411.373199463 0.071318984 0.996929348 0.032334439 -0.737215042 -0.751076996 0.075005829 -0.655940235 -137.830963135
-0.657757580 0.021898620 0.752911329 413.408386230 0.073509589 0.996672034 0.035230897 -0.687720299 -0.749634147 0.078519575 -0.657178342 -139.596725464
-0.658468306 0.021781800 0.752293169 415.434570312 0.075288378 0.996473372 0.037046764 -0.621956825 -0.748833179 0.081033066 -0.657786071 -141.363525391
-0.659948170 0.021903545 0.750991762 417.450225830 0.073753051 0.996635914 0.035743859 -0.556369781 -0.747682393 0.078977033 -0.659343421 -143.111846924
-0.661686003 0.021847412 0.749462605 419.458068848 0.069707967 0.997038543 0.032479372 -0.496934891 -0.746533573 0.073734671 -0.661249340 -144.856155396
-0.663036823 0.021413852 0.748280525 421.458679199 0.066968091 0.997279644 0.030799575 -0.440811157 -0.745585322 0.070532165 -0.662667215 -146.606445312
-0.663982213 0.021065583 0.747451484 423.461059570 0.066846013 0.997272909 0.031274844 -0.389110565 -0.744754374 0.070730098 -0.663579762 -148.362487793
-0.665130377 0.019185295 0.746480703 425.421783447 0.063830256 0.997471750 0.031238126 -0.339635849 -0.743994057 0.068425491 -0.664673388 -150.091674805
-0.665832996 0.017908437 0.745885849 427.433807373 0.060789499 0.997690141 0.030311048 -0.288901329 -0.743620157 0.065524116 -0.665383816 -151.872558594
-0.666426659 0.016822850 0.745380819 429.430084229 0.059243768 0.997779071 0.030449048 -0.239393234 -0.743213177 0.064451218 -0.665943265 -153.636917114
-0.666779518 0.015909664 0.745085180 431.408996582 0.060328126 0.997643292 0.032685377 -0.181327820 -0.742809236 0.066743530 -0.666167974 -155.406372070
-0.666761279 0.015084017 0.745118618 433.387542725 0.063082732 0.997349381 0.036258783 -0.119899750 -0.742596626 0.071180075 -0.665945590 -157.169128418
-0.665695131 0.014211165 0.746088505 435.384002686 0.068006374 0.996813416 0.041691616 -0.046928406 -0.743118525 0.078492671 -0.664540231 -158.946609497
-0.664319396 0.013197056 0.747332275 437.387145996 0.071214996 0.996413112 0.045708962 0.038494110 -0.744048476 0.083586618 -0.662876427 -160.715225220
-0.662621498 0.010741545 0.748877347 439.365814209 0.065466501 0.996900618 0.043626986 0.125249863 -0.746087730 0.077934556 -0.661270916 -162.447799683
-0.662433386 0.010028988 0.749053717 441.372222900 0.058259185 0.997571647 0.038165756 0.204799652 -0.746851981 0.068921529 -0.661409140 -164.177307129
-0.660772145 0.007437411 0.750549734 443.371520996 0.053398035 0.997883022 0.037122481 0.264827728 -0.748684704 0.064607382 -0.659770489 -165.919296265
-0.659032822 0.007548296 0.752076268 445.396270752 0.051705800 0.998038709 0.035292082 0.328708649 -0.750334740 0.062145345 -0.658130467 -167.647796631
-0.656047046 0.008398945 0.754673243 447.404724121 0.053799532 0.997914732 0.035662577 0.393981934 -0.752800047 0.063997388 -0.655130863 -169.390991211
-0.652950764 0.008099247 0.757357061 449.410461426 0.054156888 0.997882485 0.036019579 0.459272385 -0.755461693 0.064535111 -0.652006805 -171.109848022
-0.649835706 0.009217549 0.760018766 451.405517578 0.052087352 0.998115718 0.032430820 0.520508766 -0.758287847 0.060662076 -0.649091423 -172.814788818
-0.648739755 0.004344457 0.760998011 453.432647705 0.045511488 0.998415351 0.033098035 0.574903488 -0.759648263 0.056106161 -0.647909224 -174.507141113
-0.647528708 -0.002357076 0.762037218 455.457946777 0.036138952 0.998775005 0.033797812 0.630369186 -0.761183500 0.049424279 -0.646650374 -176.201126099
-0.647182763 -0.005814051 0.762312710 457.494628906 0.029611107 0.999024570 0.032758433 0.677278519 -0.761759579 0.043773610 -0.646379292 -177.889099121
-0.646781087 -0.006413474 0.762648582 459.530181885 0.027700419 0.999107361 0.031893924 0.730932236 -0.762172282 0.041754067 -0.646026075 -179.583816528
-0.645678222 -0.005885950 0.763586938 461.561859131 0.030078575 0.998998106 0.033134572 0.787510872 -0.763016999 0.044361867 -0.644854307 -181.281127930
-0.644365847 -0.007389002 0.764681697 463.604309082 0.031012570 0.998878121 0.035785027 0.844654083 -0.764088273 0.046773389 -0.643413842 -182.965484619
-0.643223047 -0.009205321 0.765623450 465.605865479 0.030101979 0.998850584 0.037299056 0.911113739 -0.765086770 0.047038395 -0.642206728 -184.620941162
-0.642551601 -0.009425665 0.766184449 467.649108887 0.028256686 0.998952746 0.035986345 0.975585938 -0.765721262 0.044772912 -0.641612291 -186.299270630
-0.641662776 -0.008454784 0.766940296 469.686401367 0.026954064 0.999073029 0.033565033 1.042402267 -0.766513109 0.042209599 -0.640840054 -187.973495483
-0.640465498 -0.007414039 0.767951190 471.733123779 0.027174331 0.999108374 0.032308903 1.092960358 -0.767506063 0.041561294 -0.639693022 -189.662048340
-0.639604926 -0.006838796 0.768673420 473.744323730 0.029411402 0.999010444 0.033360995 1.145153046 -0.768140972 0.043945614 -0.638770878 -191.316986084
