1.000000000 0.000000000 0.000000000 0.000000000 0.000000000 1.000000000 0.000000000 0.000000000 0.000000000 0.000000000 1.000000000 0.000000000
0.999991536 -0.002568790 -0.003242956 -0.002328737 0.002562249 0.999994695 -0.002019584 -0.005925156 0.003248128 0.002011258 0.999992669 0.683315575
0.999974251 -0.001397180 -0.007038811 -0.016112380 0.001373199 0.999993205 -0.003410619 -0.011702009 0.007043529 0.003400865 0.999969363 1.383629799
0.999941468 -0.001105654 -0.010760761 -0.032863911 0.001054115 0.999988079 -0.004793989 -0.016204488 0.010765933 0.004782366 0.999930561 2.097803116
0.999882638 0.000226376 -0.015318205 -0.054496031 -0.000313141 0.999983907 -0.005662033 -0.017759999 0.015316676 0.005666166 0.999866664 2.831977844
0.999814332 -0.000667182 -0.019262766 -0.079351351 0.000559492 0.999984205 -0.005595409 -0.029540710 0.019266192 0.005583591 0.999798894 3.579793930
0.999724507 0.000898385 -0.023453472 -0.109264970 -0.001057379 0.999976516 -0.006767587 -0.038799059 0.023446845 0.006790522 0.999701977 4.335356712
0.999603331 0.003490404 -0.027946861 -0.145119563 -0.003705504 0.999963820 -0.007648687 -0.042002920 0.027919160 0.007749210 0.999580145 5.097594738
0.999486744 0.003950752 -0.031788882 -0.183903247 -0.004124335 0.999976933 -0.005396782 -0.059397880 0.031766824 0.005525120 0.999480009 5.890523911
0.999340534 0.003392429 -0.036149979 -0.215118498 -0.003513486 0.999988437 -0.003285759 -0.060030062 0.036138423 0.003410605 0.999340892 6.697995663
0.999219775 0.003041509 -0.039377995 -0.252072036 -0.003054162 0.999995232 -0.000261171 -0.073551252 0.039377008 0.000381234 0.999224365 7.514014244
0.999127209 0.004743146 -0.041501440 -0.301008075 -0.004793459 0.999987900 -0.001112898 -0.078135744 0.041495655 0.001310863 0.999137759 8.325397491
0.999039650 0.003787994 -0.043649334 -0.341043293 -0.003828344 0.999992311 -0.000840868 -0.090114817 0.043645810 0.001007165 0.999046564 9.156249046
0.998962164 0.000946485 -0.045537721 -0.375614434 -0.001006775 0.999998569 -0.001301054 -0.097028971 0.045536432 0.001345550 0.998961687 9.999348640
0.998874366 0.000625616 -0.047430515 -0.414930135 -0.000653426 0.999999762 -0.000570825 -0.103084505 0.047430143 0.000601175 0.998874307 10.846827507
0.998789251 -0.000864203 -0.049186740 -0.457698047 0.000819273 0.999999225 -0.000933619 -0.108684242 0.049187500 0.000892191 0.998789310 11.712762833
0.998687804 0.001129619 -0.051197883 -0.505919814 -0.001274892 0.999995172 -0.002804902 -0.123044148 0.051194467 0.002866492 0.998684585 12.578678131
0.998638093 0.001835915 -0.052140176 -0.562884390 -0.002146903 0.999980211 -0.005909082 -0.126336128 0.052128308 0.006012975 0.998622298 13.448195457
0.998527527 0.005617458 -0.053954426 -0.618644238 -0.006036537 0.999952853 -0.007607459 -0.135179207 0.053909145 0.007921954 0.998514414 14.330536842
0.998462617 0.006536706 -0.055042408 -0.675010800 -0.006945358 0.999949694 -0.007236300 -0.148282617 0.054992341 0.007607464 0.998457789 15.229691505
0.998395383 0.005974281 -0.056311298 -0.730860472 -0.006290975 0.999965370 -0.005448387 -0.165414944 0.056276798 0.005793898 0.998398423 16.137899399
0.998326838 0.006423360 -0.057467882 -0.788430095 -0.006649761 0.999970794 -0.003749223 -0.177587122 0.057442125 0.004125096 0.998340309 17.040868759
0.998287499 0.005731341 -0.058217321 -0.845871687 -0.005945198 0.999976218 -0.003500908 -0.190491989 0.058195870 0.003841026 0.998297811 17.937398911
0.998194814 0.005675960 -0.059790641 -0.906868458 -0.005955630 0.999972284 -0.004500334 -0.199700326 0.059763424 0.004848302 0.998200715 18.852561951
0.998156190 0.004766792 -0.060510449 -0.966037571 -0.005117755 0.999970973 -0.005646382 -0.208615214 0.060481779 0.005945648 0.998151600 19.770277023
0.998097539 0.004223331 -0.061509594 -1.018376827 -0.004429377 0.999985039 -0.003213845 -0.225846544 0.061495095 0.003480181 0.998101234 20.697650909
0.998111248 0.006151669 -0.061122321 -1.085921049 -0.006168997 0.999980986 -0.000094813 -0.234283939 0.061120570 0.000471697 0.998130262 21.626300812
0.998192132 0.006596088 -0.059743196 -1.153436422 -0.006389173 0.999972939 0.003653793 -0.242322966 0.059765678 -0.003265477 0.998207092 22.555564880
0.998297989 0.005662221 -0.058043856 -1.209976792 -0.005278456 0.999963224 0.006762843 -0.251627415 0.058080021 -0.006444951 0.998291135 23.502912521
0.998375475 0.005920735 -0.056669090 -1.264213920 -0.005511490 0.999957621 0.007375214 -0.252630770 0.056710355 -0.007050902 0.998365760 24.456642151
0.998475432 0.006266272 -0.054843668 -1.324542761 -0.006028146 0.999971688 0.004506251 -0.258281559 0.054870352 -0.004168775 0.998484790 25.410881042
0.998519778 0.007233148 -0.053907134 -1.381855726 -0.007251236 0.999973714 -0.000139941 -0.268318236 0.053904705 0.000530627 0.998545945 26.368875504
0.998615146 0.006352603 -0.052224785 -1.439646006 -0.006510437 0.999974728 -0.002852642 -0.278087050 0.052205335 0.003188698 0.998631299 27.320575714
0.998663604 0.003910626 -0.051533844 -1.488806725 -0.004028082 0.999989510 -0.002175526 -0.283450991 0.051524788 0.002380201 0.998669028 28.288061142
0.998658895 0.002609348 -0.051707290 -1.539904594 -0.002462655 0.999992788 0.002900502 -0.295180142 0.051714487 -0.002769276 0.998658001 29.270660400
0.998636365 -0.001550200 -0.052180897 -1.594707012 0.001886813 0.999977648 0.006402242 -0.303758621 0.052169818 -0.006491967 0.998617053 30.253190994
0.998542190 -0.008973757 -0.053228270 -1.637457371 0.009289539 0.999940693 0.005688150 -0.309753239 0.053174071 -0.006174323 0.998566091 31.231470108
0.998425126 -0.011417737 -0.054929040 -1.681762576 0.011550382 0.999931097 0.002097941 -0.317597032 0.054901309 -0.002729088 0.998488069 32.211372375
0.998357356 -0.011104272 -0.056207612 -1.740522385 0.011025812 0.999937773 -0.001705819 -0.325654328 0.056223053 0.001083282 0.998417556 33.188659668
0.998271167 -0.009696132 -0.057971172 -1.806834579 0.009559125 0.999950826 -0.002640175 -0.333867341 0.057993919 0.002081456 0.998314679 34.177753448
0.998245180 -0.009646688 -0.058425389 -1.868166447 0.009599111 0.999953330 -0.001094911 -0.347372651 0.058433235 0.000532158 0.998291194 35.164768219
0.998205066 -0.006478564 -0.059537601 -1.931337595 0.006573863 0.999977410 0.001404945 -0.353461951 0.059527155 -0.001793815 0.998225093 36.172630310
0.998147309 -0.006838107 -0.060460541 -1.999048114 0.007042299 0.999970198 0.003164847 -0.370936036 0.060437109 -0.003584764 0.998165488 37.161258698
0.998092055 -0.005327714 -0.061511800 -2.062918186 0.005672503 0.999969184 0.005431976 -0.375541300 0.061480958 -0.005770538 0.998091578 38.172302246
0.998062551 -0.005446141 -0.061979514 -2.121515274 0.005978426 0.999946713 0.008405872 -0.379759789 0.061930437 -0.008760123 0.998042047 39.185344696
0.998045325 -0.000012411 -0.062494013 -2.188655138 0.000719838 0.999935925 0.011297406 -0.390126735 0.062489875 -0.011320305 0.997981310 40.177627563
0.998021007 0.000141577 -0.062883519 -2.251131058 0.000538725 0.999941528 0.010801360 -0.398502320 0.062881358 -0.010813857 0.997962415 41.179317474
0.998007238 0.000048066 -0.063101798 -2.309200525 0.000518293 0.999959648 0.008958926 -0.395918518 0.063099660 -0.008973778 0.997966886 42.179080963
0.998030901 0.002283702 -0.062681369 -2.385301590 -0.001863356 0.999975324 0.006763716 -0.401627272 0.062695250 -0.006633601 0.998010695 43.165569305
0.997948050 0.002080728 -0.063993677 -2.443441153 -0.001642439 0.999974847 0.006900801 -0.410830915 0.064006433 -0.006781537 0.997926474 44.161437988
0.997859895 -0.000045117 -0.065390505 -2.501655579 0.000583290 0.999966145 0.008211080 -0.418475449 0.065387905 -0.008231648 0.997825980 45.151973724
0.997797430 0.000318012 -0.066332713 -2.568411827 0.000278778 0.999959588 0.008987471 -0.417581767 0.066332869 -0.008986168 0.997757018 46.141666412
0.997781277 0.002942141 -0.066512436 -2.637920141 -0.002600908 0.999983013 0.005216379 -0.425582469 0.066526651 -0.005031812 0.997771978 47.115139008
0.997724593 0.003303761 -0.067340247 -2.707468987 -0.003231259 0.999994099 0.001185543 -0.432184458 0.067343771 -0.000965252 0.997729301 48.095657349
0.997654676 0.004124788 -0.068321586 -2.773011208 -0.004138574 0.999991357 -0.000060229 -0.438810885 0.068320736 0.000342841 0.997663260 49.078544617
0.997670233 0.002948678 -0.068157122 -2.843919754 -0.002715338 0.999990046 0.003515939 -0.451800615 0.068166845 -0.003322677 0.997668326 50.060848236
0.997645319 0.001189512 -0.068574123 -2.910924435 -0.000724056 0.999976516 0.006812081 -0.463860840 0.068580598 -0.006746391 0.997622788 51.040023804
0.997647405 -0.000855190 -0.068547510 -2.978372097 0.001388516 0.999969065 0.007733116 -0.476581782 0.068538792 -0.007810104 0.997617900 52.013431549
0.997635722 -0.004263338 -0.068591893 -3.042309284 0.004717860 0.999967992 0.006465842 -0.482454956 0.068562113 -0.006774161 0.997623861 52.968875885
0.997580469 -0.007004224 -0.069167905 -3.106468201 0.007401316 0.999957561 0.005486396 -0.492665410 0.069126539 -0.005985055 0.997589946 53.937259674
0.997511685 -0.008236174 -0.070017405 -3.177439213 0.008704378 0.999941647 0.006384495 -0.498012304 0.069960751 -0.006978068 0.997525334 54.893329620
0.997416317 -0.011673772 -0.070885085 -3.247501612 0.012474180 0.999863148 0.010859455 -0.507485390 0.070748627 -0.011715628 0.997425377 55.852867126
0.997339904 -0.012618773 -0.071790501 -3.313092232 0.013786889 0.999780059 0.015798980 -0.506558359 0.071575373 -0.016746720 0.997294605 56.813484192
0.997357309 -0.011078787 -0.071803123 -3.391825676 0.012384625 0.999765456 0.017766777 -0.503622055 0.071589448 -0.018609080 0.997260571 57.763397217
0.997244358 -0.010352499 -0.073460028 -3.459932804 0.011421012 0.999834716 0.014140366 -0.506737411 0.073301494 -0.014940389 0.997197926 58.701328278
0.997179210 -0.008366640 -0.074589908 -3.536119223 0.008860067 0.999940991 0.006286727 -0.507873058 0.074532911 -0.006929865 0.997194469 59.629940033
0.997162104 -0.006476786 -0.075004265 -3.616198301 0.006602636 0.999977171 0.001430063 -0.513851285 0.074993283 -0.001921231 0.997182190 60.551261902
0.997108877 -0.002128362 -0.075956330 -3.694757462 0.002324637 0.999994099 0.002495729 -0.523929775 0.075950570 -0.002665084 0.997108042 61.461864471
0.997029662 0.000784652 -0.077014811 -3.766588688 -0.000436071 0.999989510 0.004542872 -0.531074226 0.077017576 -0.004495794 0.997019589 62.368362427
0.996936917 0.003442152 -0.078134090 -3.837982178 -0.002976394 0.999977112 0.006076683 -0.544632912 0.078153223 -0.005825510 0.996924341 63.244483948
0.996842504 0.004410650 -0.079281852 -3.910775900 -0.003939859 0.999973595 0.006093633 -0.554633856 0.079306662 -0.005762033 0.996833622 64.112854004
0.996720791 0.005888542 -0.080703110 -3.985868454 -0.005325905 0.999960005 0.007185180 -0.564380884 0.080742195 -0.006731802 0.996712208 64.966522217
0.996607482 0.006627681 -0.082034424 -4.053655148 -0.006007164 0.999951482 0.007808605 -0.574960709 0.082082182 -0.007289318 0.996598899 65.793479919
0.996494234 0.006235245 -0.083429076 -4.129855633 -0.005585630 0.999952257 0.008017584 -0.579308093 0.083475091 -0.007523472 0.996481478 66.632308960
0.996404409 0.006412578 -0.084480628 -4.203763485 -0.005659994 0.999942183 0.009144853 -0.587370932 0.084534384 -0.008633813 0.996383071 67.444664001
0.996285677 0.009297254 -0.085605286 -4.283210754 -0.008313644 0.999895275 0.011839433 -0.592077434 0.085706390 -0.011083770 0.996258795 68.250877380
0.996151447 0.010610746 -0.087003164 -4.353583336 -0.009225647 0.999824464 0.016306764 -0.599539161 0.087160915 -0.015441348 0.996074557 69.033195496
0.995972157 0.013905256 -0.088577330 -4.431261539 -0.012355966 0.999761283 0.018015169 -0.599420190 0.088806696 -0.016848149 0.995906293 69.810531616
0.995827317 0.016690897 -0.089717329 -4.508078575 -0.015514846 0.999784529 0.013789843 -0.603965461 0.089928158 -0.012340353 0.995871782 70.556274414
0.995683074 0.016673965 -0.091308460 -4.573796272 -0.016165858 0.999849319 0.006301580 -0.608726382 0.091399789 -0.004798296 0.995802701 71.284370422
0.995547593 0.015767256 -0.092932127 -4.636899948 -0.015793154 0.999875188 0.000456784 -0.611090899 0.092927746 0.001012942 0.995672345 71.987258911
0.995507956 0.016684081 -0.093196303 -4.705419540 -0.016801096 0.999858677 -0.000471036 -0.621351421 0.093175270 0.002034720 0.995647788 72.675682068
0.995402098 0.019043930 -0.093872242 -4.777425766 -0.018842122 0.999817848 0.003035772 -0.628172994 0.093912967 -0.001253061 0.995579541 73.347030640
0.995318651 0.019696703 -0.094619177 -4.851143360 -0.019273171 0.999799728 0.005388045 -0.644362569 0.094706357 -0.003539210 0.995498955 73.998916626
0.995292842 0.016501846 -0.095497787 -4.912709236 -0.016374612 0.999863684 0.002115883 -0.656437159 0.095519714 -0.000542184 0.995427310 74.623847961
0.995378852 0.008409972 -0.095655911 -4.957642555 -0.008735780 0.999957383 -0.002987771 -0.669678390 0.095626704 0.003809593 0.995409906 75.230865479
0.995548368 0.004553977 -0.094142079 -5.020612240 -0.005339308 0.999953032 -0.008091773 -0.672762036 0.094100825 0.008558406 0.995525897 75.831108093
0.995812893 0.006675889 -0.091169827 -5.072199821 -0.007462633 0.999937773 -0.008291273 -0.682981133 0.091108792 0.008936925 0.995800853 76.410026550
0.996129036 0.011614765 -0.087132193 -5.127016068 -0.012080764 0.999915421 -0.004822739 -0.701560974 0.087068811 0.005856693 0.996185005 76.987091064
0.996528983 0.009827012 -0.082664788 -5.166698933 -0.010054786 0.999946713 -0.002339500 -0.701790035 0.082637385 0.003162555 0.996574581 77.540824890
0.997029185 0.006694015 -0.076732293 -5.204030991 -0.006566373 0.999976754 0.001915646 -0.713938594 0.076743320 -0.001406102 0.997049809 78.080253601
0.997671187 0.002028014 -0.068177283 -5.233001709 -0.001640499 0.999982178 0.005739441 -0.729969800 0.068187691 -0.005614231 0.997656703 78.609107971
0.998335958 0.005696465 -0.057382379 -5.261366367 -0.005394628 0.999970794 0.005413618 -0.735757113 0.057411533 -0.005095054 0.998337507 79.126548767
0.999063373 0.010911390 -0.041875903 -5.289167881 -0.010713182 0.999930263 0.004954655 -0.742586613 0.041927047 -0.004501390 0.999110460 79.627571106
0.999594450 0.015947722 -0.023592522 -5.300098896 -0.015820883 0.999859333 0.005553287 -0.747777164 0.023677770 -0.005177781 0.999706149 80.114700317
0.999897122 0.014292326 -0.001222473 -5.288789272 -0.014284575 0.999879181 0.006131484 -0.752330661 0.001309958 -0.006113390 0.999980450 80.595809937
0.999627769 0.010951773 0.024984621 -5.256616592 -0.011127339 0.999914229 0.006898676 -0.755210996 -0.024906922 -0.007174121 0.999663949 81.062576294
0.998452187 0.010095494 0.054693401 -5.213895321 -0.010571793 0.999908626 0.008426250 -0.759743750 -0.054603335 -0.008991416 0.998467565 81.514106750
0.996105254 0.009191753 0.087692000 -5.147337914 -0.010111682 0.999898374 0.010052011 -0.767723262 -0.087590657 -0.010899574 0.996096909 81.974037170
0.992099345 0.009564927 0.125089049 -5.066145897 -0.010883931 0.999892116 0.009865350 -0.764475703 -0.124981187 -0.011148871 0.992096484 82.410133362
0.985965014 0.009492351 0.166681901 -4.968378067 -0.011302149 0.999886990 0.009912551 -0.770003617 -0.166568980 -0.011657295 0.985960901 82.836761475
0.977225363 0.009128087 0.212007627 -4.857271194 -0.011554868 0.999881029 0.010210515 -0.779829085 -0.211889252 -0.012427695 0.977214694 83.247894287
0.965528369 0.011486633 0.260044247 -4.710535049 -0.014013370 0.999870896 0.007864651 -0.784157395 -0.259920329 -0.011237638 0.965564668 83.642303467
0.949774683 0.012244923 0.312694907 -4.550777435 -0.014485573 0.999883354 0.004843489 -0.790660441 -0.312599123 -0.009129788 0.949841261 84.017944336
0.929517150 0.012493677 0.368567258 -4.373458862 -0.014652581 0.999887884 0.003059277 -0.800310016 -0.368487746 -0.008244111 0.929596066 84.385391235
0.905120432 0.013054029 0.424954772 -4.170703888 -0.015007420 0.999886513 0.001249482 -0.806691647 -0.424890250 -0.007508406 0.905213714 84.722183228
0.875685990 0.013620571 0.482688814 -3.956203461 -0.014825705 0.999889135 -0.001318447 -0.806227624 -0.482653290 -0.006001655 0.875790954 85.035194397
0.842090309 0.011698741 0.539209604 -3.717979431 -0.012009046 0.999923587 -0.002939763 -0.818825662 -0.539202809 -0.003999847 0.842166483 85.325027466
0.805171192 0.011685224 0.592927337 -3.455974579 -0.010892758 0.999928594 -0.004914354 -0.821705222 -0.592942417 -0.002501717 0.805240989 85.601768494
0.764636934 0.009893154 0.644385338 -3.190032959 -0.010604955 0.999939859 -0.002767939 -0.842640638 -0.644374013 -0.004717209 0.764695942 85.864326477
0.721299827 0.009869047 0.692552686 -2.901966095 -0.012438934 0.999921799 -0.001293871 -0.843692660 -0.692511261 -0.007681347 0.721366167 86.112945557
0.675689161 0.008750406 0.737134576 -2.597221375 -0.011719303 0.999930680 -0.001127598 -0.850526989 -0.737093329 -0.007876800 0.675744891 86.337173462
0.628862083 0.007362663 0.777482033 -2.275508881 -0.008113784 0.999962866 -0.002906740 -0.854002416 -0.777474523 -0.004480381 0.628898442 86.539215088
0.581672609 0.004731577 0.813409269 -1.943950653 -0.002667542 0.999988794 -0.003909335 -0.862109542 -0.813418627 0.000104150 0.581678689 86.718368530
0.535481393 0.006751460 0.844520092 -1.604907990 -0.004585730 0.999976695 -0.005086591 -0.869958162 -0.844534755 -0.001148966 0.535499752 86.875328064
0.487857759 0.009753472 0.872868598 -1.265689850 -0.008373744 0.999943852 -0.006493220 -0.877126753 -0.872882962 -0.004141409 0.487912178 87.031585693
0.442335337 0.011912598 0.896770597 -0.921504974 -0.009097214 0.999919951 -0.008795587 -0.885054231 -0.896803498 -0.004267516 0.442408323 87.162307739
0.399588257 0.009318456 0.916647375 -0.563846588 -0.001833664 0.999954462 -0.009366000 -0.891559720 -0.916692913 0.002061721 0.399587154 87.275566101
0.360134900 0.001827050 0.932898462 -0.196451187 0.013253891 0.999887049 -0.007074760 -0.894844651 -0.932806075 0.014912403 0.360070050 87.363128662
0.324522465 -0.001699259 0.945876479 0.175559998 0.017185235 0.999843776 -0.004099900 -0.897283018 -0.945721865 0.017585613 0.324500948 87.454826355
0.291076630 0.002229040 0.956697166 0.546705246 0.014655859 0.999869406 -0.006788698 -0.905824006 -0.956587493 0.015997248 0.291005999 87.550308228
0.259849787 0.009743162 0.965599895 0.921369553 0.003424286 0.999933660 -0.011011099 -0.919929028 -0.965642989 0.006167722 0.259799153 87.652153015
0.230865851 0.014000792 0.972884774 1.310886383 -0.001718174 0.999900758 -0.013981855 -0.937446952 -0.972984076 0.001556348 0.230866984 87.742530823
0.204952881 0.015945083 0.978641868 1.706731796 0.000048934 0.999867141 -0.016301151 -0.948752403 -0.978771865 0.003388857 0.204924881 87.809341431
0.181547806 0.017305965 0.983229756 2.112716675 0.007380742 0.999792993 -0.018960305 -0.956192970 -0.983354568 0.010699169 0.181382462 87.855957031
0.161213666 0.023335284 0.986643612 2.524196625 0.014502848 0.999556482 -0.026010396 -0.958531380 -0.986812949 0.018502373 0.160803735 87.898475647
0.141449392 0.030075425 0.989488542 2.947464943 0.016459268 0.999328911 -0.032727391 -0.958001018 -0.989808798 0.020915521 0.140859380 87.942489624
0.123733453 0.030991390 0.991831422 3.393548965 0.014421863 0.999350369 -0.033025499 -0.969097018 -0.992210686 0.018390419 0.123206116 87.994239807
0.108223811 0.026570486 0.993771434 3.851438522 0.012326760 0.999530017 -0.028066866 -0.992023349 -0.994050145 0.015287487 0.107845426 88.036460876
0.093608603 0.023083018 0.995341599 4.320963860 0.011999773 0.999632359 -0.024311071 -1.014846325 -0.995536685 0.014219594 0.093297206 88.070610046
0.080483556 0.021001564 0.996534586 4.805917740 0.014285773 0.999651015 -0.022221001 -1.025692463 -0.996653557 0.016024694 0.080155432 88.098434448
0.069452368 0.020335609 0.997377992 5.308248520 0.018138800 0.999601185 -0.021644037 -1.037012577 -0.997420490 0.019594472 0.069055796 88.115821838
0.058491036 0.020775514 0.998071671 5.823714733 0.021463668 0.999526143 -0.022063639 -1.053797126 -0.998057187 0.022712804 0.058017395 88.146232605
0.050722219 0.021472123 0.998481929 6.361733913 0.023358990 0.999469995 -0.022679990 -1.067281842 -0.998439610 0.024473913 0.050193768 88.167839050
0.045042630 0.022081921 0.998740971 6.915866375 0.025214214 0.999412179 -0.023233902 -1.080324888 -0.998666823 0.026228989 0.044459369 88.188072205
0.039727584 0.023241863 0.998940229 7.487869263 0.026875786 0.999342918 -0.024320079 -1.093766212 -0.998848975 0.027813479 0.039076839 88.202491760
0.033783112 0.023214625 0.999159455 8.073106766 0.027560214 0.999328494 -0.024150398 -1.117712736 -0.999049127 0.028352929 0.033120617 88.222061157
0.029488960 0.023683039 0.999284506 8.677361488 0.030228131 0.999240816 -0.024574043 -1.129873276 -0.999107957 0.030931171 0.028750680 88.233619690
0.026531192 0.023476144 0.999372423 9.293555260 0.031456497 0.999209523 -0.024307428 -1.148768902 -0.999152958 0.032081656 0.025771745 88.247024536
0.023471344 0.023036849 0.999458969 9.936567307 0.032332785 0.999193966 -0.023790047 -1.166834831 -0.999201536 0.032873679 0.022707578 88.259620667
0.020941138 0.022401147 0.999529719 10.583735466 0.034432299 0.999139726 -0.023113802 -1.184927583 -0.999187529 0.034900121 0.020151801 88.275947571
0.020133853 0.022101946 0.999552906 11.253030777 0.038831070 0.998983920 -0.022871535 -1.203366637 -0.999042928 0.039274197 0.019255154 88.284423828
0.021221051 0.022005904 0.999532580 11.937329292 0.042346939 0.998840868 -0.022889737 -1.220539570 -0.998877585 0.042812891 0.020264572 88.294776917
0.023347802 0.021934992 0.999486744 12.641317368 0.044210166 0.998758495 -0.022951748 -1.240366697 -0.998749316 0.044723347 0.022349065 88.316642761
0.027374353 0.022361448 0.999375105 13.373293877 0.046215031 0.998652458 -0.023611180 -1.253989458 -0.998556376 0.046832494 0.026304035 88.334045410
0.031543426 0.021649713 0.999267876 14.123125076 0.046979349 0.998628438 -0.023118827 -1.276351929 -0.998397708 0.047674209 0.030483071 88.361267090
0.036035512 0.020176457 0.999146819 14.893001556 0.048330411 0.998591125 -0.021908334 -1.294782281 -0.998181164 0.049078654 0.035009615 88.384513855
0.039780766 0.018778743 0.999031961 15.672264099 0.047978960 0.998634219 -0.020681756 -1.313368559 -0.998055875 0.048755251 0.038825449 88.420791626
0.044050809 0.016373625 0.998895109 16.472644806 0.045207359 0.998808801 -0.018365838 -1.339272261 -0.998005927 0.045966439 0.043258127 88.458152771
0.047953285 0.015437561 0.998730421 17.279594421 0.044244651 0.998866320 -0.017564036 -1.357460976 -0.997869194 0.045030735 0.047215890 88.509445190
0.052229591 0.016306451 0.998501956 18.087783813 0.041713357 0.998958409 -0.018495845 -1.378523827 -0.997763515 0.042616900 0.051494993 88.552482605
0.055269804 0.020642580 0.998258054 18.898658752 0.039238971 0.998969018 -0.022829795 -1.403059602 -0.997700274 0.040432412 0.054402821 88.601821899
0.056639615 0.026083410 0.998053908 19.720476151 0.033421315 0.999048889 -0.028006069 -1.427536726 -0.997835159 0.034942526 0.055714011 88.654335022
0.056329001 0.029244881 0.997983873 20.546798706 0.030429788 0.999056280 -0.030993853 -1.453873277 -0.997948408 0.032114282 0.055385917 88.708892822
0.056371886 0.028673036 0.997998059 21.375078201 0.028033454 0.999147892 -0.030289542 -1.487339735 -0.998016119 0.029684810 0.055520047 88.764572144
0.056276806 0.026637608 0.998059809 22.192850113 0.025413195 0.999281943 -0.028103180 -1.526241064 -0.998091638 0.026945448 0.055559445 88.816024780
0.056067020 0.025621720 0.998098195 23.022224426 0.026218493 0.999288142 -0.027125057 -1.556374550 -0.998082697 0.027689451 0.055355348 88.864784241
0.056674659 0.024648400 0.998088539 23.850883484 0.024053818 0.999371290 -0.026045939 -1.592529774 -0.998102903 0.025483985 0.056046147 88.913414001
0.056730755 0.025261248 0.998069882 24.677595139 0.022150096 0.999401867 -0.026553987 -1.624594331 -0.998143792 0.023613773 0.056137286 88.966789246
0.056479514 0.025745796 0.998071671 25.498338699 0.019041711 0.999457836 -0.026859093 -1.659033179 -0.998222172 0.020521991 0.055958644 89.021591187
0.054835983 0.027079636 0.998128116 26.320640564 0.016458167 0.999471843 -0.028020285 -1.690297484 -0.998359740 0.017963883 0.054361332 89.075241089
0.052098762 0.026578128 0.998288214 27.141948700 0.013193624 0.999540210 -0.027300011 -1.724833012 -0.998554766 0.014593336 0.051724155 89.123382568
0.048462447 0.025382482 0.998502433 27.956569672 0.010927515 0.999603748 -0.025940845 -1.754961729 -0.998765230 0.012168305 0.048165876 89.163658142
0.043606166 0.023200367 0.998779297 28.775485992 0.008929366 0.999681354 -0.023611171 -1.784887314 -0.999008894 0.009948060 0.043385103 89.202484131
0.037715312 0.021079976 0.999066174 29.589466095 0.007137021 0.999746323 -0.021363754 -1.815244675 -0.999263048 0.007936094 0.037555296 89.230308533
0.029930770 0.021670833 0.999317169 30.405136108 0.006908505 0.999736607 -0.021886852 -1.842114925 -0.999528110 0.007558877 0.029773172 89.259483337
0.021341152 0.022215454 0.999525547 31.205648422 0.006868557 0.999726236 -0.022366572 -1.876098871 -0.999748647 0.007342625 0.021182720 89.270645142
0.011086810 0.023153493 0.999670446 32.025760651 0.007431407 0.999702394 -0.023236655 -1.897278428 -0.999910951 0.007686577 0.010911450 89.282272339
0.000631054 0.021870518 0.999760628 32.834018707 0.008812703 0.999721885 -0.021875232 -1.929108500 -0.999960959 0.008824398 0.000438140 89.281852722
-0.009874184 0.021044204 0.999729931 33.638294220 0.007835934 0.999749482 -0.020967225 -1.957373857 -0.999920547 0.007626782 -0.010036614 89.270378113
-0.021030966 0.020451443 0.999569654 34.436042786 0.009181377 0.999752462 -0.020262012 -1.981677175 -0.999736667 0.008751296 -0.021213535 89.253211975
-0.032212026 0.020438265 0.999271989 35.228130341 0.008904234 0.999757111 -0.020161156 -2.013437986 -0.999441326 0.008248324 -0.032386199 89.228576660
-0.043277968 0.021403490 0.998833776 36.006523132 0.009305644 0.999735773 -0.021019619 -2.037299871 -0.999019742 0.008385105 -0.043465715 89.194427490
-0.053493094 0.022406418 0.998316824 36.790542603 0.008999554 0.999718368 -0.021955652 -2.065497160 -0.998527586 0.007809930 -0.053679675 89.149032593
-0.063885979 0.023660388 0.997676671 37.556816101 0.010163714 0.999682486 -0.023057126 -2.092822313 -0.997905433 0.008667076 -0.064106166 89.092147827
-0.073542997 0.024160653 0.996999323 38.309436798 0.009553307 0.999677718 -0.023520866 -2.118070126 -0.997246206 0.007794846 -0.073750116 89.036361694
-0.083818525 0.024563083 0.996178269 39.074836731 0.010276876 0.999664307 -0.023784343 -2.148998260 -0.996427953 0.008244031 -0.084042832 88.988227844
-0.092858508 0.025205921 0.995360196 39.819221497 0.011309033 0.999641657 -0.024259310 -2.173530102 -0.995615065 0.009003878 -0.093110278 88.911125183
-0.102201201 0.024800889 0.994454563 40.562370300 0.011912846 0.999647915 -0.023706116 -2.200332165 -0.994692564 0.009423990 -0.102460660 88.847724915
-0.109209843 0.023471599 0.993741572 41.283424377 0.013867741 0.999659777 -0.022087352 -2.230021477 -0.993921995 0.011368793 -0.109498195 88.760215759
-0.114475839 0.021986499 0.993182719 42.010833740 0.016676940 0.999656737 -0.020207610 -2.254660368 -0.993285954 0.014249968 -0.114803202 88.672859192
-0.118095011 0.020348715 0.992793798 42.726272583 0.019545496 0.999643981 -0.018164134 -2.281610012 -0.992809951 0.017259557 -0.118450694 88.584609985
-0.120983154 0.019609310 0.992460847 43.428482056 0.021432590 0.999623418 -0.017138153 -2.302598476 -0.992423177 0.019197583 -0.121357866 88.498344421
-0.123095237 0.018781140 0.992217124 44.112705231 0.021303600 0.999640524 -0.016278708 -2.323792934 -0.992166162 0.019133961 -0.123451091 88.421020508
-0.123771280 0.019487021 0.992119431 44.782661438 0.022162020 0.999612033 -0.016869375 -2.342820644 -0.992063284 0.019899430 -0.124155119 88.338706970
-0.122609153 0.020398518 0.992245376 45.430690765 0.023564592 0.999566734 -0.017637210 -2.363453865 -0.992175162 0.021219376 -0.123036720 88.255241394
-0.119384848 0.022088759 0.992602229 46.064140320 0.024396377 0.999515891 -0.019308347 -2.385453701 -0.992548287 0.021910779 -0.119865946 88.175750732
-0.114207022 0.022567615 0.993200600 46.671924591 0.024360839 0.999505103 -0.019909637 -2.408911467 -0.993158162 0.021921376 -0.114700243 88.107711792
-0.106170505 0.023460934 0.994071126 47.261131287 0.023930572 0.999492288 -0.021033011 -2.431143761 -0.994059920 0.021555604 -0.106678024 88.048980713
-0.095258154 0.023323279 0.995179474 47.834747314 0.022887528 0.999512434 -0.021234049 -2.453490973 -0.995189369 0.020754473 -0.095745571 88.005027771
-0.081787646 0.023416804 0.996374667 48.390792847 0.021597991 0.999530792 -0.021718100 -2.478653669 -0.996415734 0.019743422 -0.082255028 87.970382690
-0.064197332 0.024454283 0.997637689 48.933124542 0.020974666 0.999511957 -0.023150524 -2.505477905 -0.997716784 0.019438913 -0.064678907 87.941993713
-0.042624243 0.027194664 0.998721004 49.447105408 0.019130122 0.999468565 -0.026398558 -2.526608944 -0.998907924 0.017980440 -0.043121818 87.923156738
-0.018404106 0.030001618 0.999380410 49.952018738 0.017093735 0.999413073 -0.029687813 -2.555789471 -0.999684513 0.016536767 -0.018906143 87.935279846
0.010028338 0.031972483 0.999438465 50.475696564 0.015513916 0.999363422 -0.032125741 -2.574287415 -0.999829292 0.015827373 0.009525939 87.958068848
0.042442441 0.031170130 0.998612583 50.989433289 0.013213114 0.999408305 -0.031756539 -2.599177837 -0.999011457 0.014542608 0.042005468 88.008842468
0.080785334 0.029031776 0.996308625 51.508308411 0.011944186 0.999475896 -0.030092554 -2.619585037 -0.996659875 0.014331131 0.080396228 88.068031311
0.123008318 0.025098560 0.992088139 52.023002625 0.009829596 0.999600291 -0.026507374 -2.642761230 -0.992356956 0.013012451 0.122712433 88.155471802
0.168276593 0.020846104 0.985519290 52.516735077 0.007304236 0.999722540 -0.022393726 -2.662810326 -0.985712767 0.010966807 0.168077663 88.266662598
0.216713265 0.017538501 0.976077676 53.005233765 0.002460098 0.999825597 -0.018511416 -2.681205750 -0.976232350 0.006412917 0.216632321 88.404907227
0.268471360 0.015550981 0.963162124 53.464981079 -0.000927567 0.999873400 -0.015885163 -2.705803633 -0.963287234 0.003371314 0.268451780 88.562728882
0.322751611 0.015774233 0.946352243 53.935592651 -0.002040989 0.999870300 -0.015970221 -2.713855267 -0.946481407 0.003222921 0.322742015 88.762451172
0.381063133 0.015725886 0.924415290 54.382408142 0.000340768 0.999852896 -0.017149681 -2.736687183 -0.924548864 0.006850122 0.381001681 88.975364685
0.441786945 0.019338140 0.896911561 54.806999207 0.001209313 0.999753892 -0.022151170 -2.748072624 -0.897119164 0.010870744 0.441654831 89.210540771
0.502467513 0.023056792 0.864288628 55.196502686 0.002503353 0.999601364 -0.028121922 -2.759865999 -0.864592493 0.016293973 0.502209485 89.469573975
0.560966015 0.027442478 0.827383935 55.579673767 -0.001771512 0.999487936 -0.031949699 -2.775225163 -0.827836812 0.016456978 0.560727537 89.771820068
0.616791070 0.030289643 0.786543906 55.916507721 -0.005495297 0.999400675 -0.034177419 -2.787263393 -0.787107706 0.016758032 0.616587877 90.094764709
0.669938743 0.032088730 0.741722584 56.240150452 -0.007645451 0.999310732 -0.036327105 -2.795561314 -0.742377043 0.018666126 0.669722259 90.439147949
0.719392478 0.030976165 0.693912923 56.540885925 -0.008979022 0.999336302 -0.035301503 -2.811333418 -0.694545805 0.019164981 0.719193041 90.803909302
0.765406430 0.027669678 0.642952204 56.824096680 -0.010922411 0.999489903 -0.030010754 -2.822660446 -0.643454731 0.015947832 0.765318096 91.185226440
0.807051480 0.023001919 0.590032935 57.070713043 -0.011757984 0.999669015 -0.022888556 -2.831621408 -0.590364039 0.011534647 0.807054698 91.594200134
0.843704641 0.020271575 0.536424756 57.283554077 -0.013979428 0.999777555 -0.015794499 -2.850740194 -0.536625624 0.005826982 0.843800366 92.015670776
0.875326633 0.016275426 0.483258098 57.480766296 -0.014043785 0.999867380 -0.008236536 -2.862794638 -0.483328044 0.000422886 0.875439107 92.449951172
0.901229858 0.016325159 0.433033735 57.647109985 -0.017102016 0.999851465 -0.002101210 -2.877650023 -0.433003753 -0.005512075 0.901375294 92.895248413
0.921543360 0.018202206 0.387848586 57.786460876 -0.020616531 0.999785304 0.002064540 -2.891070127 -0.387727737 -0.009898655 0.921720803 93.343376160
0.936991692 0.024285151 0.348506272 57.911518097 -0.027690860 0.999605179 0.004793458 -2.896192074 -0.348252267 -0.014141870 0.937294185 93.810562134
0.949119866 0.028788198 0.313596487 58.030181885 -0.031630483 0.999491632 0.003978224 -2.896664381 -0.313322574 -0.013695022 0.949548006 94.270736694
0.958500624 0.030814154 0.283420026 58.138591766 -0.033458378 0.999429941 0.004492595 -2.899127722 -0.283119977 -0.013788926 0.958985507 94.752937317
0.964928865 0.025012810 0.261316806 58.268356323 -0.027130695 0.999621689 0.004499670 -2.897160530 -0.261105388 -0.011431569 0.965242624 95.230735779
0.968991756 0.021791939 0.246129915 58.382736206 -0.023834031 0.999701798 0.005320538 -2.901891708 -0.245940581 -0.011021826 0.969222248 95.720352173
0.971956193 0.025959067 0.233724594 58.483001709 -0.027864626 0.999600053 0.004854095 -2.901283503 -0.233505070 -0.011230617 0.972290874 96.222709656
0.974025965 0.031238437 0.224271074 58.579967499 -0.033341780 0.999428272 0.005596675 -2.900538921 -0.223968074 -0.012928901 0.974510729 96.725494385
0.975025475 0.038608260 0.218711197 58.672496796 -0.040523075 0.999169469 0.004274325 -2.897271156 -0.218364522 -0.013030427 0.975780189 97.239151001
0.975369036 0.044754654 0.215991989 58.774589539 -0.045967061 0.998942792 0.000590295 -2.899425507 -0.215737253 -0.010504274 0.976394951 97.764198303
0.975546300 0.045671925 0.214996561 58.893398285 -0.046209641 0.998928487 -0.002527217 -2.902076483 -0.214881629 -0.007469497 0.976611555 98.296752930
0.975097179 0.044390742 0.217290163 59.022392273 -0.044115692 0.999007702 -0.006119040 -2.907230377 -0.217346102 -0.003619248 0.976087868 98.832885742
0.974203050 0.043059085 0.221527323 59.151939392 -0.041249517 0.999067008 -0.012790777 -2.911361694 -0.221871406 0.003322919 0.975070298 99.387466431
0.973319292 0.043163456 0.225358665 59.292533875 -0.040200982 0.999034464 -0.017720146 -2.911518812 -0.225905940 0.008187723 0.974114716 99.952835083
0.972058415 0.048298810 0.229716569 59.419471741 -0.045532893 0.998812437 -0.017329309 -2.924997330 -0.230280772 0.006385442 0.973103285 100.516296387
0.970549762 0.050849177 0.235472918 59.555519104 -0.049025442 0.998704970 -0.013596859 -2.933245182 -0.235859379 0.001652265 0.971785724 101.114501953
0.969447434 0.048062738 0.240544587 59.700942993 -0.047234826 0.998841345 -0.009209817 -2.942466736 -0.240708530 -0.002433646 0.970594406 101.718017578
0.968774259 0.043799944 0.244044989 59.868221283 -0.044352371 0.999010742 -0.003233777 -2.958623648 -0.243945196 -0.007691171 0.969758511 102.323822021
0.967990994 0.041079059 0.247600406 60.031261444 -0.042664815 0.999088824 0.001040063 -2.963373423 -0.247332096 -0.011570598 0.968861699 102.942581177
0.967451751 0.036679443 0.250383198 60.198051453 -0.038334981 0.999263346 0.001736587 -2.970017433 -0.250135094 -0.011278500 0.968145251 103.571159363
0.967466474 0.033012927 0.250836641 60.365142822 -0.033740636 0.999429643 -0.001400009 -2.977901936 -0.250739902 -0.007108926 0.968028426 104.208595276
0.967579782 0.032679081 0.250442475 60.529205322 -0.031580202 0.999465883 -0.008406170 -2.985212326 -0.250583410 0.000224614 0.968095005 104.853698730
0.967626333 0.035180427 0.249923244 60.689888000 -0.032471042 0.999360740 -0.014956974 -2.994566917 -0.250289708 0.006357489 0.968150139 105.515495300
0.968172967 0.038425714 0.247314766 60.853496552 -0.034866981 0.999215901 -0.018754728 -3.001481056 -0.247841522 0.009534701 0.968753695 106.187538147
0.968869805 0.037117757 0.244772568 61.026252747 -0.034596838 0.999294758 -0.014592139 -3.006832600 -0.245141581 0.005669526 0.969470739 106.875038147
0.969246387 0.032520812 0.243934661 61.193901062 -0.031842191 0.999470413 -0.006725785 -3.026418686 -0.244024202 -0.001248473 0.969768345 107.573577881
0.969890773 0.032749031 0.241328314 61.374938965 -0.033507857 0.999437988 -0.000959950 -3.039483309 -0.241224125 -0.007155348 0.970443070 108.294914246
0.970218122 0.036215685 0.239510432 61.541343689 -0.036911070 0.999317288 -0.001583146 -3.052073479 -0.239404202 -0.007304587 0.970892429 109.010726929
0.970585942 0.041455105 0.237158775 61.708801270 -0.041238181 0.999132037 -0.005877568 -3.063557148 -0.237196535 -0.004075309 0.971453130 109.738700867
0.971450627 0.042808801 0.233347610 61.882911682 -0.041226357 0.999081850 -0.011656964 -3.065226555 -0.233632341 0.001704095 0.972323537 110.486816406
0.972449839 0.041949932 0.229306281 62.059310913 -0.039642189 0.999106288 -0.014663350 -3.074832439 -0.229716495 0.005169169 0.973243773 111.237022400
0.973455548 0.039382283 0.225462586 62.232143402 -0.037475597 0.999216437 -0.012732041 -3.092516184 -0.225787342 0.003944730 0.974168777 111.998619080
0.974369347 0.035700306 0.222103834 62.410972595 -0.034173220 0.999358475 -0.010716029 -3.108934879 -0.222343981 0.002851366 0.974964142 112.777702332
0.974796355 0.034477770 0.220415935 62.584823608 -0.033537921 0.999405384 -0.008005891 -3.121387959 -0.220560893 0.000411823 0.975373030 113.556091309
0.975120604 0.031352598 0.219446704 62.764160156 -0.030791556 0.999507964 -0.005977266 -3.129284859 -0.219526127 -0.000928552 0.975606203 114.359191895
0.975390792 0.026369561 0.218900338 62.949184418 -0.025995528 0.999651551 -0.004589164 -3.141515970 -0.218945056 -0.001214202 0.975736439 115.157165527
0.975524485 0.026726041 0.218260214 63.124542236 -0.026719637 0.999638438 -0.002981367 -3.153527021 -0.218261018 -0.002923438 0.975886047 115.958412170
0.975269079 0.032262061 0.218653589 63.295661926 -0.032003254 0.999476612 -0.004726194 -3.169365883 -0.218691692 -0.002388314 0.975791097 116.764503479
0.974917054 0.037887689 0.219319701 63.469478607 -0.036991969 0.999282002 -0.008190682 -3.175152540 -0.219472542 -0.000127832 0.975618660 117.590454102
0.974356890 0.046825465 0.220081910 63.642848969 -0.045771748 0.998902917 -0.009887569 -3.186792374 -0.220303446 -0.000439513 0.975431204 118.411903381
0.973410964 0.052480947 0.222972766 63.824119568 -0.051604941 0.998619914 -0.009757745 -3.196483135 -0.223177135 -0.002008196 0.974775851 119.240425110
0.972680748 0.055046231 0.225526795 64.013389587 -0.054741707 0.998471498 -0.007608464 -3.217001438 -0.225600958 -0.004945114 0.974207163 120.066841125
0.971963823 0.055742290 0.228427187 64.202667236 -0.055308398 0.998434782 -0.008305793 -3.236772060 -0.228532612 -0.004561012 0.973525584 120.906761169
0.971688688 0.053955272 0.230021536 64.403457642 -0.052791804 0.998542488 -0.011213869 -3.249651432 -0.230291381 -0.001246864 0.973120928 121.729980469
0.971708655 0.047888938 0.231276453 64.607025146 -0.046875872 0.998851895 -0.009876748 -3.267295837 -0.231483892 -0.001243965 0.972837925 122.570022583
0.971975625 0.041371781 0.231412560 64.823997498 -0.039846856 0.999142349 -0.011261776 -3.290758610 -0.231680006 0.001725107 0.972790539 123.387779236
0.971700132 0.040413681 0.232735097 65.021751404 -0.038828649 0.999180973 -0.011389690 -3.309369087 -0.233004764 0.002030572 0.972473383 124.231315613
0.971212745 0.042600166 0.234373376 65.220855713 -0.041773885 0.999091029 -0.008491181 -3.325491428 -0.234522045 -0.001543944 0.972109556 125.071647644
0.970805764 0.045084316 0.235591888 65.415237427 -0.045709550 0.998950839 -0.002809641 -3.340019464 -0.235471383 -0.008041179 0.971848011 125.918731689
0.970359921 0.048348181 0.236778200 65.605842590 -0.050079457 0.998744309 0.001299220 -3.353801489 -0.236418083 -0.013118437 0.971562862 126.757217407
0.970100105 0.047628954 0.237985939 65.800842285 -0.047761351 0.998845100 -0.005213143 -3.372735262 -0.237959430 -0.006309261 0.971254528 127.582420349
0.970425367 0.043396428 0.237468779 66.015457153 -0.039786525 0.999008536 -0.019975465 -3.387056828 -0.238100171 0.009936638 0.971189916 128.395568848
