1.000000000 0.000000000 0.000000000 0.000000000 0.000000000 1.000000000 0.000000000 0.000000000 0.000000000 0.000000000 1.000000000 0.000000000
0.999996185 -0.002413600 -0.001328214 -0.006111368 0.002417662 0.999992311 0.003065358 -0.020020103 0.001320805 -0.003068557 0.999994397 1.560710669
0.999991477 -0.002940967 -0.002890178 -0.006006535 0.002952269 0.999987960 0.003913943 -0.038306952 0.002878631 -0.003922442 0.999988139 3.108350039
0.999991059 -0.001834351 -0.003798293 -0.029909505 0.001848793 0.999991059 0.003802276 -0.055086695 0.003791284 -0.003809264 0.999985576 4.640828609
0.999986470 -0.000984931 -0.005110608 -0.050137386 0.001003107 0.999993205 0.003555209 -0.069623530 0.005107072 -0.003560287 0.999980628 6.158659458
0.999980450 -0.000907103 -0.006183543 -0.069749191 0.000930421 0.999992430 0.003769115 -0.085506022 0.006180076 -0.003774795 0.999973774 7.686112404
0.999968588 -0.001235908 -0.007820547 -0.088567451 0.001271605 0.999988735 0.004561152 -0.108719692 0.007814822 -0.004570955 0.999958932 9.208113670
0.999951541 -0.003101308 -0.009344126 -0.105187707 0.003133310 0.999989271 0.003412131 -0.117928453 0.009333444 -0.003441244 0.999950528 10.723313332
0.999938071 -0.004186089 -0.010311104 -0.138698429 0.004227407 0.999983132 0.003988565 -0.133778691 0.010294235 -0.004031906 0.999938905 12.239216805
0.999923646 -0.004322575 -0.011570592 -0.158528611 0.004369738 0.999982238 0.004053933 -0.155270934 0.011552865 -0.004104185 0.999924839 13.745957375
0.999918759 -0.003338639 -0.012303522 -0.188685462 0.003392481 0.999984741 0.004357857 -0.171061710 0.012288783 -0.004399242 0.999914825 15.239777565
0.999912262 -0.002280260 -0.013042009 -0.212674633 0.002342774 0.999985754 0.004780034 -0.184258491 0.013030925 -0.004810169 0.999903440 16.741977692
0.999904633 -0.002290782 -0.013618506 -0.234642982 0.002364194 0.999982774 0.005376929 -0.198366806 0.013605955 -0.005408613 0.999892831 18.228954315
0.999904394 -0.000295692 -0.013825116 -0.272777826 0.000381507 0.999980688 0.006204918 -0.207616806 0.013823014 -0.006209599 0.999885201 19.706619263
0.999902904 -0.000243639 -0.013927288 -0.304182380 0.000326809 0.999982119 0.005969726 -0.215658695 0.013925584 -0.005973698 0.999885201 21.164627075
0.999894679 0.000726164 -0.014496495 -0.330676407 -0.000641163 0.999982595 0.005867290 -0.223431557 0.014500504 -0.005857377 0.999877632 22.641700745
0.999890506 0.001009274 -0.014762987 -0.348413229 -0.000917012 0.999980032 0.006254979 -0.227129892 0.014769007 -0.006240756 0.999871373 24.109516144
0.999899745 0.001955064 -0.014024131 -0.381909639 -0.001857875 0.999974191 0.006939869 -0.230352595 0.014037339 -0.006913119 0.999877572 25.562265396
0.999899387 0.002198319 -0.014008324 -0.404585928 -0.002117720 0.999981046 0.005765898 -0.244841158 0.014020736 -0.005735652 0.999885261 27.017017365
0.999899328 0.003294433 -0.013795507 -0.438150376 -0.003246743 0.999988675 0.003477857 -0.252741158 0.013806810 -0.003432717 0.999898791 28.453451157
0.999915779 0.001337078 -0.012910788 -0.475299507 -0.001294826 0.999993801 0.003280385 -0.266506433 0.012915093 -0.003263392 0.999911189 29.894685745
0.999913871 0.000320658 -0.013120869 -0.483741343 -0.000242615 0.999982417 0.005949217 -0.280283511 0.013122545 -0.005945522 0.999896228 31.323881149
0.999915957 -0.000920513 -0.012931792 -0.508174896 0.001010107 0.999975443 0.006923369 -0.292827308 0.012925102 -0.006935850 0.999892414 32.743507385
0.999922931 -0.001681408 -0.012302822 -0.539140284 0.001763087 0.999976397 0.006631203 -0.308877945 0.012291384 -0.006652381 0.999902248 34.143661499
0.999923527 -0.002327073 -0.012139227 -0.559170425 0.002383006 0.999986589 0.004595225 -0.321129829 0.012128373 -0.004623801 0.999915779 35.532997131
0.999938250 -0.000934934 -0.011065595 -0.589937866 0.000973739 0.999993384 0.003501923 -0.330907524 0.011062247 -0.003512483 0.999932647 36.902877808
0.999951243 -0.000773517 -0.009844078 -0.613434434 0.000803513 0.999995053 0.003043422 -0.356482148 0.009841676 -0.003051183 0.999946833 38.260654449
0.999964833 0.000147220 -0.008385508 -0.637284875 -0.000114466 0.999992371 0.003906470 -0.371172190 0.008386021 -0.003905373 0.999957204 39.609882355
0.999978244 0.000664351 -0.006584253 -0.660018146 -0.000624600 0.999981582 0.006037604 -0.390942395 0.006588144 -0.006033359 0.999960124 40.931137085
0.999989927 0.000168221 -0.004489607 -0.671809316 -0.000135466 0.999973297 0.007295026 -0.408516258 0.004490715 -0.007294345 0.999963224 42.242141724
0.999998212 0.000577112 -0.001802942 -0.687514424 -0.000562679 0.999967873 0.007995472 -0.422253370 0.001807498 -0.007994442 0.999966323 43.534954071
0.999999225 0.000414441 0.001165036 -0.688049555 -0.000422811 0.999973953 0.007193969 -0.434198827 -0.001162025 -0.007194455 0.999973357 44.798976898
0.999987483 -0.000664948 0.004956572 -0.688900828 0.000637867 0.999984801 0.005463283 -0.446721643 -0.004960129 -0.005460054 0.999972820 46.052322388
0.999960184 -0.000186460 0.008912307 -0.699815869 0.000154046 0.999993384 0.003637523 -0.460416615 -0.008912926 -0.003636006 0.999953687 47.277111053
0.999915540 -0.000051329 0.012995719 -0.685150802 0.000000165 0.999992251 0.003936980 -0.469381392 -0.012995820 -0.003936645 0.999907792 48.513717651
0.999825120 0.000218524 0.018700814 -0.671820819 -0.000289201 0.999992847 0.003776743 -0.484635592 -0.018699855 -0.003781491 0.999817967 49.734165192
0.999685645 0.001774993 0.025009690 -0.650206447 -0.001848425 0.999994040 0.002913324 -0.499787390 -0.025004370 -0.002958637 0.999682963 50.941989899
0.999462068 0.002999766 0.032658737 -0.623343468 -0.003093275 0.999991179 0.002813062 -0.514617264 -0.032650013 -0.002912572 0.999462605 52.141433716
0.999150693 0.004045193 0.041006897 -0.576656103 -0.004205485 0.999983847 0.003823384 -0.526673317 -0.040990774 -0.003992591 0.999151468 53.349765778
0.998628139 0.006717196 0.051929902 -0.535683632 -0.006969752 0.999964654 0.004683852 -0.542270124 -0.051896609 -0.005039365 0.998639762 54.525108337
0.997830153 0.009021180 0.065218464 -0.478419781 -0.009338105 0.999945939 0.004556276 -0.556315601 -0.065173827 -0.005155406 0.997860610 55.672416687
0.996741295 0.011133514 0.079891659 -0.397318840 -0.011543788 0.999922454 0.004675330 -0.562822878 -0.079833411 -0.005582348 0.996792734 56.801822662
0.995288551 0.013081071 0.096070230 -0.300249577 -0.013740255 0.999886274 0.006203109 -0.578840256 -0.095978141 -0.007493914 0.995355248 57.926750183
0.993408859 0.013117928 0.113871761 -0.182775497 -0.013980520 0.999879301 0.006779823 -0.589091659 -0.113769077 -0.008327123 0.993472338 59.026424408
0.991084337 0.012505897 0.132647648 -0.037769318 -0.013379081 0.999894202 0.005693457 -0.599922061 -0.132562459 -0.007417402 0.991146922 60.129249573
0.988130033 0.011736998 0.153170794 0.120509148 -0.012665076 0.999906778 0.005084767 -0.614605963 -0.153096840 -0.006964331 0.988186657 61.215869904
0.984716833 0.008726982 0.173944116 0.307867050 -0.009709259 0.999941349 0.004796933 -0.625378966 -0.173892051 -0.006412489 0.984743834 62.297676086
0.980579436 0.003997756 0.196081489 0.509376526 -0.005440619 0.999961853 0.006820404 -0.632569134 -0.196046725 -0.007754753 0.980563879 63.354907990
0.975676000 -0.001099188 0.219214469 0.737698555 -0.000785522 0.999963403 0.008510221 -0.645409882 -0.219215840 -0.008475415 0.975639582 64.368469238
0.970060349 -0.006338875 0.242781177 0.997477531 0.004618194 0.999959946 0.007655840 -0.651336551 -0.242820039 -0.006305417 0.970050871 65.380691528
0.963414252 -0.012159246 0.267740846 1.270046234 0.010952908 0.999922037 0.005998760 -0.663576841 -0.267792851 -0.002846751 0.963472307 66.355148315
0.955747128 -0.016050991 0.293751180 1.578271866 0.014756998 0.999869108 0.006621019 -0.673433602 -0.293819010 -0.001993134 0.955859005 67.327285767
0.946977079 -0.018737981 0.320754260 1.898365021 0.016761865 0.999819696 0.008921163 -0.680317640 -0.320863605 -0.003071697 0.947120428 68.274993896
0.936897516 -0.022816950 0.348858714 2.244804382 0.019919449 0.999730885 0.011891140 -0.688208163 -0.349036157 -0.004191704 0.937099874 69.222465515
0.925872982 -0.025967488 0.376941413 2.620718002 0.023286503 0.999660730 0.011668502 -0.695677221 -0.377116621 -0.002025906 0.926163495 70.134178162
0.913523376 -0.025140584 0.406008601 3.005216599 0.024040993 0.999680459 0.007809037 -0.701615810 -0.406075269 0.002627113 0.913835883 71.007560730
0.900442302 -0.026281279 0.434180826 3.441646576 0.028040547 0.999603927 0.002353802 -0.703145206 -0.434070736 0.010055207 0.900822580 71.870658875
0.886039495 -0.028150091 0.462754309 3.885370255 0.031623550 0.999499738 0.000251319 -0.716058493 -0.462529927 0.014411254 0.886486530 72.711814880
0.870117962 -0.028882893 0.491996408 4.362611771 0.031360026 0.999502897 0.003214694 -0.718892753 -0.491844803 0.012631859 0.870591283 73.549758911
0.852204442 -0.027775219 0.522471189 4.859342575 0.027092231 0.999593019 0.008949378 -0.728515744 -0.522507071 0.006528211 0.852609992 74.371109009
0.832361579 -0.027693512 0.553540707 5.392145157 0.024940105 0.999610841 0.012507738 -0.733910322 -0.553671598 0.003394403 0.832728207 75.172233582
0.810847878 -0.021480529 0.584862649 5.920261383 0.020889048 0.999751627 0.007757989 -0.741434276 -0.584884107 0.005926675 0.811095238 75.923210144
0.788490832 -0.014609294 0.614872992 6.483779907 0.018000202 0.999837756 0.000673187 -0.745654464 -0.614783049 0.010537037 0.788625896 76.665565491
0.765848875 -0.012048074 0.642907739 7.072093964 0.017055444 0.999853313 -0.001579677 -0.749359846 -0.642794371 0.012174868 0.765941978 77.366531372
0.742455900 -0.014610938 0.669735610 7.704421997 0.018212402 0.999832749 0.001622417 -0.758344889 -0.669647336 0.010992921 0.742597878 78.053909302
0.717887938 -0.015285409 0.695990860 8.339927673 0.018759781 0.999820590 0.002608142 -0.777674735 -0.695905924 0.011184287 0.718045890 78.707069397
0.692155421 -0.013170453 0.721628308 8.995792389 0.019261723 0.999814451 -0.000227400 -0.789753795 -0.721491456 0.014057202 0.692280650 79.340179443
0.665530205 -0.010558017 0.746296227 9.672512054 0.018957606 0.999816477 -0.002761344 -0.798347473 -0.746130109 0.015985748 0.665608227 79.951828003
0.638115764 -0.008149298 0.769897282 10.368907928 0.017188955 0.999845564 -0.003663480 -0.811649442 -0.769748509 0.015571454 0.638157308 80.541900635
0.609869659 -0.006813957 0.792472243 11.093093872 0.017241277 0.999840379 -0.004671534 -0.827115059 -0.792314172 0.016512262 0.609889925 81.096397400
0.580690026 -0.000229302 0.814124763 11.820827484 0.015957581 0.999811053 -0.011100444 -0.842028797 -0.813968301 0.019437375 0.580583751 81.625976562
0.550466716 0.009060031 0.834807932 12.592731476 0.014935935 0.999674201 -0.020697951 -0.860963762 -0.834723473 0.023862176 0.550151825 82.142829895
0.519554436 0.017728535 0.854253411 13.386634827 0.013766623 0.999481261 -0.029115306 -0.882237673 -0.854326427 0.026887171 0.519040883 82.623458862
0.487697423 0.022396276 0.872725427 14.203460693 0.011433630 0.999421299 -0.032036956 -0.911081731 -0.872937858 0.025602756 0.487159044 83.085784912
0.455131769 0.021907691 0.890154481 15.032112122 0.009490720 0.999521136 -0.029451881 -0.946299732 -0.890373528 0.021852691 0.454705805 83.511398315
0.421907514 0.020726025 0.906401813 15.883903503 0.005075363 0.999669015 -0.025221150 -0.974637508 -0.906624675 0.015241310 0.421662539 83.908569336
0.387601107 0.022076378 0.921562791 16.753261566 0.000639896 0.999706507 -0.024217473 -1.006411314 -0.921826959 0.009976423 0.387473285 84.279190063
0.352306843 0.025181958 0.935545623 17.642477036 -0.006807568 0.999680459 -0.024344683 -1.036443472 -0.935859799 0.002208006 0.352365643 84.628921509
0.315658778 0.026781186 0.948494792 18.542598724 -0.011407807 0.999636412 -0.024428681 -1.068256617 -0.948804200 -0.003109116 0.315849483 84.952308655
0.279133588 0.026246905 0.959893644 19.459569931 -0.014078850 0.999630809 -0.023239387 -1.098311663 -0.960149050 -0.007027304 0.279400080 85.232589722
0.243215710 0.025722882 0.969631016 20.397792816 -0.014722648 0.999631047 -0.022825809 -1.126036644 -0.969860494 -0.008723940 0.243504733 85.463714600
0.207286015 0.025256056 0.977954328 21.334119797 -0.014000679 0.999640882 -0.022848554 -1.155368805 -0.978180349 -0.008955843 0.207565114 85.660743713
0.172724441 0.024078330 0.984675825 22.297264099 -0.011765501 0.999680281 -0.022381417 -1.179605246 -0.984899938 -0.007719386 0.172952503 85.814643860
0.137909278 0.023415465 0.990168035 23.264656067 -0.003280087 0.999725819 -0.023184637 -1.205502152 -0.990439415 -0.000050461 0.137948230 85.943603516
0.104642965 0.026872961 0.994146705 24.238353729 -0.000988621 0.999637187 -0.026917318 -1.241324902 -0.994509280 0.001833873 0.104631536 86.030838013
0.072337329 0.031695258 0.996876478 25.215629578 -0.000201014 0.999495387 -0.031763930 -1.273849726 -0.997380197 0.002097333 0.072307177 86.096748352
0.043424580 0.035516921 0.998425186 26.196134567 0.006673085 0.999335289 -0.035839532 -1.313737988 -0.999034405 0.008218892 0.043158699 86.130668640
0.017983770 0.033880610 0.999264061 27.189331055 0.008520900 0.999384224 -0.034038045 -1.349101424 -0.999802113 0.009126763 0.017683996 86.141090393
-0.004530192 0.030901203 0.999512315 28.178743362 0.010104620 0.999472737 -0.030854193 -1.389226317 -0.999938607 0.009959913 -0.004840050 86.143295288
-0.023679174 0.028171364 0.999322593 29.188508987 0.010591484 0.999553859 -0.027926916 -1.426341772 -0.999663651 0.009923021 -0.023966987 86.114692688
-0.040014192 0.031159075 0.998713136 30.180744171 0.012630215 0.999449492 -0.030676013 -1.470044851 -0.999119282 0.011386485 -0.040385712 86.069725037
-0.054722961 0.035646010 0.997865021 31.176364899 0.015603991 0.999270976 -0.034840502 -1.504267931 -0.998379648 0.013664103 -0.055239297 86.010490417
-0.066695601 0.040651809 0.996944904 32.163452148 0.019402843 0.999033570 -0.039438929 -1.549330473 -0.997584701 0.016713163 -0.067419909 85.941268921
-0.075945310 0.044152807 0.996133924 33.160430908 0.025018368 0.998789132 -0.042363085 -1.596063852 -0.996797979 0.021704372 -0.076957993 85.861328125
-0.081907704 0.049555115 0.995407164 34.155681610 0.028878931 0.998461723 -0.047330860 -1.644951463 -0.996221423 0.024869528 -0.083212808 85.775299072
-0.084673211 0.054541893 0.994914889 35.169696808 0.030852864 0.998165309 -0.052094318 -1.694418550 -0.995930910 0.026284978 -0.086200640 85.672859192
-0.088064268 0.058165986 0.994415045 36.166824341 0.032966319 0.997916996 -0.055451348 -1.763008952 -0.995569050 0.027898926 -0.089798354 85.591804504
-0.090730153 0.061169095 0.993995309 37.169700623 0.033187162 0.997743130 -0.058370490 -1.824107051 -0.995322406 0.027691917 -0.092555434 85.503631592
-0.093500555 0.064539976 0.993525147 38.167289734 0.034213435 0.997515619 -0.061579380 -1.894423127 -0.995031118 0.028234202 -0.095476411 85.412292480
-0.095822364 0.067657992 0.993096411 39.174709320 0.035118259 0.997295976 -0.064555593 -1.973074794 -0.994778693 0.028689954 -0.097939298 85.319229126
-0.098219410 0.069284797 0.992749989 40.191963196 0.037799072 0.997113347 -0.065849602 -2.043727875 -0.994446695 0.031057319 -0.100554787 85.218269348
-0.100443788 0.067851298 0.992626369 41.209506989 0.037696727 0.997215033 -0.064350426 -2.118314028 -0.994228363 0.030955171 -0.102721862 85.114768982
-0.102521427 0.067561209 0.992433786 42.238494873 0.037162844 0.997254491 -0.064050362 -2.191399813 -0.994036376 0.030315127 -0.104750715 85.002532959
-0.104974970 0.069097936 0.992071450 43.261661530 0.037094709 0.997160971 -0.065527283 -2.260690689 -0.993782818 0.029921876 -0.107240118 84.894493103
-0.106980406 0.070837975 0.991734445 44.273605347 0.036181249 0.997075438 -0.067316525 -2.340480089 -0.993602574 0.028680639 -0.109230526 84.775489807
-0.109630890 0.073173374 0.991275311 45.303596497 0.034198064 0.996973813 -0.069811858 -2.408833504 -0.993383825 0.026246160 -0.111801527 84.666000366
-0.112544052 0.076494046 0.990697980 46.341209412 0.031693537 0.996801436 -0.073364906 -2.494332552 -0.993141174 0.023141935 -0.114608459 84.556243896
-0.115045667 0.080905102 0.990060031 47.383338928 0.028447419 0.996537328 -0.078128785 -2.570504904 -0.992952704 0.019176271 -0.116948850 84.442718506
-0.117444038 0.083022118 0.989603043 48.430213928 0.026095821 0.996413231 -0.080496475 -2.657392025 -0.992736578 0.016370675 -0.119189322 84.317222595
-0.120048083 0.081355549 0.989428997 49.478965759 0.024777323 0.996571660 -0.078936622 -2.750347376 -0.992458761 0.015039215 -0.121652283 84.183906555
-0.123066686 0.077055633 0.989402294 50.547840118 0.021889476 0.996949136 -0.074920654 -2.840361595 -0.992156982 0.012437259 -0.124377936 84.056854248
-0.125748545 0.075506650 0.989184558 51.617034912 0.021957010 0.997066975 -0.073317081 -2.927203655 -0.991819143 0.012500021 -0.127037615 83.932708740
-0.127908617 0.075528607 0.988905787 52.675285339 0.021458814 0.997073531 -0.073376849 -3.017356634 -0.991553783 0.011835217 -0.129155055 83.798316956
-0.129165500 0.078600489 0.988503039 53.739089966 0.022804543 0.996825457 -0.076282442 -3.095767021 -0.991360724 0.012689299 -0.130547881 83.651710510
-0.130806074 0.081502013 0.988052368 54.784900665 0.023314159 0.996592581 -0.079119965 -3.177556038 -0.991133809 0.012686237 -0.132260472 83.533828735
-0.130713478 0.082025349 0.988021195 55.865463257 0.022458518 0.996560812 -0.079763070 -3.272165537 -0.991165698 0.011763380 -0.132106081 83.385063171
-0.130801126 0.080716170 0.988117397 56.950004578 0.018896967 0.996702075 -0.078915976 -3.361325264 -0.991228521 0.008350123 -0.131895021 83.244567871
-0.131064832 0.080420844 0.988106549 58.036231995 0.014926339 0.996751308 -0.079144582 -3.448793411 -0.991261423 0.004375743 -0.131839439 83.111228943
-0.131351322 0.080896415 0.988029659 59.116607666 0.011225979 0.996722281 -0.080115743 -3.549003839 -0.991272330 0.000568293 -0.131828934 82.978897095
-0.131441191 0.081231050 0.987990260 60.206638336 0.007454217 0.996689916 -0.080954626 -3.639530182 -0.991295934 -0.003276079 -0.131611586 82.837173462
-0.131728366 0.080643073 0.988000154 61.290611267 0.003958909 0.996720135 -0.080827005 -3.734169245 -0.991277874 -0.006735806 -0.131615609 82.701400757
-0.131811425 0.075493671 0.988395810 62.389419556 0.004108643 0.997128725 -0.075612769 -3.822655439 -0.991266310 -0.005905663 -0.131743163 82.554214478
-0.131849423 0.066929422 0.989007533 63.499683380 0.007624236 0.997756898 -0.066505089 -3.905288458 -0.991240442 -0.001228230 -0.132063910 82.397148132
-0.131838068 0.062087014 0.989324987 64.618759155 0.012781058 0.998060107 -0.060931999 -3.983114243 -0.991189003 0.004611460 -0.132375836 82.247558594
-0.130859986 0.064642660 0.989291072 65.735412598 0.021126164 0.997827232 -0.062405944 -4.056378365 -0.991175652 0.012733488 -0.131941304 82.084671021
-0.130028576 0.070390500 0.989008486 66.852729797 0.026440581 0.997368157 -0.067509256 -4.131075859 -0.991157651 0.017371824 -0.131547570 81.934715271
-0.129476711 0.076357216 0.988638282 67.966949463 0.029928666 0.996877372 -0.073073998 -4.209371567 -0.991130710 0.020127241 -0.131357655 81.791542053
-0.128795117 0.080513798 0.988397360 69.095489502 0.030862899 0.996541262 -0.077155553 -4.304164410 -0.991190851 0.020567555 -0.130834505 81.646766663
-0.129083022 0.077832952 0.988574445 70.229339600 0.027530426 0.996811926 -0.074886695 -4.387318611 -0.991251469 0.017549280 -0.130814314 81.511520386
-0.128419146 0.073102742 0.989022017 71.365028381 0.026979567 0.997167885 -0.070201673 -4.479870796 -0.991352856 0.017668149 -0.130027711 81.357872009
-0.128738344 0.070959896 0.989136577 72.504257202 0.024842067 0.997354329 -0.068316191 -4.569857597 -0.991367400 0.015777277 -0.130160585 81.222427368
-0.128882900 0.071809091 0.989056468 73.642967224 0.022586957 0.997328579 -0.069466375 -4.648477554 -0.991402566 0.013386746 -0.130160540 81.087074280
-0.128420725 0.076860741 0.988736868 74.791519165 0.023887843 0.996942639 -0.074395977 -4.740210056 -0.991432190 0.014064803 -0.129864112 80.935256958
-0.127890155 0.079319313 0.988611341 75.933143616 0.023382757 0.996760845 -0.076948300 -4.832745552 -0.991512656 0.013275530 -0.129330561 80.792541504
-0.126743257 0.078798898 0.988800645 77.111282349 0.023948733 0.996792197 -0.076366022 -4.920245171 -0.991646409 0.014001647 -0.128223836 80.630203247
-0.126376495 0.071846634 0.989377022 78.284545898 0.025265191 0.997283280 -0.069193564 -5.015830994 -0.991660535 0.016252356 -0.127848372 80.479415894
-0.126690537 0.070176177 0.989456832 79.466262817 0.024579074 0.997410297 -0.067593150 -5.102997303 -0.991637647 0.015756523 -0.128087312 80.327293396
-0.126717001 0.073477164 0.989213705 80.638374329 0.021886988 0.997217059 -0.071267933 -5.186580181 -0.991697431 0.012620050 -0.127972528 80.189117432
-0.126658484 0.076455675 0.988995552 81.812179565 0.021075517 0.997007549 -0.074375965 -5.276007652 -0.991722465 0.011423245 -0.127890766 80.049842834
-0.126893595 0.075964913 0.989003122 82.999008179 0.020470932 0.997051477 -0.073956572 -5.365953445 -0.991705000 0.010861200 -0.128074497 79.908340454
-0.127198607 0.072100557 0.989253283 84.178329468 0.019746896 0.997340918 -0.070150957 -5.462656021 -0.991680682 0.010611577 -0.128284171 79.772064209
-0.126190662 0.071165577 0.989450037 85.369499207 0.020509256 0.997397542 -0.069121502 -5.551325798 -0.991793990 0.011570397 -0.127321795 79.620994568
-0.124960445 0.071340770 0.989593565 86.559539795 0.022118937 0.997363925 -0.069107890 -5.644726753 -0.991915286 0.013253006 -0.126209006 79.469749451
-0.124505229 0.071663432 0.989627600 87.755386353 0.024755875 0.997302234 -0.069104642 -5.731491089 -0.991910100 0.015895203 -0.125943437 79.330009460
-0.122854494 0.071190447 0.989868045 88.969543457 0.024085786 0.997343838 -0.068738759 -5.821245670 -0.992132366 0.015396879 -0.124242865 79.172027588
-0.121590041 0.071832970 0.989977658 90.185638428 0.025547041 0.997273922 -0.069224663 -5.912318230 -0.992251515 0.016873972 -0.123093694 79.024475098
-0.120251864 0.069722012 0.990292072 91.398025513 0.025369324 0.997420907 -0.067143291 -6.005802631 -0.992419124 0.017048938 -0.121710502 78.876419067
-0.119211286 0.069092087 0.990462005 92.620529175 0.024048906 0.997483969 -0.066687413 -6.091518879 -0.992577612 0.015869640 -0.120572932 78.733383179
-0.118031882 0.068529859 0.990642428 93.842727661 0.025094811 0.997503042 -0.066014513 -6.175844193 -0.992692649 0.017068164 -0.119456924 78.588943481
-0.116210006 0.069224559 0.990809381 95.064392090 0.023052851 0.997487485 -0.066987313 -6.267245770 -0.992957115 0.015056384 -0.117513850 78.449005127
-0.115471244 0.072000027 0.990697920 96.292297363 0.023644477 0.997286141 -0.069722936 -6.357213497 -0.993029296 0.015373544 -0.116860263 78.318283081
-0.114411034 0.070997782 0.990893245 97.534339905 0.020848988 0.997394860 -0.069056369 -6.442852497 -0.993214726 0.012758312 -0.115593210 78.188148499
-0.114154927 0.069501065 0.991028905 98.772583008 0.017576350 0.997535050 -0.067932755 -6.537530899 -0.993307471 0.009663811 -0.115095139 78.056816101
-0.113191344 0.071131468 0.991023719 100.022911072 0.015254986 0.997440875 -0.069849692 -6.618625641 -0.993456006 0.007211673 -0.113986775 77.903442383
-0.113446511 0.070436448 0.991044223 101.280937195 0.012539766 0.997505903 -0.069460236 -6.712838173 -0.993464947 0.004547438 -0.114046812 77.768898010
-0.115241423 0.067738980 0.991025150 102.524673462 0.009683024 0.997701347 -0.067069322 -6.808118820 -0.993290246 0.001866958 -0.115632430 77.644325256
-0.116022617 0.066581272 0.991012454 103.782218933 0.007753900 0.997780979 -0.066128232 -6.896905899 -0.993216217 0.000011841 -0.116281435 77.497711182
-0.117334291 0.065653495 0.990919828 105.030960083 0.005757640 0.997840464 -0.065430276 -6.987187862 -0.993075788 -0.001971854 -0.117458932 77.353485107
-0.118991144 0.066156752 0.990688860 106.280609131 0.006057548 0.997807562 -0.065904580 -7.075374603 -0.992876768 -0.001840915 -0.119131014 77.209022522
-0.121430658 0.064936206 0.990473568 107.533981323 0.005579630 0.997886598 -0.064738154 -7.165236950 -0.992584229 -0.002334721 -0.121536337 77.060226440
-0.124654114 0.059644695 0.990405917 108.794105530 0.002812108 0.998208761 -0.059760660 -7.259088993 -0.992196262 -0.004664285 -0.124598563 76.905372620
-0.128722057 0.059624765 0.989886642 110.049552917 0.002248839 0.998205841 -0.059833426 -7.344845295 -0.991678178 -0.005475787 -0.128625154 76.749443054
-0.133980155 0.065618470 0.988809168 111.291831970 -0.002804414 0.997776270 -0.066593505 -7.428772449 -0.990979970 -0.011695242 -0.133498207 76.588249207
-0.141380489 0.068383053 0.987590790 112.533065796 -0.002038112 0.997589111 -0.069367163 -7.525957108 -0.989953160 -0.011819980 -0.140900299 76.421371460
-0.150276095 0.064737789 0.986522377 113.768852234 -0.000398822 0.997849882 -0.065541893 -7.615787983 -0.988644004 -0.010242824 -0.149927169 76.232933044
-0.161483124 0.062238585 0.984910965 115.004402161 0.001817671 0.998026431 -0.062769353 -7.713111401 -0.986873806 -0.008345948 -0.161277518 76.042251587
-0.174856663 0.063110650 0.982569039 116.218185425 0.002214617 0.997966290 -0.063705489 -7.803655148 -0.984591424 -0.008963314 -0.174640805 75.842437744
-0.188925341 0.062988773 0.979969203 117.433044434 0.003886835 0.997980833 -0.063397162 -7.894728661 -0.981983781 -0.008168354 -0.188788697 75.614410400
-0.203171462 0.061052095 0.977237880 118.648727417 0.004589195 0.998102605 -0.061401479 -7.980489254 -0.979132414 -0.007990291 -0.203066126 75.364952087
-0.218388230 0.063454941 0.973796725 119.853668213 0.008612091 0.997970045 -0.063098758 -8.074405670 -0.975823879 -0.005393597 -0.218491390 75.099105835
-0.233775958 0.066503420 0.970013440 121.041503906 0.008505367 0.997759759 -0.066355869 -8.162419319 -0.972253203 -0.007262086 -0.233817860 74.825546265
-0.248724341 0.070870355 0.965978026 122.217041016 0.009310412 0.997448385 -0.070781931 -8.249001503 -0.968529582 -0.008611536 -0.248749584 74.520507812
-0.264964193 0.068059944 0.961853325 123.393928528 0.004831827 0.997587264 -0.069257393 -8.348951340 -0.964246154 -0.013703222 -0.264653653 74.215309143
-0.281059593 0.062300026 0.957666159 124.569656372 -0.000911397 0.997872829 -0.065183125 -8.446002960 -0.959689796 -0.019193159 -0.280405045 73.888336182
-0.296784341 0.058319081 0.953162074 125.744224548 -0.004621035 0.998034060 -0.062503412 -8.532312393 -0.954933345 -0.022954630 -0.295931458 73.538009644
-0.311913103 0.059752308 0.948229790 126.900039673 -0.006028414 0.997875929 -0.064863719 -8.619750977 -0.950091481 -0.025948167 -0.310890317 73.175254822
-0.325956643 0.061639629 0.943373084 128.041427612 -0.006285322 0.997708857 -0.067361630 -8.707759857 -0.945363820 -0.027886370 -0.324822456 72.783348083
-0.339575261 0.063734584 0.938417017 129.169097900 -0.004741574 0.997572899 -0.069468066 -8.802156448 -0.940566957 -0.028039211 -0.338448882 72.376586914
-0.353678465 0.063715123 0.933194458 130.296188354 -0.002919851 0.997597218 -0.069218926 -8.892208099 -0.935362399 -0.027206039 -0.352642715 71.957000732
-0.367623299 0.061927188 0.927910626 131.419097900 -0.003118397 0.997692645 -0.067819789 -8.982719421 -0.929969549 -0.027825722 -0.366581976 71.522895813
-0.382013381 0.060263548 0.922189832 132.533874512 -0.003566492 0.997768044 -0.066679865 -9.078251839 -0.924149811 -0.028761584 -0.380945921 71.071350098
-0.397339106 0.061292611 0.915622652 133.634323120 -0.005231213 0.997599483 -0.069050334 -9.172269821 -0.917656958 -0.032226212 -0.396064639 70.623367310
-0.412777364 0.063492708 0.908616185 134.721237183 -0.004272343 0.997421384 -0.071639188 -9.261486053 -0.910821915 -0.033452947 -0.411441684 70.157135010
-0.427160352 0.065286398 0.901815772 135.802215576 -0.002749690 0.997291386 -0.073500752 -9.355070114 -0.904171705 -0.033876311 -0.425823808 69.648651123
-0.442098498 0.067705631 0.894407570 136.875717163 -0.000150275 0.997141480 -0.075556733 -9.455433846 -0.896966517 -0.033537935 -0.440824568 69.139495850
-0.457150817 0.071295977 0.886526942 137.949401855 -0.000344022 0.996767521 -0.080339111 -9.549890518 -0.889389038 -0.037032086 -0.455648601 68.604537964
-0.472491384 0.073456079 0.878268778 139.018981934 0.000501546 0.996542811 -0.083078399 -9.653497696 -0.881335139 -0.038813330 -0.470894843 68.044601440
-0.487909526 0.070862994 0.870013237 140.094680786 -0.000717189 0.996666372 -0.081581190 -9.753656387 -0.872893929 -0.040428188 -0.486232162 67.452941895
-0.503549039 0.066733092 0.861385524 141.152359009 -0.003418504 0.996850729 -0.079226226 -9.853588104 -0.863959849 -0.042838939 -0.501735151 66.842742920
-0.519649327 0.066470698 0.851790130 142.204162598 -0.003966397 0.996770561 -0.080204263 -9.962869644 -0.854370415 -0.045056626 -0.517707348 66.219169617
-0.535414875 0.065712929 0.842028975 143.256576538 -0.005344708 0.996684968 -0.081180975 -10.062368393 -0.844572484 -0.047965892 -0.533288717 65.568313599
-0.551515818 0.064604692 0.831658900 144.298492432 -0.005993256 0.996663749 -0.081396982 -10.166985512 -0.834142923 -0.049876057 -0.549288630 64.905059814
-0.567112148 0.063852280 0.821161807 145.331024170 -0.007081991 0.996575713 -0.082383156 -10.278945923 -0.823610127 -0.052535955 -0.564717948 64.213371277
-0.582735896 0.063150622 0.810204208 146.354064941 -0.007645727 0.996505976 -0.083170876 -10.383417130 -0.812625647 -0.054661263 -0.580217004 63.505001068
-0.598250031 0.060438469 0.799026906 147.376434326 -0.008067054 0.996646702 -0.081426427 -10.490390778 -0.801268876 -0.055159148 -0.595756292 62.773677826
-0.613069296 0.056865245 0.787979841 148.369506836 -0.008316303 0.996886373 -0.078411467 -10.595653534 -0.789985359 -0.054624736 -0.610687494 62.014339447
-0.627727389 0.055007510 0.776487291 149.345306396 -0.007294795 0.997040689 -0.076529071 -10.704888344 -0.778399050 -0.053703722 -0.625468493 61.232597351
-0.642493367 0.053465314 0.764423788 150.307037354 -0.008231867 0.997023880 -0.076652683 -10.807563782 -0.766247034 -0.055541471 -0.640141129 60.442535400
-0.657191217 0.054508653 0.751750231 151.255676270 -0.009190423 0.996727884 -0.080306128 -10.909976959 -0.753667712 -0.059685387 -0.654539943 59.638881683
-0.672742963 0.053473711 0.737941444 152.170227051 -0.011732670 0.996488392 -0.082904980 -11.020380974 -0.739783227 -0.064431764 -0.669753253 58.851596832
-0.688350797 0.050549299 0.723614514 153.119857788 -0.012983686 0.996550500 -0.081966661 -11.127524376 -0.725261748 -0.065817006 -0.685320020 57.972488403
-0.704558313 0.042900432 0.708348215 154.034255981 -0.016777547 0.996885180 -0.077063158 -11.237510681 -0.709447742 -0.066179834 -0.701643884 57.090847015
-0.721142650 0.040444087 0.691605091 154.935134888 -0.017706286 0.996892333 -0.076759338 -11.344192505 -0.692560315 -0.067600183 -0.718185484 56.181838989
-0.738480806 0.037470378 0.673232377 155.819976807 -0.019642254 0.996835470 -0.077027231 -11.447654724 -0.673988163 -0.070106931 -0.735407889 55.246620178
-0.755608916 0.033608198 0.654160261 156.672958374 -0.022719730 0.996737182 -0.077451624 -11.554063797 -0.654628873 -0.073385485 -0.752379954 54.307331085
-0.771240532 0.031721536 0.635752916 157.487655640 -0.022498582 0.996775031 -0.077028424 -11.657142639 -0.636146128 -0.073711000 -0.768039584 53.321525574
-0.786983848 0.034215085 0.616024137 158.284271240 -0.019863585 0.996538401 -0.080725677 -11.764352798 -0.616653740 -0.075766273 -0.783580005 52.328235626
-0.801744699 0.033799615 0.596710324 159.057388306 -0.016468979 0.996771097 -0.078588225 -11.871107101 -0.597439706 -0.072834902 -0.798599184 51.310501099
-0.815636039 0.035276745 0.577488661 159.799743652 -0.012226900 0.996865451 -0.078164093 -11.984407425 -0.578435838 -0.070814349 -0.812648296 50.258071899
-0.829628468 0.036299422 0.557134628 160.515686035 -0.010600093 0.996680200 -0.080722049 -12.097028732 -0.558215261 -0.072874978 -0.826489568 49.213630676
-0.842852294 0.037932105 0.536806226 161.207611084 -0.009390295 0.996324182 -0.085146733 -12.211780548 -0.538062751 -0.076806895 -0.839398086 48.140602112
-0.855186403 0.038806643 0.516865671 161.875427246 -0.006209352 0.996354699 -0.085080795 -12.328183174 -0.518283188 -0.075969331 -0.851828098 47.046772003
-0.866703093 0.036697928 0.497472554 162.526336670 -0.005225976 0.996567369 -0.082620293 -12.441991806 -0.498796821 -0.074207045 -0.863536298 45.947391510
-0.876561046 0.038680941 0.479733676 163.145660400 -0.002133935 0.996443033 -0.084242329 -12.559218407 -0.481285781 -0.074867263 -0.873360574 44.813724518
-0.885915160 0.041458961 0.461990774 163.748016357 0.000566383 0.996093512 -0.088303141 -12.670076370 -0.463847011 -0.077967413 -0.882477701 43.690589905
-0.894651949 0.038806032 0.445075482 164.335128784 -0.001413348 0.995969832 -0.089679345 -12.791222572 -0.446761906 -0.080860838 -0.890991271 42.548175812
-0.902668178 0.036183998 0.428813368 164.903259277 -0.002410209 0.996018052 -0.089119263 -12.914775848 -0.430330545 -0.081478648 -0.898986578 41.398872375
-0.909673691 0.034484811 0.413889617 165.453521729 -0.002829710 0.996009350 -0.089205682 -13.038273811 -0.415314108 -0.082319237 -0.905945778 40.235904694
-0.916160762 0.032334406 0.399504632 165.981430054 -0.003469683 0.996063530 -0.088574462 -13.163066864 -0.400795996 -0.082534581 -0.912442088 39.076187134
-0.922142029 0.029718466 0.385708302 166.485183716 -0.004526068 0.996147752 -0.087573074 -13.291811943 -0.386825025 -0.082500555 -0.918455422 37.902198792
-0.927530706 0.024616040 0.372935385 166.971389771 -0.007159876 0.996475279 -0.083580926 -13.412398338 -0.373678327 -0.080194049 -0.924085200 36.719429016
-0.932521701 0.020997424 0.360502958 167.459320068 -0.008574292 0.996739089 -0.080234185 -13.531815529 -0.361012131 -0.077911183 -0.929300845 35.520240784
-0.936467767 0.021452000 0.350096613 167.911315918 -0.005957519 0.997011185 -0.077027053 -13.641525269 -0.350702643 -0.074219078 -0.933541119 34.305767059
-0.939738572 0.025750825 0.340922534 168.360504150 -0.001423174 0.996856272 -0.079218231 -13.746340752 -0.341890663 -0.074929625 -0.936747730 33.102653503
-0.941775441 0.031000491 0.334810406 168.787506104 0.004161974 0.996739209 -0.080582239 -13.857161522 -0.336216718 -0.074496895 -0.938833594 31.891115189
-0.943472624 0.034518659 0.329648048 169.207077026 0.007519149 0.996535182 -0.082830653 -13.970678329 -0.331365108 -0.075669773 -0.940463305 30.679382324
-0.945370853 0.031123068 0.324507505 169.641052246 0.004720142 0.996634722 -0.081834905 -14.082571030 -0.325962394 -0.075832628 -0.942336321 29.475259781
-0.947105467 0.024058398 0.320019156 170.065612793 -0.001226622 0.996907413 -0.078575715 -14.193048477 -0.320919842 -0.074812025 -0.944146991 28.259965897
-0.949160635 0.017338965 0.314314306 170.501327515 -0.007105052 0.997047544 -0.076457255 -14.303478241 -0.314711958 -0.074803442 -0.946235001 27.050310135
-0.950721443 0.010768093 0.309859037 170.917190552 -0.014110007 0.996858478 -0.077935264 -14.411874771 -0.309724897 -0.078466855 -0.947582960 25.827972412
-0.951979339 0.008474021 0.306044728 171.332626343 -0.016968165 0.996620297 -0.080376245 -14.523153305 -0.305691421 -0.081709556 -0.948618114 24.598684311
-0.952432990 0.009058010 0.304613233 171.726547241 -0.016946586 0.996437252 -0.082616962 -14.641504288 -0.304276317 -0.083849289 -0.948886216 23.363891602
-0.952773392 0.009515169 0.303533047 172.126800537 -0.016957706 0.996282518 -0.084460795 -14.759829521 -0.303208321 -0.085619226 -0.949070096 22.139776230
-0.952897608 0.012136920 0.303049237 172.525909424 -0.014746818 0.996163070 -0.086265072 -14.875466347 -0.302933425 -0.086670786 -0.949062586 20.934638977
-0.952498138 0.013142549 0.304260522 172.925064087 -0.014264781 0.996046484 -0.087680712 -14.998847961 -0.304209888 -0.087855905 -0.948545158 19.697189331
-0.951764584 0.014471361 0.306487799 173.316955566 -0.013555855 0.995928586 -0.089120738 -15.127923965 -0.306529701 -0.088976674 -0.947693288 18.450534821
-0.950927496 0.016172830 0.308990657 173.710876465 -0.011715217 0.996035039 -0.088187277 -15.256886482 -0.309191614 -0.087479584 -0.946967840 17.223918915
-0.950394213 0.015454412 0.310663849 174.119598389 -0.012934517 0.995937467 -0.089114070 -15.373514175 -0.310778975 -0.088711783 -0.946333289 16.026180267
-0.949209630 0.014416670 0.314313859 174.528839111 -0.014168096 0.995978057 -0.088469446 -15.500804901 -0.314325213 -0.088429287 -0.945187807 14.821731567
-0.947770834 0.012948377 0.318689287 174.947265625 -0.015321668 0.996173799 -0.086040743 -15.622306824 -0.318583935 -0.086429775 -0.943946064 13.616798401
-0.945836246 0.010936326 0.324459612 175.371749878 -0.017058078 0.996377647 -0.083310425 -15.740786552 -0.324195385 -0.084332667 -0.942223608 12.407405853
-0.943482459 0.008616956 0.331310809 175.796340942 -0.018993005 0.996613324 -0.080007441 -15.855047226 -0.330878288 -0.081778191 -0.940123379 11.213546753
-0.940925598 0.010945569 0.338436455 176.224441528 -0.017138179 0.996657073 -0.079881251 -15.965242386 -0.338179380 -0.080962487 -0.937592447 10.024242401
-0.937945724 0.011097606 0.346604317 176.663101196 -0.017764125 0.996638000 -0.079981960 -16.077280045 -0.346326560 -0.081175864 -0.934595287 8.850227356
-0.934249818 0.014125197 0.356339186 177.103546143 -0.016306560 0.996478021 -0.082252711 -16.194976807 -0.356245935 -0.082655229 -0.930729210 7.675441742
-0.930221319 0.015166346 0.366685539 177.562957764 -0.015723623 0.996581256 -0.081107497 -16.305700302 -0.366662085 -0.081213541 -0.926802695 6.503681183
-0.925409377 0.017378904 0.378570288 178.043212891 -0.014873615 0.996512711 -0.082104869 -16.423942566 -0.378677070 -0.081611335 -0.921923697 5.326366425
-0.919971347 0.019303339 0.391510099 178.543304443 -0.014786416 0.996366918 -0.083870865 -16.529773712 -0.391706616 -0.082947828 -0.916343570 4.166267395
-0.913793981 0.022050863 0.405578792 179.054428101 -0.012907768 0.996444464 -0.083257534 -16.650354385 -0.405972630 -0.081315383 -0.910260320 2.991813660
-0.908014536 0.021179849 0.418402940 179.599838257 -0.013788469 0.996669292 -0.080375731 -16.767515182 -0.418711692 -0.078751452 -0.904698133 1.827392578
-0.901577532 0.024049489 0.431948572 180.154632568 -0.012070985 0.996666491 -0.080686122 -16.883785248 -0.432449132 -0.077958815 -0.898281693 0.670280457
-0.894593954 0.026831789 0.446073622 180.702972412 -0.009841167 0.996770859 -0.079693086 -16.990768433 -0.446771562 -0.075682849 -0.891441166 -0.468421936
-0.887516260 0.028613904 0.459886998 181.285354614 -0.007969516 0.996967375 -0.077410750 -17.097778320 -0.460707486 -0.072368376 -0.884596705 -1.582527161
-0.880034566 0.030055864 0.473957598 181.884826660 -0.006351819 0.997161150 -0.075028569 -17.203144073 -0.474867135 -0.069038227 -0.877345383 -2.692039490
-0.872304142 0.033295494 0.487828583 182.503555298 -0.002891378 0.997310162 -0.073239043 -17.309333801 -0.488954991 -0.065297216 -0.869861662 -3.784561157
-0.863583624 0.036753412 0.502864242 183.131683350 0.000696168 0.997425675 -0.071704432 -17.413032532 -0.504205167 -0.061572697 -0.861386001 -4.858848572
-0.853439212 0.039843298 0.519667208 183.771942139 0.003479763 0.997487068 -0.070763387 -17.511362076 -0.521180749 -0.058583945 -0.851433218 -5.916572571
-0.843161225 0.042702090 0.535962403 184.432922363 0.006572227 0.997585177 -0.069142036 -17.617044449 -0.537620664 -0.054775402 -0.841405749 -6.949607849
-0.831814826 0.044733569 0.553247690 185.114288330 0.008023965 0.997612178 -0.068599105 -17.712051392 -0.554995239 -0.052622516 -0.830187440 -7.992172241
-0.820728302 0.047104552 0.569373548 185.823120117 0.009718670 0.997602105 -0.068523049 -17.807567596 -0.571236014 -0.050705269 -0.819218159 -8.993438721
-0.809020996 0.049082112 0.585726917 186.551879883 0.011044354 0.997600794 -0.068341136 -17.899810791 -0.587675989 -0.048820440 -0.807622135 -9.972541809
-0.795278847 0.050818671 0.604109883 187.279266357 0.013337423 0.997705817 -0.066370562 -17.988969803 -0.606096804 -0.044725835 -0.794132352 -10.957153320
-0.780357182 0.052401949 0.623134613 188.046508789 0.014716764 0.997745693 -0.065474592 -18.074781418 -0.625160873 -0.041923035 -0.779369175 -11.922233582
