1.000000000 0.000000000 0.000000000 0.000000000 0.000000000 1.000000000 0.000000000 0.000000000 0.000000000 0.000000000 1.000000000 0.000000000
0.999996722 -0.002354177 -0.001027399 -0.011082751 0.002357205 0.999992847 0.002956484 -0.016911887 0.001020431 -0.002958896 0.999995112 1.559078693
0.999991655 -0.002969399 -0.002783648 -0.005730245 0.002980378 0.999987781 0.003948619 -0.038961958 0.002771889 -0.003956882 0.999988317 3.104690790
0.999990880 -0.001831554 -0.003852927 -0.026149893 0.001845508 0.999991655 0.003621297 -0.053272735 0.003846263 -0.003628374 0.999985993 4.643902779
0.999987721 -0.001020544 -0.004841206 -0.053266525 0.001037867 0.999993086 0.003577070 -0.072475947 0.004837523 -0.003582051 0.999981880 6.171445370
0.999979913 -0.001178956 -0.006222142 -0.065440886 0.001203432 0.999991477 0.003931540 -0.089894891 0.006217455 -0.003938948 0.999972939 7.703061581
0.999967277 -0.001347990 -0.007975257 -0.085202977 0.001383368 0.999989212 0.004432127 -0.107606538 0.007969197 -0.004443015 0.999958396 9.233863831
0.999955595 -0.003023484 -0.008928571 -0.115617722 0.003051424 0.999990463 0.003117294 -0.115542218 0.008919063 -0.003144400 0.999955237 10.732704163
0.999941111 -0.004264411 -0.009980262 -0.148406684 0.004304176 0.999982893 0.003966293 -0.134139106 0.009963178 -0.004009017 0.999942243 12.267129898
0.999919653 -0.004486620 -0.011849046 -0.160087630 0.004535001 0.999981463 0.004059461 -0.154297128 0.011830612 -0.004112871 0.999921560 13.786560059
0.999909997 -0.003832843 -0.012859110 -0.181676507 0.003885659 0.999984026 0.004084886 -0.166549876 0.012843248 -0.004134485 0.999908984 15.291876793
0.999899387 -0.002932554 -0.013879026 -0.197156370 0.002990881 0.999986708 0.004183630 -0.171119660 0.013866571 -0.004224720 0.999894857 16.793415070
0.999894500 -0.002139475 -0.014367710 -0.226182550 0.002209039 0.999986053 0.004827591 -0.189059660 0.014357178 -0.004858820 0.999885142 18.291992188
0.999891639 -0.000765254 -0.014702880 -0.264742732 0.000852580 0.999982178 0.005934055 -0.202225909 0.014698072 -0.005945948 0.999874294 19.766786575
0.999887288 -0.000657534 -0.014993940 -0.296179205 0.000741450 0.999984086 0.005591812 -0.210482791 0.014990025 -0.005602300 0.999871969 21.231376648
0.999878347 0.000104660 -0.015598978 -0.323219180 -0.000020223 0.999985278 0.005413022 -0.219296634 0.015599313 -0.005412048 0.999863684 22.710029602
0.999876201 0.000588180 -0.015724486 -0.349495739 -0.000494316 0.999982059 0.005972528 -0.227770984 0.015727714 -0.005964017 0.999858439 24.165418625
0.999882579 0.001717164 -0.015222314 -0.382422417 -0.001617113 0.999977052 0.006582544 -0.228165716 0.015233266 -0.006557156 0.999862492 25.621936798
0.999881625 0.001573386 -0.015301021 -0.405055135 -0.001492020 0.999984682 0.005327655 -0.242012873 0.015309170 -0.005304194 0.999868751 27.075735092
0.999885976 0.002523646 -0.014882831 -0.441659600 -0.002472843 0.999991059 0.003430933 -0.256470591 0.014891355 -0.003393739 0.999883354 28.514980316
0.999899805 0.000933622 -0.014126641 -0.478379667 -0.000891728 0.999995172 0.002971569 -0.267528534 0.014129347 -0.002958674 0.999895811 29.956974030
0.999901533 0.000029019 -0.014033089 -0.496385932 0.000048666 0.999984682 0.005535505 -0.278932512 0.014033035 -0.005535643 0.999886215 31.391912460
0.999902725 -0.001583791 -0.013858111 -0.516807675 0.001680785 0.999974072 0.006990246 -0.296570241 0.013846681 -0.007012858 0.999879539 32.812564850
0.999907851 -0.002564441 -0.013329749 -0.547156096 0.002648723 0.999976516 0.006308956 -0.309182674 0.013313260 -0.006343682 0.999891281 34.224353790
0.999910772 -0.002694170 -0.013077323 -0.568616748 0.002754717 0.999985576 0.004614043 -0.324818432 0.013064705 -0.004649657 0.999903858 35.622531891
0.999921143 -0.001398237 -0.012479706 -0.596864104 0.001441549 0.999992967 0.003462301 -0.333240688 0.012474779 -0.003480019 0.999916136 36.994659424
0.999938071 -0.000922030 -0.011084623 -0.626978219 0.000952488 0.999995708 0.002742806 -0.356258571 0.011082047 -0.002753193 0.999934793 38.347724915
0.999951363 -0.000305628 -0.009873039 -0.648603737 0.000341016 0.999993503 0.003582868 -0.367853880 0.009871883 -0.003586061 0.999944866 39.711444855
0.999966145 -0.000105191 -0.008219372 -0.669520140 0.000152657 0.999983311 0.005774479 -0.389454424 0.008218626 -0.005775540 0.999949574 41.032775879
0.999980092 -0.000474521 -0.006293807 -0.682950735 0.000517268 0.999976814 0.006792041 -0.404455721 0.006290438 -0.006795162 0.999957144 42.347114563
0.999992132 -0.000209001 -0.003959366 -0.695936918 0.000239034 0.999971211 0.007586230 -0.421632677 0.003957668 -0.007587116 0.999963403 43.632472992
0.999999583 -0.000217193 -0.001037954 -0.699028492 0.000224415 0.999975741 0.006962742 -0.434505194 0.001036417 -0.006962971 0.999975145 44.897319794
0.999995232 -0.001229522 0.002831881 -0.701884508 0.001214915 0.999985993 0.005154094 -0.448240161 -0.002838178 -0.005150629 0.999982715 46.146514893
0.999978602 -0.000766077 0.006496522 -0.708673000 0.000743352 0.999993622 0.003499760 -0.463007152 -0.006499161 -0.003494855 0.999972761 47.373775482
0.999941587 -0.000692995 0.010786940 -0.701749682 0.000650717 0.999992013 0.003922338 -0.473393857 -0.010789573 -0.003915089 0.999934137 48.613445282
0.999869347 -0.000481185 0.016157471 -0.687005877 0.000418472 0.999992371 0.003884530 -0.489730656 -0.016159220 -0.003877261 0.999861836 49.833038330
0.999741197 0.001204653 0.022714416 -0.670281768 -0.001269836 0.999995112 0.002855445 -0.500097871 -0.022710858 -0.002883550 0.999737918 51.055427551
0.999539733 0.002492714 0.030234896 -0.645076394 -0.002574807 0.999993026 0.002676543 -0.514386833 -0.030228011 -0.002753160 0.999539375 52.251564026
0.999229729 0.003488188 0.039084662 -0.613200665 -0.003637334 0.999986291 0.003745520 -0.530085683 -0.039071057 -0.003884798 0.999228895 53.444789886
0.998745263 0.005928791 0.049725611 -0.567833662 -0.006168619 0.999970078 0.004670945 -0.547235310 -0.049696423 -0.004971822 0.998751998 54.621040344
0.997978389 0.008311576 0.063008338 -0.513189077 -0.008604347 0.999953330 0.004376592 -0.557513952 -0.062969029 -0.004909889 0.998003423 55.780494690
0.996912837 0.010618481 0.077794962 -0.436754227 -0.011019922 0.999928057 0.004732752 -0.568740964 -0.077739105 -0.005575436 0.996958077 56.907054901
0.995482743 0.012475908 0.094119236 -0.341897964 -0.013108115 0.999895394 0.006101759 -0.581321359 -0.094033301 -0.007307922 0.995542169 58.035274506
0.993654966 0.012634823 0.111759566 -0.219761372 -0.013467245 0.999886811 0.006696532 -0.589938462 -0.111662298 -0.008159135 0.993712723 59.141792297
0.991399109 0.012074913 0.130314961 -0.076591015 -0.012954460 0.999898672 0.005903787 -0.602977157 -0.130230501 -0.007541169 0.991455078 60.244159698
0.988474369 0.011229916 0.150972173 0.077669144 -0.012128896 0.999913752 0.005035040 -0.616334319 -0.150902629 -0.006808135 0.988525212 61.328994751
0.985091925 0.008118139 0.171836689 0.261860847 -0.009054014 0.999948144 0.004663270 -0.624397159 -0.171789870 -0.006149560 0.985114396 62.406925201
0.981033683 0.003311287 0.193808973 0.463411331 -0.004726663 0.999965429 0.006840975 -0.632865548 -0.193779647 -0.007627298 0.981015444 63.463306427
0.976145089 -0.001745149 0.217112243 0.687612534 -0.000055738 0.999965668 0.008288329 -0.642388403 -0.217119247 -0.008102713 0.976111472 64.487998962
0.970515132 -0.007175025 0.240933061 0.943438530 0.005561657 0.999957323 0.007375681 -0.647063494 -0.240975648 -0.005818222 0.970513701 65.511955261
0.963928342 -0.013065897 0.265841037 1.217719078 0.011933403 0.999911547 0.005874923 -0.663257837 -0.265894294 -0.002490616 0.963998973 66.485420227
0.956264198 -0.016732449 0.292025447 1.517042160 0.015558377 0.999858856 0.006342492 -0.668817818 -0.292090356 -0.001521654 0.956389546 67.458129883
0.947504938 -0.019473776 0.319147527 1.837049484 0.017619513 0.999806941 0.008696421 -0.678243458 -0.319255322 -0.002616677 0.947665155 68.411888123
0.937605500 -0.023546569 0.346902698 2.184906006 0.020735275 0.999715209 0.011814131 -0.687380373 -0.347082078 -0.003883871 0.937826693 69.349067688
0.926605761 -0.026673272 0.375087142 2.557394028 0.024047377 0.999642491 0.011680766 -0.696249902 -0.375264645 -0.001803604 0.926916122 70.261863708
0.914372206 -0.025827862 0.404049993 2.946138382 0.024759235 0.999662459 0.007870276 -0.700599134 -0.404116869 0.002807609 0.914703071 71.151626587
0.901265204 -0.026985768 0.432426721 3.376399994 0.028751487 0.999583721 0.002455475 -0.703733027 -0.432312846 0.010219876 0.901665747 72.010467529
0.886995375 -0.028956518 0.460869521 3.823001862 0.032468889 0.999472618 0.000307029 -0.717297196 -0.460635394 0.014691585 0.887467861 72.857521057
0.871101081 -0.029704280 0.490204871 4.300960541 0.032202996 0.999475777 0.003338692 -0.719471395 -0.490047127 0.012877731 0.871600866 73.700431824
0.853287458 -0.028506299 0.520661056 4.796695709 0.027847150 0.999570787 0.009089301 -0.727822006 -0.520696700 0.006743137 0.853715122 74.523254395
0.833648682 -0.028554756 0.551556528 5.334518433 0.025910232 0.999585032 0.012587788 -0.730665684 -0.551687002 0.003797165 0.834042728 75.325256348
0.812229931 -0.022265283 0.582912385 5.864372253 0.021794198 0.999731839 0.007818348 -0.738038421 -0.582930207 0.006353812 0.812497377 76.084281921
0.790077806 -0.015576851 0.612808824 6.441238403 0.019173902 0.999816060 0.000693708 -0.741169810 -0.612706661 0.011201854 0.790230870 76.836753845
0.767314553 -0.012744740 0.641144276 7.022453308 0.017834419 0.999839902 -0.001469108 -0.745692194 -0.641022861 0.012561704 0.767418981 77.538581848
0.743905365 -0.015582802 0.668103278 7.649242401 0.019205017 0.999813676 0.001935602 -0.756928027 -0.668008983 0.011391032 0.744066060 78.223175049
0.719316542 -0.016122753 0.694495320 8.287544250 0.019685335 0.999802232 0.002821581 -0.773510396 -0.694403470 0.011641759 0.719491720 78.883087158
0.693729937 -0.014135525 0.720096409 8.947055817 0.020191632 0.999796033 0.000173730 -0.786828995 -0.719951987 0.014419399 0.693874002 79.520797729
0.667512178 -0.011506258 0.744509995 9.626380920 0.020039938 0.999796033 -0.002515737 -0.793819666 -0.744329154 0.016599216 0.667606592 80.123832703
0.640040517 -0.009131349 0.768286884 10.319625854 0.018077999 0.999831557 -0.003176996 -0.807468951 -0.768128455 0.015922496 0.640097797 80.716735840
0.611913979 -0.007388296 0.790889800 11.044483185 0.017815199 0.999831438 -0.004443502 -0.819718599 -0.790723681 0.016808899 0.611942470 81.274513245
0.582905591 -0.001125486 0.812539041 11.777713776 0.016552445 0.999807894 -0.010489640 -0.838178635 -0.812371314 0.019563975 0.582812190 81.807144165
0.552933991 0.008229302 0.833184421 12.545448303 0.015592686 0.999673843 -0.020221630 -0.856022835 -0.833079159 0.024172807 0.552625358 82.316307068
0.521896124 0.016719831 0.852845013 13.323814392 0.014477032 0.999490201 -0.028453955 -0.878874421 -0.852886200 0.027196672 0.521387994 82.795204163
0.490067303 0.021479303 0.871419907 14.131530762 0.012075416 0.999433160 -0.031425599 -0.908393979 -0.871600926 0.025923412 0.489530146 83.251380920
0.457639515 0.021075413 0.888888001 14.970176697 0.010189267 0.999529064 -0.028944591 -0.939270914 -0.889079452 0.022303306 0.457209319 83.680274963
0.424574107 0.019829331 0.905176044 15.828632355 0.005594250 0.999683738 -0.024523659 -0.971245170 -0.905375898 0.015475894 0.424328774 84.083450317
0.390000284 0.021068040 0.920573711 16.696891785 0.001257813 0.999725103 -0.023412354 -1.001966357 -0.920813859 0.010288737 0.389866590 84.459907532
0.354924411 0.024172368 0.934582353 17.588523865 -0.005777644 0.999703228 -0.023662517 -1.026308060 -0.934877157 0.002998720 0.354958802 84.809432983
0.318001866 0.026037754 0.947732508 18.483087540 -0.011110859 0.999656439 -0.023736170 -1.062402725 -0.948024988 -0.002981977 0.318181932 85.141838074
0.281676680 0.025352048 0.959174395 19.399751663 -0.013547622 0.999656320 -0.022443557 -1.089949369 -0.959413648 -0.006672705 0.281923354 85.425872803
0.245681971 0.025039431 0.969027042 20.337842941 -0.014350273 0.999650717 -0.022192443 -1.116970778 -0.969244242 -0.008453519 0.245955482 85.659690857
0.209770486 0.024499368 0.977443695 21.263938904 -0.013717468 0.999661386 -0.022112321 -1.146717310 -0.977654457 -0.008769535 0.210035488 85.859375000
0.174891278 0.023209566 0.984314084 22.218910217 -0.011436310 0.999702573 -0.021540426 -1.173189998 -0.984521329 -0.007489685 0.175104678 86.017738342
0.141026929 0.022397621 0.989752352 23.185867310 -0.003143565 0.999749064 -0.022175929 -1.197808743 -0.990000784 0.000016053 0.141061962 86.134918213
0.107717693 0.025762189 0.993847609 24.157867432 -0.000705568 0.999665916 -0.025836533 -1.233994126 -0.994181275 0.002081824 0.107699856 86.228050232
0.075195372 0.030601153 0.996699154 25.134330750 0.000118241 0.999528706 -0.030696949 -1.265831470 -0.997168839 0.002426120 0.075156316 86.299278259
0.046425790 0.034420252 0.998328567 26.112947464 0.006899381 0.999371290 -0.034777049 -1.305135250 -0.998897851 0.008502403 0.046159118 86.336212158
0.020612465 0.032718021 0.999251962 27.101421356 0.008868935 0.999419093 -0.032906443 -1.339006305 -0.999748230 0.009540584 0.020310320 86.356437683
-0.002078244 0.029621856 0.999559045 28.087171555 0.010569707 0.999505997 -0.029598309 -1.380180001 -0.999942005 0.010503536 -0.002390311 86.363502502
-0.021276377 0.027028227 0.999408245 29.083621979 0.010634362 0.999584079 -0.026806589 -1.416273952 -0.999716997 0.010057720 -0.021554958 86.345046997
-0.037932113 0.030069247 0.998827815 30.071990967 0.012685096 0.999481261 -0.029607177 -1.455824494 -0.999199808 0.011547165 -0.038293861 86.306632996
-0.052192241 0.034605484 0.998037279 31.068328857 0.015604999 0.999305665 -0.033833392 -1.489263296 -0.998515129 0.013808530 -0.052696019 86.242691040
-0.063951157 0.039660018 0.997164667 32.056747437 0.019799260 0.999063730 -0.038465757 -1.531775951 -0.997756541 0.017283194 -0.064676523 86.170989990
-0.072992213 0.043076482 0.996401727 33.055896759 0.025270779 0.998825908 -0.041330047 -1.575919867 -0.997012317 0.022163078 -0.073995084 86.090713501
-0.078851089 0.048455961 0.995708048 34.042537689 0.029120265 0.998503685 -0.046285957 -1.626195669 -0.996460915 0.025345586 -0.080144159 86.007141113
-0.082261831 0.053035460 0.995198607 35.046478271 0.030933812 0.998237789 -0.050640475 -1.680856466 -0.996130586 0.026619507 -0.083757475 85.918563843
-0.085649163 0.057021044 0.994692326 36.045345306 0.032980390 0.997976005 -0.054369465 -1.742267728 -0.995779335 0.028148642 -0.087356411 85.839767456
-0.088027716 0.059711065 0.994326770 37.055622101 0.033391114 0.997817636 -0.056964584 -1.806220174 -0.995558202 0.028187206 -0.089829445 85.746429443
-0.090761364 0.063371383 0.993854344 38.069248199 0.034164194 0.997583926 -0.060489226 -1.870939612 -0.995286465 0.028464148 -0.092707098 85.658317566
-0.092876606 0.066873707 0.993429363 39.078971863 0.035505638 0.997329831 -0.063816816 -1.943328261 -0.995044351 0.029345250 -0.095003001 85.561599731
-0.095313735 0.068551600 0.993084013 40.099121094 0.037998673 0.997149348 -0.065185212 -2.011486530 -0.994721770 0.031522825 -0.097646900 85.464317322
-0.097408377 0.067243584 0.992970169 41.114604950 0.037916198 0.997241437 -0.063813299 -2.084724665 -0.994521916 0.031433713 -0.099689275 85.361801147
-0.099696465 0.066713355 0.992778897 42.139602661 0.037359934 0.997297227 -0.063265234 -2.160720825 -0.994316280 0.030782832 -0.101919413 85.255195618
-0.102445915 0.068374678 0.992385864 43.154586792 0.037042916 0.997205138 -0.064882725 -2.224845409 -0.994048536 0.030113902 -0.104692400 85.157302856
-0.104298234 0.069962569 0.992082357 44.170288086 0.036311638 0.997125447 -0.066500746 -2.306373596 -0.993882954 0.029088218 -0.106538869 85.045318604
-0.107013725 0.072182342 0.991633892 45.192100525 0.034500279 0.997030079 -0.068852000 -2.377960443 -0.993658781 0.026843533 -0.109186202 84.941482544
-0.109594390 0.076019838 0.991065025 46.233936310 0.031616747 0.996833146 -0.072966009 -2.454849482 -0.993473411 0.023337586 -0.111650832 84.826934814
-0.111757547 0.080421619 0.990475953 47.278305054 0.028513044 0.996569037 -0.077699177 -2.531405687 -0.993326366 0.019558020 -0.113667175 84.710395813
-0.114177540 0.082620651 0.990018785 48.325981140 0.026397983 0.996436298 -0.080111772 -2.617210388 -0.993109584 0.016987542 -0.115951672 84.587844849
-0.117150180 0.081030719 0.989802957 49.377563477 0.024541577 0.996597528 -0.078682326 -2.707975864 -0.992810845 0.015073678 -0.118740223 84.466087341
-0.120123915 0.076610520 0.989798427 50.438190460 0.022098267 0.996977329 -0.074484259 -2.799939156 -0.992512941 0.012925494 -0.121453784 84.340652466
-0.123179227 0.074980877 0.989547729 51.502815247 0.021917572 0.997103870 -0.072825119 -2.886928082 -0.992142379 0.012717942 -0.124465883 84.225128174
-0.125465915 0.075224504 0.989241898 52.568290710 0.021379836 0.997094691 -0.073110037 -2.974552631 -0.991867542 0.011977012 -0.126709729 84.099456787
-0.126403406 0.078130029 0.988897324 53.638893127 0.022854593 0.996858239 -0.075837649 -3.056919813 -0.991715610 0.013014708 -0.127791867 83.952468872
-0.127874479 0.081473641 0.988438249 54.689853668 0.022449184 0.996602595 -0.079242341 -3.129765749 -0.991536260 0.012056558 -0.129269063 83.840698242
-0.127772361 0.081943147 0.988412619 55.779090881 0.021686891 0.996573627 -0.079816252 -3.222995281 -0.991566300 0.011237287 -0.129111677 83.689788818
-0.128049135 0.080519356 0.988493741 56.860191345 0.018236641 0.996721387 -0.078827202 -3.317532063 -0.991600156 0.007933052 -0.129097715 83.559532166
-0.128650919 0.080323875 0.988431513 57.935020447 0.013934231 0.996762395 -0.079187244 -3.398162603 -0.991592050 0.003585522 -0.129353598 83.438583374
-0.128955588 0.080954112 0.988340497 59.014961243 0.010425029 0.996717811 -0.080280051 -3.497067213 -0.991595566 -0.000049084 -0.129376248 83.308921814
-0.128930852 0.081238627 0.988320351 60.097656250 0.006670130 0.996687233 -0.081056222 -3.589292526 -0.991631150 -0.003858424 -0.129045606 83.169952393
-0.129105121 0.080661058 0.988344908 61.188304901 0.003208085 0.996714950 -0.080925122 -3.682193041 -0.991625726 -0.007277151 -0.128939778 83.033142090
-0.129339159 0.075556338 0.988717794 62.283607483 0.003272163 0.997119844 -0.075770378 -3.769787550 -0.991595030 -0.006564834 -0.129213899 82.889976501
-0.129629567 0.067276187 0.989277542 63.395996094 0.006566614 0.997731924 -0.066990688 -3.851333618 -0.991540730 -0.002187769 -0.129777342 82.741409302
-0.129552335 0.062129069 0.989624262 64.514312744 0.011781665 0.998061121 -0.061116394 -3.931647301 -0.991502523 0.003741650 -0.130033150 82.593978882
-0.128183469 0.064737312 0.989635348 65.631347656 0.020153578 0.997831225 -0.062663041 -4.004345894 -0.991545677 0.011912325 -0.129210129 82.430007935
-0.127262279 0.070281103 0.989376009 66.749496460 0.025997585 0.997380137 -0.067505643 -4.082239151 -0.991528332 0.017130461 -0.128756016 82.282119751
-0.126978561 0.076333404 0.988963962 67.860198975 0.028916417 0.996895492 -0.073232859 -4.158787727 -0.991483867 0.019298283 -0.128791615 82.143753052
-0.126011595 0.080678076 0.988742709 68.986694336 0.030090285 0.996539772 -0.077479415 -4.250281334 -0.991572320 0.019988252 -0.128003195 81.997962952
-0.126611322 0.078110844 0.988872170 70.117301941 0.026712136 0.996801794 -0.075317070 -4.333548546 -0.991592586 0.016878892 -0.128292903 81.868873596
-0.125901803 0.073114187 0.989344895 71.254150391 0.026074192 0.997179687 -0.070375070 -4.428418636 -0.991699994 0.016936015 -0.127453178 81.717842102
-0.126168326 0.071097635 0.989457786 72.394088745 0.024152162 0.997352839 -0.068585232 -4.520358086 -0.991714776 0.015244259 -0.127551466 81.585327148
-0.126072362 0.071701393 0.989426434 73.530303955 0.021861352 0.997343123 -0.069489516 -4.602407455 -0.991780281 0.012869489 -0.127304912 81.449737549
-0.125722378 0.076772667 0.989090443 74.678771973 0.022709925 0.996962607 -0.074497066 -4.691856384 -0.991805494 0.013096220 -0.127083972 81.303489685
-0.124813914 0.079256400 0.989009559 75.816741943 0.022813378 0.996770144 -0.076999255 -4.786434174 -0.991917849 0.012952073 -0.126218885 81.161064148
-0.124266319 0.078769296 0.989117444 76.988227844 0.022980681 0.996805072 -0.076494381 -4.872386932 -0.991982758 0.013224917 -0.125679478 81.013160706
-0.123593681 0.071784534 0.989733100 78.167503357 0.024161730 0.997302115 -0.069316298 -4.966781139 -0.992038727 0.015346606 -0.124994673 80.861671448
-0.124196090 0.070285186 0.989765286 79.344390869 0.023454806 0.997417390 -0.067885458 -5.052508831 -0.991980433 0.014783644 -0.125523865 80.720878601
-0.124321096 0.073411003 0.989522636 80.516265869 0.020728258 0.997233808 -0.071378842 -5.138175011 -0.992025495 0.011637185 -0.125498906 80.587623596
-0.124073960 0.076370522 0.989329696 81.689659119 0.019733282 0.997026443 -0.074489892 -5.228737831 -0.992076755 0.010280463 -0.125212058 80.450698853
-0.124267273 0.075759955 0.989352345 82.879119873 0.019160599 0.997078240 -0.073944889 -5.320181847 -0.992063761 0.009767652 -0.125355810 80.311813354
-0.124043658 0.071866117 0.989670873 84.061203003 0.018780211 0.997365236 -0.070070967 -5.417581558 -0.992099047 0.009894366 -0.125066504 80.171524048
-0.122662380 0.071243107 0.989888072 85.246711731 0.019172309 0.997404099 -0.069408298 -5.499488354 -0.992263258 0.010464652 -0.123709835 80.019866943
-0.121746711 0.071407996 0.989989221 86.434341431 0.020764934 0.997373819 -0.069387011 -5.593266964 -0.992343903 0.012109423 -0.122909755 79.879272461
-0.120892093 0.071919680 0.990056872 87.625854492 0.023021653 0.997306824 -0.069635242 -5.678737640 -0.992398679 0.014374395 -0.122222237 79.735649109
-0.119972736 0.071552999 0.990195215 88.832763672 0.022194963 0.997343361 -0.069380365 -5.765135765 -0.992528975 0.013653596 -0.121242106 79.598320007
-0.118638776 0.072247341 0.990305603 90.043678284 0.023590183 0.997272968 -0.069929533 -5.856554508 -0.992657363 0.015065137 -0.120019555 79.452995300
-0.117396459 0.070011780 0.990614176 91.253349304 0.023839241 0.997422993 -0.067667864 -5.952938080 -0.992798865 0.015671523 -0.118762955 79.310783386
-0.116190709 0.069294654 0.990806639 92.477920532 0.022329649 0.997493327 -0.067143731 -6.039654732 -0.992975891 0.014322891 -0.117446780 79.170959473
-0.115101747 0.068500318 0.990988970 93.699531555 0.023348670 0.997530460 -0.066240557 -6.128031254 -0.993079245 0.015513869 -0.116416901 79.033721924
-0.113058254 0.069468953 0.991156876 94.920974731 0.021502340 0.997490227 -0.067460142 -6.215485096 -0.993355811 0.013685269 -0.114268221 78.894317627
-0.112372816 0.072056063 0.991050005 96.147575378 0.021967424 0.997303665 -0.070019901 -6.308368683 -0.993423283 0.013902484 -0.113652721 78.766052246
-0.110989414 0.071007878 0.991281629 97.390754700 0.019514125 0.997407615 -0.069261789 -6.395877838 -0.993629992 0.011656668 -0.112087347 78.633804321
-0.111217365 0.069820814 0.991340399 98.636062622 0.016044928 0.997525096 -0.068456344 -6.490110397 -0.993666589 0.008292450 -0.112062380 78.513916016
-0.110437155 0.071367651 0.991317451 99.895477295 0.014045727 0.997431040 -0.070243031 -6.572741508 -0.993783772 0.006166332 -0.111155868 78.367912292
-0.111097321 0.070556208 0.991301775 101.159858704 0.010994577 0.997502983 -0.069765382 -6.668665886 -0.993748724 0.003148197 -0.111595646 78.241943359
-0.112922579 0.067769609 0.991290092 102.419204712 0.008577880 0.997700572 -0.067230716 -6.762193680 -0.993566692 0.000911300 -0.113244265 78.117630005
-0.113720909 0.066299565 0.991298020 103.682395935 0.006335432 0.997799039 -0.066007569 -6.856485844 -0.993492544 -0.001226138 -0.113890655 77.972587585
-0.115162939 0.065502726 0.991184592 104.944259644 0.004181249 0.997846544 -0.065457188 -6.946414471 -0.993337810 -0.003393853 -0.115188852 77.830726624
-0.116904907 0.065704696 0.990967274 106.167663574 0.004482694 0.997834027 -0.065631144 -7.039896488 -0.993133008 -0.003230400 -0.116946228 77.689247131
-0.118856385 0.064599223 0.990807950 107.418861389 0.004039127 0.997904539 -0.064577401 -7.125783920 -0.992903233 -0.003673436 -0.118868247 77.541213989
-0.122156799 0.059639793 0.990717471 108.670364380 0.001494612 0.998202920 -0.059906125 -7.215875149 -0.992509604 -0.005837203 -0.122026414 77.394851685
-0.126563072 0.059408244 0.990177989 109.921478271 0.000045063 0.998205364 -0.059884105 -7.304754257 -0.991958559 -0.007534496 -0.126338616 77.246452332
-0.132177338 0.065069899 0.989087999 111.168388367 -0.004927129 0.997787535 -0.066300683 -7.392750263 -0.991213858 -0.013636814 -0.131564334 77.095726013
-0.139552981 0.067912981 0.987882912 112.407218933 -0.004339585 0.997593820 -0.069193579 -7.488817692 -0.990205109 -0.013943171 -0.138922453 76.928611755
-0.148215771 0.064132147 0.986873329 113.651443481 -0.002068505 0.997872829 -0.065157622 -7.580747604 -0.988952816 -0.011698742 -0.147767872 76.737640381
-0.159680575 0.061883971 0.985227048 114.887725830 -0.000243945 0.998030663 -0.062727727 -7.673785686 -0.987168729 -0.010256739 -0.159350991 76.553672791
-0.173459753 0.062859125 0.982832789 116.093429565 -0.000330890 0.997957230 -0.063884825 -7.761251926 -0.984840930 -0.011406655 -0.173084587 76.363647461
-0.187016413 0.062596411 0.980360448 117.309486389 0.001794020 0.997987807 -0.063379690 -7.855669975 -0.982355177 -0.010094255 -0.186752379 76.133125305
-0.201196045 0.060697641 0.977668643 118.527801514 0.002626486 0.998108327 -0.061426096 -7.942279816 -0.979547501 -0.009790855 -0.200974837 75.884872437
-0.216353342 0.063190714 0.974268019 119.729309082 0.006486063 0.997974217 -0.063287929 -8.033065796 -0.976293564 -0.007373394 -0.216324881 75.621253967
-0.231650338 0.066307522 0.970536649 120.920829773 0.006594385 0.997758329 -0.066593349 -8.123865128 -0.972776771 -0.009026282 -0.231568366 75.350189209
-0.246813893 0.070272863 0.966511488 122.100502014 0.007310855 0.997474015 -0.070657119 -8.216972351 -0.969035327 -0.010373130 -0.246704176 75.050842285
-0.263375401 0.067818247 0.962306678 123.287361145 0.003040215 0.997579277 -0.069471993 -8.312025070 -0.964688659 -0.015371594 -0.262943953 74.748756409
-0.279052466 0.062100913 0.958265722 124.473182678 -0.002684199 0.997852385 -0.065448016 -8.406982422 -0.960272074 -0.020835603 -0.278286546 74.415069580
-0.294815660 0.058344942 0.953771234 125.645248413 -0.006059030 0.997999966 -0.062923416 -8.493026733 -0.955534935 -0.024329737 -0.293872505 74.069404602
-0.309917063 0.059695408 0.948887706 126.800689697 -0.007803177 0.997833669 -0.065323249 -8.580688477 -0.950731575 -0.027649133 -0.308779866 73.708183289
-0.324116528 0.061576735 0.944011152 127.940467834 -0.007985082 0.997665763 -0.067818180 -8.670322418 -0.945983469 -0.029518995 -0.322868288 73.320777893
-0.337777704 0.063702531 0.939067662 129.079238892 -0.006642516 0.997520804 -0.070057034 -8.763313293 -0.941202462 -0.029901478 -0.336517215 72.916442871
-0.352058619 0.063798606 0.933801055 130.213928223 -0.004525668 0.997546554 -0.069860041 -8.853727341 -0.935966909 -0.028820906 -0.350906223 72.500015259
-0.366235375 0.061608877 0.928480446 131.341918945 -0.005251500 0.997653067 -0.068270236 -8.946083069 -0.930507421 -0.029878890 -0.365052372 72.071769714
-0.380433053 0.060072158 0.922855258 132.446533203 -0.005660675 0.997718096 -0.067278787 -9.042037010 -0.924791038 -0.030819068 -0.379224986 71.628189087
-0.395572215 0.061156489 0.916396499 133.550170898 -0.007232072 0.997542143 -0.069693625 -9.134922981 -0.918406427 -0.034196302 -0.394157618 71.174430847
-0.410758853 0.063315049 0.909542978 134.635345459 -0.006328637 0.997363746 -0.072286509 -9.225461006 -0.911722064 -0.035448488 -0.409275264 70.709121704
-0.425550550 0.065075405 0.902591825 135.715026855 -0.005055479 0.997224391 -0.074281819 -9.318349838 -0.904920697 -0.036173701 -0.424040437 70.215698242
-0.440287143 0.067473061 0.895318151 136.786163330 -0.002341591 0.997082651 -0.076293759 -9.419510841 -0.897853971 -0.035687629 -0.438844681 69.703407288
-0.455257952 0.070989996 0.887524903 137.859008789 -0.002401007 0.996714771 -0.080955312 -9.516830444 -0.890356243 -0.038986497 -0.453591913 69.168624878
-0.470256150 0.073514201 0.879462838 138.938125610 -0.001039888 0.996477723 -0.083851479 -9.619371414 -0.882529378 -0.040346216 -0.468523264 68.597686768
-0.485889375 0.070836119 0.871145070 140.017837524 -0.002564070 0.996590436 -0.082466707 -9.719669342 -0.874016464 -0.042303365 -0.484051138 68.014251709
-0.501361728 0.066551551 0.862674534 141.086929321 -0.005214253 0.996787012 -0.079928100 -9.824900627 -0.865222096 -0.044571090 -0.499403775 67.393203735
-0.517702997 0.066382401 0.852981210 142.150100708 -0.005789232 0.996690750 -0.081080131 -9.934353828 -0.855540812 -0.046913538 -0.515605509 66.775268555
-0.533596218 0.065493606 0.843199670 143.202835083 -0.007138335 0.996612787 -0.081926912 -10.036594391 -0.845709264 -0.049734943 -0.531321287 66.129867554
-0.549575508 0.064493053 0.832951009 144.245666504 -0.007848321 0.996573389 -0.082340144 -10.138648033 -0.835407197 -0.051789399 -0.547186196 65.466674805
-0.565353215 0.063786253 0.822378874 145.285171509 -0.008964691 0.996471465 -0.083452284 -10.252120018 -0.824800193 -0.054552399 -0.562786520 64.779342651
-0.580815613 0.063119888 0.811584473 146.301757812 -0.009316550 0.996408403 -0.084161811 -10.358866692 -0.813981831 -0.056443639 -0.578141630 64.071800232
-0.596081436 0.060283441 0.800657749 147.324798584 -0.009857943 0.996552825 -0.082372002 -10.467725754 -0.802863479 -0.056993265 -0.593432426 63.339454651
-0.611030042 0.056810308 0.789566278 148.321563721 -0.009820309 0.996800780 -0.079320833 -10.574918747 -0.791546524 -0.056221209 -0.608517289 62.584289551
-0.625673831 0.055040117 0.778140545 149.301773071 -0.008976283 0.996933758 -0.077733494 -10.682657242 -0.780033112 -0.055620626 -0.623261273 61.805358887
-0.640345573 0.053346019 0.766232133 150.268402100 -0.010035135 0.996919036 -0.077793159 -10.788547516 -0.768021166 -0.057503756 -0.637837410 61.017974854
-0.655288219 0.054246612 0.753428459 151.226058960 -0.011076535 0.996620774 -0.081390090 -10.893999100 -0.755297720 -0.061679352 -0.652473152 60.221221924
-0.670646489 0.053356785 0.739855647 152.144927979 -0.013283039 0.996385753 -0.083897673 -11.008157730 -0.741658151 -0.066093221 -0.667513907 59.428012848
-0.686400354 0.050410561 0.725474775 153.099578857 -0.014577612 0.996440291 -0.083031423 -11.121564865 -0.727077901 -0.067568474 -0.683221877 58.548393250
-0.702699125 0.042682052 0.710205734 154.022674561 -0.018135117 0.996800184 -0.077849299 -11.235836029 -0.711255968 -0.067584299 -0.699676573 57.669265747
-0.719285429 0.040228158 0.693548799 154.929962158 -0.018990526 0.996810555 -0.077513583 -11.343554497 -0.694455028 -0.068925254 -0.716227412 56.754959106
-0.736636281 0.037300341 0.675259709 155.815917969 -0.021162465 0.996717513 -0.078143179 -11.446357727 -0.675957918 -0.071853258 -0.733428895 55.825847626
-0.753526866 0.033582874 0.656558812 156.672225952 -0.024022978 0.996620834 -0.078547955 -11.554419518 -0.656978071 -0.074960493 -0.750173807 54.873291016
-0.769519508 0.032012623 0.637820482 157.505599976 -0.023320727 0.996667922 -0.078159466 -11.657655716 -0.638197362 -0.075019687 -0.766208947 53.886459351
-0.785508156 0.034175478 0.617906988 158.317504883 -0.021027269 0.996423542 -0.081841365 -11.768854141 -0.618494034 -0.077279955 -0.781980157 52.887878418
-0.800245404 0.033840090 0.598716915 159.088775635 -0.017585538 0.996652842 -0.079836689 -11.875898361 -0.599414587 -0.074417703 -0.796971679 51.869934082
-0.814104021 0.035210978 0.579650640 159.832794189 -0.013452177 0.996748805 -0.079440914 -11.990551949 -0.580563247 -0.072470732 -0.810983539 50.826557159
-0.827966273 0.036298495 0.559601843 160.548950195 -0.011631619 0.996576488 -0.081852525 -12.105939865 -0.560657263 -0.074280202 -0.824709594 49.775070190
-0.841397464 0.038051613 0.539075375 161.243499756 -0.010402197 0.996192873 -0.086553998 -12.219655991 -0.540316463 -0.078433894 -0.837798417 48.713024139
-0.853941917 0.038809191 0.518919110 161.923522949 -0.007247299 0.996231318 -0.086432941 -12.340040207 -0.520317852 -0.077569455 -0.850442410 47.615196228
-0.865461648 0.036806889 0.499621242 162.578445435 -0.006022304 0.996460974 -0.083840907 -12.460336685 -0.500939012 -0.075569943 -0.862177074 46.513431549
-0.875402391 0.038687594 0.481844276 163.205596924 -0.003044411 0.996331215 -0.085527107 -12.579300880 -0.483385384 -0.076337546 -0.872072935 45.372779846
-0.884961545 0.041132629 0.463843942 163.817687988 -0.000638420 0.995983064 -0.089539535 -12.693558693 -0.465663701 -0.079535186 -0.881380439 44.251876831
-0.893785238 0.038659912 0.446825832 164.415023804 -0.002450205 0.995842159 -0.091062598 -12.814594269 -0.448488533 -0.082485221 -0.889974296 43.121395111
-0.901858091 0.035993766 0.430530369 164.983734131 -0.003398635 0.995901525 -0.090379998 -12.940292358 -0.432019025 -0.082973160 -0.898039460 41.973579407
-0.908843756 0.034163650 0.415735215 165.531402588 -0.003994224 0.995882094 -0.090569861 -13.066325188 -0.417117596 -0.083974391 -0.904964805 40.815147400
-0.915289640 0.031863630 0.401534051 166.058090210 -0.004779306 0.995936930 -0.089926675 -13.190100670 -0.402767986 -0.084227994 -0.911418438 39.650894165
-0.921275556 0.029364811 0.387800038 166.566787720 -0.005762084 0.996005476 -0.089107707 -13.317033768 -0.388867557 -0.084327318 -0.917426169 38.466796875
-0.926609874 0.024410468 0.375230968 167.053619385 -0.008301103 0.996319532 -0.085314155 -13.438119888 -0.375932425 -0.082167767 -0.922996879 37.286132812
-0.931735456 0.021002872 0.362529874 167.549209595 -0.009429141 0.996590078 -0.081970386 -13.558723450 -0.363015383 -0.079793051 -0.928360343 36.097332001
-0.935683489 0.021403976 0.352190614 167.998870850 -0.006887718 0.996860087 -0.078881942 -13.667793274 -0.352773249 -0.076234348 -0.932598174 34.892723083
-0.939044416 0.025471464 0.342851043 168.458053589 -0.002389431 0.996744037 -0.080595687 -13.780247688 -0.343787551 -0.076502152 -0.935926020 33.690910339
-0.941038847 0.030761879 0.336897075 168.884979248 0.003184027 0.996618450 -0.082106866 -13.894781113 -0.338283598 -0.076193042 -0.937954605 32.483371735
-0.942992687 0.033936139 0.331078500 169.313934326 0.006158387 0.996396661 -0.084591851 -14.006001472 -0.332756191 -0.077730596 -0.939803839 31.270606995
-0.944659770 0.030733777 0.326608807 169.743347168 0.003526212 0.996495605 -0.083570927 -14.120990753 -0.328032762 -0.077794403 -0.941457689 30.056032181
-0.946614027 0.023359530 0.321521819 170.180587769 -0.002533366 0.996801317 -0.079879284 -14.239397049 -0.322359234 -0.076429382 -0.943526924 28.838964462
-0.948407710 0.017337555 0.316578925 170.608169556 -0.007920147 0.996896625 -0.078322574 -14.346507072 -0.316954464 -0.076789081 -0.945327103 27.613836288
-0.949954867 0.010816309 0.312199950 171.026062012 -0.014830546 0.996711969 -0.079657584 -14.458869934 -0.312034965 -0.080301203 -0.946670949 26.392232895
-0.951016486 0.008218485 0.309030652 171.437286377 -0.018227387 0.996416628 -0.082592420 -14.567170143 -0.308602035 -0.084179565 -0.947458923 25.159605026
-0.951777935 0.008667241 0.306665480 171.842010498 -0.018204110 0.996243954 -0.084655635 -14.687565804 -0.306247294 -0.086155936 -0.948045194 23.931991577
-0.952188671 0.009104036 0.305374652 172.247070312 -0.018311001 0.996058404 -0.086790696 -14.804878235 -0.304961145 -0.088232830 -0.948268771 22.720149994
-0.952211618 0.011738650 0.305213451 172.645553589 -0.016089721 0.995946050 -0.088501617 -14.924255371 -0.305014968 -0.089183070 -0.948162556 21.511133194
-0.951659858 0.012606727 0.306895524 173.042846680 -0.015757149 0.995837986 -0.089768998 -15.053038597 -0.306749940 -0.090265319 -0.947500229 20.279521942
-0.951151788 0.013842799 0.308413178 173.447509766 -0.015030917 0.995733082 -0.091048054 -15.183676720 -0.308357537 -0.091236264 -0.946885347 19.050441742
-0.950439930 0.015825059 0.310505211 173.844848633 -0.012966458 0.995817304 -0.090441972 -15.310173035 -0.310637802 -0.089985818 -0.946259320 17.828243256
-0.949733078 0.015242241 0.312689632 174.251586914 -0.013933291 0.995766282 -0.090858839 -15.434883118 -0.312750697 -0.090648435 -0.945499778 16.623764038
-0.948491096 0.014104770 0.316489607 174.662887573 -0.015365316 0.995784581 -0.090426892 -15.564723015 -0.316430956 -0.090632074 -0.944275975 15.412193298
-0.946872413 0.012836508 0.321352959 175.071319580 -0.016293485 0.996005356 -0.087794684 -15.692423820 -0.321196169 -0.088366322 -0.942880809 14.212760925
-0.945028543 0.010767459 0.326810330 175.502883911 -0.018064348 0.996212184 -0.085058510 -15.812440872 -0.326488227 -0.086286329 -0.941254675 13.006000519
-0.942581713 0.008574105 0.333865494 175.933776855 -0.019929662 0.996444881 -0.081856176 -15.927762985 -0.333380461 -0.083809964 -0.939059854 11.805362701
-0.940169632 0.010765207 0.340536535 176.368896484 -0.018210743 0.996484160 -0.081778437 -16.043670654 -0.340219706 -0.083087012 -0.936668098 10.624191284
-0.937046766 0.011261001 0.349022269 176.809478760 -0.018440358 0.996489823 -0.081659406 -16.157777786 -0.348716617 -0.082954779 -0.933549702 9.440731049
-0.933247507 0.014454878 0.358943135 177.254714966 -0.016883435 0.996321023 -0.084019206 -16.273406982 -0.358837098 -0.084470913 -0.929570138 8.252334595
-0.929199457 0.015414979 0.369256824 177.723236084 -0.016575906 0.996385992 -0.083306782 -16.381477356 -0.369206488 -0.083529383 -0.925585985 7.074680328
-0.924251795 0.017277602 0.381392300 178.204681396 -0.016017880 0.996340990 -0.083952747 -16.506336212 -0.381447285 -0.083702587 -0.920593202 5.900932312
-0.918806314 0.019545030 0.394224495 178.709564209 -0.015401671 0.996237278 -0.085288055 -16.618144989 -0.394408077 -0.084434949 -0.915048003 4.743217468
-0.912930191 0.021877842 0.407528758 179.231475830 -0.014157714 0.996263266 -0.085199147 -16.736532211 -0.407869905 -0.083550565 -0.909209251 3.576927185
-0.906884789 0.021267606 0.420841604 179.775100708 -0.014755061 0.996510267 -0.082155682 -16.856264114 -0.421120197 -0.080715269 -0.903406143 2.409736633
-0.900606692 0.023918612 0.433976710 180.326202393 -0.013464951 0.996469855 -0.082863435 -16.968009949 -0.434426725 -0.080470815 -0.897105277 1.286293030
-0.893464744 0.026349457 0.448359758 180.881835938 -0.011717574 0.996570289 -0.081917070 -17.077491760 -0.448980451 -0.078443699 -0.890091658 0.143089294
-0.886694789 0.028120477 0.461499274 181.464981079 -0.009879109 0.996768594 -0.079717070 -17.186346054 -0.462249666 -0.075243898 -0.883551717 -0.949234009
-0.879176557 0.029712429 0.475568801 182.065429688 -0.008123060 0.996974349 -0.077305607 -17.293689728 -0.476426870 -0.071828343 -0.876275063 -2.053756714
-0.871532798 0.032737203 0.489243001 182.688461304 -0.005004457 0.997122884 -0.075636372 -17.399457932 -0.490311503 -0.068367980 -0.868861556 -3.140594482
-0.862869620 0.035865225 0.504152477 183.319137573 -0.001663816 0.997272193 -0.073793218 -17.509525299 -0.505423844 -0.064512745 -0.860456169 -4.208274841
-0.852985144 0.038816024 0.520489812 183.963699341 0.001126497 0.997365355 -0.072533347 -17.613275528 -0.521933973 -0.061283544 -0.850781560 -5.255996704
-0.842493415 0.041948494 0.537070930 184.621383667 0.004206543 0.997445345 -0.071307808 -17.715675354 -0.538690209 -0.057817157 -0.840517700 -6.288970947
-0.831213057 0.043812197 0.554224908 185.304962158 0.005634945 0.997502744 -0.070402734 -17.815769196 -0.555925429 -0.055396635 -0.829384089 -7.328979492
-0.820056260 0.046385966 0.570399940 186.019683838 0.007516223 0.997496724 -0.070312269 -17.912570953 -0.572233558 -0.053372756 -0.818352044 -8.338584900
-0.808122337 0.048432332 0.587019920 186.745941162 0.009005233 0.997513056 -0.069903150 -18.011766434 -0.588945806 -0.051204059 -0.806548953 -9.323051453
-0.794535458 0.049870990 0.605166256 187.479888916 0.011029874 0.997642517 -0.067733102 -18.104713440 -0.607117593 -0.047141440 -0.793212354 -10.303672791
-0.779587150 0.051530659 0.624170065 188.243316650 0.012799297 0.997712016 -0.066383496 -18.196979523 -0.626162708 -0.043762792 -0.778463244 -11.256202698
