1.000000000 0.000000000 0.000000000 0.000000000 0.000000000 1.000000000 0.000000000 0.000000000 0.000000000 0.000000000 1.000000000 0.000000000
0.999998271 0.001104209 0.001513625 -0.005798480 -0.001097421 0.999989331 -0.004478146 -0.004608532 -0.001518554 0.004476477 0.999988794 0.957627892
0.999996960 -0.001174455 0.002161911 -0.003007714 0.001185967 0.999985099 -0.005331572 -0.001407741 -0.002155617 0.005334120 0.999983430 1.916010976
0.999993980 -0.002572274 0.002320200 -0.002697052 0.002575541 0.999995708 -0.001406390 0.000120463 -0.002316572 0.001412357 0.999996305 2.876313686
0.999985278 -0.005185278 0.001565271 -0.000483993 0.005177973 0.999975801 0.004634708 -0.001947388 -0.001589265 -0.004626535 0.999987960 3.836086988
0.999961197 -0.008806298 -0.000072574 0.005128843 0.008806543 0.999950230 0.004686401 0.000991562 0.000031301 -0.004686859 0.999988973 4.783550262
0.999934554 -0.011392370 -0.001065539 0.004282974 0.011394192 0.999933600 0.001719472 0.006371100 0.001045879 -0.001731500 0.999997914 5.728697300
0.999928117 -0.011830186 -0.001943331 0.001881386 0.011826512 0.999928296 -0.001890729 0.010029756 0.001965559 0.001867610 0.999996305 6.666796207
0.999933124 -0.011277820 -0.002532899 -0.008738035 0.011271643 0.999933481 -0.002440206 0.010875123 0.002560250 0.002411492 0.999993801 7.611141205
0.999936640 -0.010875723 -0.002908600 -0.030951260 0.010873451 0.999940574 -0.000796039 0.012828760 0.002917085 0.000764363 0.999995470 8.549898148
0.999936759 -0.010719528 -0.003405432 -0.039893970 0.010726279 0.999940515 0.001970174 0.014660984 0.003384110 -0.002006577 0.999992251 9.482210159
0.999930561 -0.010896961 -0.004467218 -0.044348266 0.010912049 0.999934793 0.003366777 0.019281028 0.004430238 -0.003415291 0.999984384 10.410879135
0.999919057 -0.011835065 -0.004671938 -0.055736091 0.011854796 0.999920845 0.004218436 0.020501139 0.004621644 -0.004273480 0.999980211 11.333100319
0.999912739 -0.012038448 -0.005442956 -0.061930463 0.012060426 0.999919116 0.004023063 0.027444923 0.005394085 -0.004088357 0.999977112 12.249814987
0.999901950 -0.012571645 -0.006166053 -0.070456140 0.012588969 0.999916911 0.002778593 0.025768118 0.006130608 -0.002855944 0.999977052 13.170805931
0.999887764 -0.012986485 -0.007461050 -0.080203846 0.012992252 0.999915361 0.000724785 0.030215202 0.007451006 -0.000821640 0.999971926 14.085206032
0.999862313 -0.014016630 -0.008885093 -0.091341183 0.014014500 0.999901772 -0.000301941 0.027354464 0.008888452 0.000177379 0.999960482 14.990770340
0.999847233 -0.013817615 -0.010698833 -0.101894736 0.013809176 0.999904275 -0.000862352 0.026157554 0.010709723 0.000714478 0.999942422 15.896231651
0.999837875 -0.012579749 -0.012883205 -0.110363193 0.012557349 0.999919415 -0.001818210 0.025732119 0.012905038 0.001656136 0.999915361 16.798248291
0.999832988 -0.010947996 -0.014635413 -0.127523005 0.010924081 0.999938786 -0.001712883 0.024082275 0.014653267 0.001552719 0.999891341 17.692914963
0.999804199 -0.011600177 -0.016040312 -0.142467991 0.011584678 0.999932349 -0.001058789 0.025277320 0.016051514 0.000872760 0.999870718 18.588218689
0.999784350 -0.011269312 -0.017444279 -0.161914974 0.011279294 0.999936283 0.000474186 0.020756410 0.017437821 -0.000670843 0.999847651 19.481613159
0.999773085 -0.010742834 -0.018390151 -0.188336283 0.010758624 0.999941766 0.000759802 0.023337174 0.018380921 -0.000957482 0.999830604 20.362792969
0.999717474 -0.011855674 -0.020602355 -0.198369876 0.011864157 0.999929488 0.000289548 0.029085238 0.020597467 -0.000533896 0.999787688 21.246591568
0.999695659 -0.011444841 -0.021860791 -0.225461096 0.011438128 0.999934494 -0.000432054 0.033182353 0.021864306 0.000181876 0.999760926 22.114753723
0.999675632 -0.011503419 -0.022721950 -0.250866950 0.011514257 0.999933660 0.000346216 0.029212408 0.022716459 -0.000607730 0.999741793 22.986909866
0.999641716 -0.011449932 -0.024194602 -0.268448323 0.011497576 0.999932230 0.001831082 0.035734512 0.024172001 -0.002108605 0.999705613 23.844102859
0.999598801 -0.012383924 -0.025472624 -0.285534143 0.012510218 0.999910116 0.004804586 0.036395818 0.025410835 -0.005121326 0.999663889 24.697462082
0.999577463 -0.012435591 -0.026273176 -0.305402666 0.012601284 0.999901712 0.006150342 0.039784357 0.026194111 -0.006478819 0.999635875 25.539648056
0.999572396 -0.011963255 -0.026682438 -0.338453114 0.012100021 0.999914467 0.004970184 0.042620219 0.026620699 -0.005290916 0.999631524 26.374725342
0.999568522 -0.010102704 -0.027585993 -0.366128474 0.010168087 0.999945819 0.002230849 0.046005417 0.027561963 -0.002510383 0.999616861 27.194797516
0.999554634 -0.009468739 -0.028296925 -0.393595278 0.009485979 0.999954820 0.000475047 0.050678868 0.028291149 -0.000743260 0.999599457 27.999479294
0.999525726 -0.008749243 -0.029523067 -0.417599112 0.008758829 0.999961555 0.000195477 0.050625429 0.029520225 -0.000453972 0.999563992 28.796630859
0.999489665 -0.009131651 -0.030611260 -0.443302065 0.009122584 0.999958217 -0.000435821 0.050285801 0.030613959 0.000156345 0.999531269 29.586715698
0.999425292 -0.008655767 -0.032774653 -0.472446561 0.008625432 0.999962151 -0.001066812 0.047378138 0.032782651 0.000783503 0.999462187 30.366666794
0.999357343 -0.009224141 -0.034639001 -0.507126689 0.009190327 0.999957144 -0.001135368 0.044184662 0.034647997 0.000816295 0.999399245 31.132942200
0.999284625 -0.008726482 -0.036797259 -0.539765894 0.008723441 0.999961913 -0.000243149 0.050036192 0.036797978 -0.000078024 0.999322712 31.896240234
0.999198318 -0.009062464 -0.038994823 -0.566364586 0.009161620 0.999955237 0.002364797 0.046928223 0.038971640 -0.002720156 0.999236763 32.645496368
0.999130189 -0.007948806 -0.040935054 -0.600000858 0.008100245 0.999960959 0.003534982 0.050811864 0.040905356 -0.003863491 0.999155581 33.387596130
0.999063432 -0.006779154 -0.042735580 -0.641103446 0.006947416 0.999968708 0.003789968 0.049314007 0.042708550 -0.004083320 0.999079227 34.116500854
0.998987079 -0.004284791 -0.044794030 -0.679937780 0.004424187 0.999985695 0.003013260 0.050499711 0.044780485 -0.003208385 0.998991728 34.820671082
0.998908103 -0.002918410 -0.046625584 -0.716325581 0.003034396 0.999992490 0.002417031 0.052525032 0.046618175 -0.002555873 0.998909533 35.537166595
0.998840809 -0.002368044 -0.048080325 -0.758173883 0.002537934 0.999990761 0.003472714 0.056471854 0.048071664 -0.003590713 0.998837411 36.223934174
0.998795807 -0.001105981 -0.049047783 -0.798396230 0.001373834 0.999984324 0.005427683 0.055027694 0.049041018 -0.005488530 0.998781681 36.907741547
0.998797417 0.001902439 -0.048990842 -0.840270996 -0.001616148 0.999981403 0.005882709 0.056735024 0.049001120 -0.005796460 0.998781919 37.590320587
0.998843789 0.004980640 -0.047813453 -0.880965889 -0.004794902 0.999980509 0.003998565 0.055303544 0.047832426 -0.003764680 0.998848259 38.253879547
0.998940885 0.006979163 -0.045479376 -0.924384773 -0.006946930 0.999975502 0.000866777 0.057477765 0.045484308 -0.000549917 0.998964906 38.903617859
0.999020875 0.007502170 -0.043598708 -0.949384153 -0.007553583 0.999970973 -0.001014618 0.060528539 0.043589830 0.001342951 0.999048531 39.550216675
0.999134660 0.008307539 -0.040757719 -0.975485027 -0.008328371 0.999965250 -0.000341316 0.064541116 0.040753461 0.000680466 0.999168992 40.193084717
0.999215841 0.013161425 -0.037342664 -1.011907101 -0.013072578 0.999911129 0.002622453 0.060241617 0.037373856 -0.002132233 0.999298990 40.827320099
0.999295175 0.017426701 -0.033248734 -1.044619679 -0.017233592 0.999832988 0.006085956 0.059907749 0.033349242 -0.005508672 0.999428511 41.456912994
0.999324679 0.022495212 -0.029053446 -1.068301201 -0.022304984 0.999727726 0.006855278 0.065293014 0.029199751 -0.006202612 0.999554276 42.060894012
0.999379575 0.026128743 -0.023617255 -1.087333679 -0.025965525 0.999636889 0.007191305 0.068825752 0.023796581 -0.006573608 0.999695122 42.649398804
0.999390364 0.029998150 -0.017861836 -1.106400728 -0.029839071 0.999513209 0.009107050 0.072442502 0.018126339 -0.008568519 0.999799132 43.218524933
0.999332845 0.034819290 -0.011014299 -1.122183204 -0.034705501 0.999343812 0.010359016 0.077244371 0.011367764 -0.009969848 0.999885678 43.765769958
0.999265373 0.038150530 -0.003608217 -1.132855177 -0.038112372 0.999222279 0.010109456 0.075860947 0.003991090 -0.009964511 0.999942303 44.300319672
0.999122620 0.041719891 0.003660674 -1.139378190 -0.041755684 0.999074638 0.010314423 0.076439768 -0.003226970 -0.010458225 0.999940097 44.809204102
0.998880744 0.045938287 0.011256135 -1.136189699 -0.046048388 0.998891890 0.009724888 0.079166174 -0.010796920 -0.010232328 0.999889255 45.299812317
0.998563826 0.050216977 0.018668903 -1.133272648 -0.050355252 0.998706698 0.007011687 0.078445494 -0.018292660 -0.007941690 0.999801278 45.748100281
0.998283863 0.052160777 0.026613647 -1.122799516 -0.052285176 0.998624384 0.004000187 0.077776410 -0.026368387 -0.005384821 0.999637783 46.181274414
0.998004615 0.052718401 0.034749985 -1.118226647 -0.052879959 0.998593867 0.003745977 0.079243436 -0.034503642 -0.005576079 0.999388933 46.596168518
0.997769594 0.051676806 0.042251706 -1.086689949 -0.051933918 0.998637974 0.005009802 0.082297757 -0.041935265 -0.007192924 0.999094367 46.986709595
0.997282922 0.053545438 0.050592888 -1.071422100 -0.053897426 0.998530686 0.005617731 0.083469301 -0.050217744 -0.008329293 0.998703361 47.361400604
0.996630788 0.056350626 0.059594736 -1.053612709 -0.056789383 0.998369932 0.005693071 0.085466385 -0.059176791 -0.009058236 0.998206437 47.712818146
0.995735645 0.061738331 0.068548352 -1.039205551 -0.062250949 0.998046041 0.005365368 0.081779927 -0.068083175 -0.009609686 0.997633517 48.023143768
0.994864404 0.065467946 0.077194773 -1.010371208 -0.066068225 0.997801244 0.005245337 0.085396647 -0.076681651 -0.010318521 0.997002244 48.328044891
0.994159698 0.064577982 0.086465441 -0.980908394 -0.065322042 0.997847378 0.005801068 0.083449870 -0.085904710 -0.011415291 0.996237874 48.607009888
0.993249655 0.063487716 0.097079806 -0.938301563 -0.064180583 0.997930169 0.004027888 0.080598176 -0.096623145 -0.010231338 0.995268464 48.883415222
0.992116153 0.061896246 0.108969517 -0.905446053 -0.062227540 0.998061895 -0.000360995 0.077800289 -0.108780682 -0.006422758 0.994044900 49.139266968
0.990531266 0.062905617 0.122027606 -0.856981277 -0.062826894 0.998014331 -0.004496721 0.076450586 -0.122068152 -0.003212471 0.992516518 49.403057098
0.988365531 0.064429268 0.137776211 -0.820842743 -0.064115137 0.997919738 -0.006721465 0.073484272 -0.137922689 -0.002190276 0.990440428 49.666500092
0.985798419 0.066501409 0.154204577 -0.777167797 -0.066053838 0.997783601 -0.008029900 0.071114302 -0.154396802 -0.002269941 0.988006234 49.916790009
0.982944191 0.067185432 0.171192288 -0.726105690 -0.066610068 0.997737527 -0.009109298 0.066973895 -0.171416983 -0.002449198 0.985195518 50.177120209
0.979671836 0.066403143 0.189298108 -0.664082527 -0.065606199 0.997790515 -0.010480187 0.067528129 -0.189575732 -0.002151985 0.981863618 50.437709808
0.975838244 0.065231517 0.208529264 -0.593930244 -0.064383335 0.997866154 -0.010859906 0.064688206 -0.208792657 -0.002828294 0.977955759 50.671371460
0.971287668 0.065235749 0.228789315 -0.525774956 -0.064191304 0.997865319 -0.012012155 0.059601784 -0.229084551 -0.003019030 0.973401845 50.920188904
0.965970576 0.067317344 0.249738291 -0.446002007 -0.065794803 0.997728527 -0.014449495 0.060965538 -0.250143737 -0.002473694 0.968205571 51.158859253
0.959605336 0.068716072 0.272829026 -0.371353149 -0.066726550 0.997633636 -0.016575675 0.055152297 -0.273322493 -0.002298834 0.961919725 51.389480591
0.952320695 0.070216708 0.296908975 -0.271491051 -0.068034358 0.997526109 -0.017690537 0.049349010 -0.297416598 -0.003352948 0.954741955 51.633560181
0.943765819 0.072756425 0.322509557 -0.171573639 -0.070519961 0.997336388 -0.018629732 0.041773140 -0.323005944 -0.005161261 0.946382761 51.879646301
0.933836460 0.074824154 0.349786609 -0.068304062 -0.072494738 0.997172892 -0.019767400 0.032988071 -0.350276709 -0.006898172 0.936620831 52.110607147
0.922609746 0.075727500 0.378228188 0.049562454 -0.073161073 0.997095346 -0.021173516 0.023208380 -0.378733009 -0.008136688 0.925470114 52.346904755
0.909878910 0.074058458 0.408210129 0.185455322 -0.070635632 0.997225761 -0.023475980 0.016292691 -0.408816218 -0.007473874 0.912586033 52.578392029
0.894964337 0.071134724 0.440430015 0.329275131 -0.066414610 0.997449398 -0.026144024 0.007713318 -0.441166580 -0.005853018 0.897406161 52.800998688
0.877767742 0.070418276 0.473882943 0.490434647 -0.063506715 0.997512281 -0.030596012 0.001212955 -0.474858582 -0.003238554 0.880056143 53.019653320
0.858159661 0.072313488 0.508264363 0.659057617 -0.062897906 0.997381032 -0.035705134 -0.006624937 -0.509515226 -0.001328047 0.860460639 53.246547699
0.836376250 0.074273698 0.543100536 0.842411041 -0.062298816 0.997237921 -0.040440574 -0.014115095 -0.544604123 -0.000010984 0.838693261 53.468357086
0.811911941 0.077073433 0.578669727 1.040370941 -0.063304007 0.997025013 -0.043974787 -0.028478265 -0.580337465 -0.000928453 0.814375579 53.689056396
0.784477532 0.080973372 0.614848137 1.259225845 -0.065995418 0.996709526 -0.047060411 -0.041373610 -0.616635561 -0.003659309 0.787240207 53.925933838
0.754604161 0.085068122 0.650642753 1.488048553 -0.069357961 0.996346712 -0.049826939 -0.059329748 -0.652504444 -0.007527641 0.757747531 54.154560089
0.721781552 0.086178206 0.686734855 1.746051788 -0.068993494 0.996234596 -0.052502777 -0.076743364 -0.688673615 -0.009484704 0.725009441 54.376686096
0.685003161 0.083813533 0.723702967 2.030601501 -0.065273121 0.996425986 -0.053615503 -0.094092369 -0.725610256 -0.010511560 0.688025713 54.610504150
0.645865023 0.082253747 0.759007633 2.338609695 -0.062178619 0.996543646 -0.055085685 -0.116437197 -0.760915399 -0.011616137 0.648747087 54.832351685
0.603410304 0.081936255 0.793210208 2.670694351 -0.060073413 0.996551335 -0.057241771 -0.132653475 -0.795164883 -0.013110574 0.606251538 55.048500061
0.557521582 0.081459403 0.826156199 3.034355164 -0.056141287 0.996595442 -0.060378533 -0.155042171 -0.828261912 -0.012719128 0.560196757 55.256088257
0.509147763 0.080496550 0.856906712 3.423379898 -0.053052798 0.996658683 -0.062102333 -0.177701354 -0.859042466 -0.013842029 0.511717200 55.453254700
0.460257262 0.078518845 0.884306550 3.838022232 -0.050899219 0.996776521 -0.062013585 -0.202463627 -0.886325300 -0.016468307 0.462770164 55.642299652
0.410639226 0.076339789 0.908596456 4.269943237 -0.050769370 0.996857345 -0.060810249 -0.225812793 -0.910383284 -0.021157801 0.413224399 55.806724548
0.360485882 0.075985059 0.929664552 4.728137970 -0.053846776 0.996709704 -0.060585335 -0.251499176 -0.931209147 -0.028219286 0.363391280 55.963130951
0.310493141 0.076582022 0.947485745 5.204421997 -0.051515300 0.996640325 -0.063673325 -0.268082976 -0.949178696 -0.029039867 0.313395113 56.110683441
0.263738245 0.072960362 0.961831033 5.682832718 -0.040041454 0.997103930 -0.064656451 -0.302505970 -0.963762820 -0.021460729 0.265895873 56.186737061
0.219675422 0.067520715 0.973233521 6.202097893 -0.026202559 0.997650504 -0.063300326 -0.322740972 -0.975220978 -0.011595684 0.220928505 56.267501831
0.178213388 0.066438705 0.981746256 6.717460632 -0.016849041 0.997777641 -0.064465053 -0.351268291 -0.983847618 -0.005052946 0.178936794 56.310165405
0.139369756 0.067983702 0.987904131 7.252856731 -0.013566715 0.997677922 -0.066742390 -0.375150919 -0.990147471 -0.004100742 0.139968470 56.370269775
0.106714733 0.068888217 0.991900384 7.801098347 -0.004496136 0.997620225 -0.068801746 -0.404636264 -0.994279504 0.002882440 0.106770508 56.400218964
0.078149751 0.066937454 0.994691908 8.360192299 0.002275084 0.997728825 -0.067320585 -0.448662162 -0.996939063 0.007524095 0.077819966 56.414718628
0.053209513 0.065382503 0.996440589 8.935174942 0.009161002 0.997780263 -0.065959610 -0.480883777 -0.998541355 0.012638070 0.052492421 56.422950745
0.033453934 0.064624071 0.997348785 9.513604164 0.014223280 0.997775495 -0.065128811 -0.505382776 -0.999339044 0.016364386 0.032460351 56.424034119
0.017336605 0.066770896 0.997617722 10.114508629 0.017075298 0.997602403 -0.067066625 -0.530338228 -0.999703825 0.018197326 0.016154908 56.432746887
0.003806190 0.066366978 0.997788012 10.718140602 0.017296022 0.997641623 -0.066423215 -0.572696626 -0.999843180 0.017510587 0.002649329 56.430263519
-0.007531068 0.067125581 0.997716129 11.333744049 0.018798957 0.997577608 -0.066974342 -0.607252896 -0.999794900 0.018251630 -0.008774717 56.413894653
-0.016227547 0.069907039 0.997421503 11.958617210 0.023280296 0.997308850 -0.069520392 -0.648139775 -0.999597251 0.022092119 -0.017811337 56.394287109
-0.022908228 0.071932703 0.997146368 12.589036942 0.027509924 0.997075796 -0.071295604 -0.681228817 -0.999359012 0.025798166 -0.024820102 56.373226166
-0.027295118 0.071130067 0.997093439 13.224380493 0.028088534 0.997125864 -0.070363469 -0.717199206 -0.999232709 0.026086316 -0.029214611 56.345993042
-0.030564828 0.068521239 0.997181356 13.877273560 0.025810206 0.997368813 -0.067743026 -0.752181232 -0.999199510 0.023666905 -0.032252949 56.323394775
-0.033400387 0.061601348 0.997541845 14.550840378 0.023878107 0.997862995 -0.060821678 -0.789499760 -0.999156773 0.021787947 -0.034799926 56.313899994
-0.034619663 0.056091182 0.997825265 15.233791351 0.024658704 0.998167753 -0.055254888 -0.824183762 -0.999096453 0.022692168 -0.035939362 56.285522461
-0.034908164 0.053476430 0.997958779 15.920440674 0.027474040 0.998241305 -0.052530549 -0.860432446 -0.999012828 0.025584213 -0.036315985 56.255104065
-0.034866583 0.055758640 0.997835219 16.617788315 0.030551586 0.998035192 -0.054702275 -0.899022818 -0.998924911 0.028578170 -0.036501594 56.227073669
-0.034065776 0.063006192 0.997431576 17.322479248 0.031819958 0.997573256 -0.061928373 -0.932907403 -0.998912930 0.029628592 -0.035987951 56.205226898
-0.031723425 0.071537592 0.996933222 18.029855728 0.032324597 0.996986985 -0.070512816 -0.962337613 -0.998973846 0.029988559 -0.033940252 56.183868408
-0.029647516 0.072058611 0.996959686 18.753957748 0.032953136 0.996926427 -0.071076244 -1.001164198 -0.999017000 0.030745715 -0.031930942 56.166934967
-0.027358236 0.067661017 0.997333229 19.501729965 0.032318044 0.997244895 -0.066768527 -1.046470881 -0.999103069 0.030405190 -0.029469538 56.146118164
-0.024725320 0.061185990 0.997820079 20.247192383 0.031986430 0.997662604 -0.060383741 -1.091331005 -0.999182343 0.030423697 -0.026624646 56.126258850
-0.022309618 0.059174404 0.997998357 20.984788895 0.030097043 0.997834086 -0.058491856 -1.140239477 -0.999297976 0.028731873 -0.024042273 56.120933533
-0.018787619 0.064809747 0.997720778 21.723733902 0.037652943 0.997234821 -0.064069167 -1.182584286 -0.999114275 0.036363412 -0.021175947 56.095539093
-0.015501758 0.070209078 0.997411847 22.448150635 0.039299913 0.996803582 -0.069555461 -1.225548387 -0.999107122 0.038119964 -0.018211421 56.084449768
-0.012803876 0.070937417 0.997398734 23.192274094 0.033285975 0.996957779 -0.070478775 -1.266255260 -0.999363840 0.032296993 -0.015126147 56.082096100
-0.009983759 0.067620419 0.997661173 23.938194275 0.028441403 0.997326434 -0.067313097 -1.308198333 -0.999545515 0.027702847 -0.011880285 56.091751099
-0.004993314 0.064100154 0.997931123 24.695745468 0.032527290 0.997425675 -0.063904963 -1.356552958 -0.999458373 0.032140888 -0.007065466 56.077819824
-0.001803653 0.064990386 0.997884274 25.440700531 0.037393525 0.997192383 -0.064877756 -1.406550884 -0.999298990 0.037197385 -0.004228808 56.077190399
0.001020995 0.069989137 0.997547150 26.177223206 0.036974400 0.996863008 -0.069978967 -1.448351979 -0.999315679 0.036955152 -0.001570014 56.082889557
0.004602429 0.070645727 0.997490764 26.919794083 0.033085566 0.996944547 -0.070759699 -1.493452907 -0.999441922 0.033328217 0.002251012 56.096485138
0.007948440 0.070037052 0.997512698 27.660833359 0.032326806 0.997004867 -0.070258997 -1.542605639 -0.999445736 0.032804850 0.005660558 56.109954834
0.011307583 0.066638686 0.997713089 28.428527832 0.036439501 0.997086704 -0.067009836 -1.596536040 -0.999271870 0.037113886 0.008846360 56.118675232
0.014579595 0.067362927 0.997622013 29.165725708 0.040595323 0.996865571 -0.067905121 -1.642422676 -0.999069273 0.041488808 0.011799277 56.129219055
0.018101107 0.068257913 0.997503459 29.912258148 0.043621037 0.996663094 -0.068991952 -1.689376116 -0.998884141 0.044760950 0.015063226 56.139823914
0.021279065 0.068144798 0.997448504 30.657012939 0.044211291 0.996634424 -0.069032364 -1.735453844 -0.998795569 0.045567431 0.018194675 56.148178101
0.024445632 0.066338055 0.997497618 31.403228760 0.045429107 0.996691406 -0.067397751 -1.785885334 -0.998668432 0.046963017 0.021351075 56.169876099
0.028151182 0.065322444 0.997467041 32.155883789 0.047338769 0.996655941 -0.066605330 -1.836329222 -0.998482108 0.049093880 0.024964757 56.186134338
0.031194078 0.065888368 0.997339308 32.900711060 0.045863111 0.996679664 -0.067279264 -1.877505064 -0.998460710 0.047839791 0.028068651 56.211570740
0.033846140 0.067507222 0.997144520 33.646999359 0.042858973 0.996700287 -0.068931915 -1.925614357 -0.998507679 0.045069668 0.030841168 56.247505188
0.037266381 0.067590125 0.997016966 34.393066406 0.044819642 0.996592939 -0.069236629 -1.970126629 -0.998299778 0.047266141 0.034110047 56.265949249
0.039423369 0.067680664 0.996927857 35.165969849 0.042725734 0.996676803 -0.069353186 -2.011493444 -0.998308718 0.045328610 0.036400653 56.309619904
0.041822232 0.067753360 0.996825159 35.913219452 0.040636964 0.996757090 -0.069453672 -2.063816309 -0.998298466 0.043412648 0.038933322 56.342086792
0.044179693 0.067575239 0.996735513 36.674831390 0.038075831 0.996870935 -0.069272116 -2.116365910 -0.998297751 0.041011956 0.041468475 56.388824463
0.047798969 0.069772013 0.996417165 37.448131561 0.036224298 0.996780097 -0.071535155 -2.163594246 -0.998199821 0.039513823 0.045117613 56.429313660
0.050315067 0.073207542 0.996046722 38.213417053 0.035338949 0.996554911 -0.075030029 -2.214168072 -0.998107910 0.038974382 0.047554653 56.481254578
0.053836379 0.075414449 0.995697916 38.986351013 0.035157118 0.996382594 -0.077367216 -2.268388510 -0.997930586 0.039171044 0.050990280 56.521694183
0.056410454 0.077591151 0.995388091 39.758159637 0.029275421 0.996418417 -0.079330549 -2.320818901 -0.997978508 0.033615474 0.053936902 56.579235077
0.059178080 0.076672278 0.995298624 40.543212891 0.025471650 0.996605396 -0.078287423 -2.375542402 -0.997922421 0.029984798 0.057024222 56.634559631
0.062604599 0.077368729 0.995035052 41.327827454 0.028020341 0.996461391 -0.079242587 -2.430337429 -0.997644901 0.032842170 0.060215164 56.686534882
0.066406213 0.078413844 0.994706750 42.115169525 0.027108399 0.996397436 -0.080356874 -2.491020441 -0.997424364 0.032301102 0.064041309 56.742137909
0.070041776 0.079200380 0.994395018 42.907203674 0.023269527 0.996442258 -0.081002444 -2.548623562 -0.997272611 0.028812658 0.067949630 56.811531067
0.074014269 0.077058353 0.994275570 43.714408875 0.022306394 0.996632814 -0.078901544 -2.605267048 -0.997007608 0.028018540 0.072046161 56.880851746
0.078690745 0.076740615 0.993940949 44.517517090 0.022855328 0.996631682 -0.078757860 -2.671162128 -0.996637046 0.028914358 0.076671757 56.946163177
0.083600208 0.080558062 0.993237853 45.307952881 0.019363437 0.996407509 -0.082444951 -2.726849079 -0.996311247 0.026124908 0.081740029 57.021903992
0.089270405 0.089066036 0.992017150 46.104328156 0.017401924 0.995702207 -0.090962850 -2.790998936 -0.995855391 0.025383299 0.087336823 57.106464386
0.096461713 0.094385020 0.990851462 46.910564423 0.015807614 0.995222926 -0.096340336 -2.848415375 -0.995211184 0.024956148 0.094508924 57.194763184
0.103881881 0.097001337 0.989848137 47.713157654 0.011384232 0.995051444 -0.098705985 -2.922864437 -0.994524479 0.021522423 0.102263525 57.283779144
0.110497385 0.095334813 0.989293396 48.532497406 0.007667248 0.995277464 -0.096767858 -2.994653702 -0.993846834 0.018277751 0.109244607 57.396446228
0.118056811 0.093723945 0.988573849 49.351402283 0.007502162 0.995423198 -0.095269226 -3.067706585 -0.992978513 0.018663622 0.116813354 57.499519348
0.125635058 0.089928478 0.987992406 50.168071747 0.006929233 0.995779276 -0.091518410 -3.143848419 -0.992052317 0.018343953 0.124481656 57.604064941
0.133031934 0.084521882 0.987501144 50.987297058 0.004815604 0.996290147 -0.085922882 -3.210785866 -0.991100073 0.016185902 0.132131413 57.724563599
0.139190391 0.077366740 0.987238705 51.811889648 0.002073113 0.996918440 -0.078417547 -3.272233009 -0.990263402 0.012961632 0.138601109 57.866142273
0.146591797 0.074410938 0.986394346 52.617977142 0.001985370 0.997142553 -0.075516805 -3.342667580 -0.989194989 0.013028503 0.146025240 57.991271973
0.153784052 0.076041311 0.985174179 53.416893005 0.002046768 0.997007787 -0.077274188 -3.406199455 -0.988102376 0.013899960 0.153168291 58.118801117
0.158824056 0.082434528 0.983859479 54.201168060 0.002592693 0.996469975 -0.083909661 -3.469133854 -0.987303495 0.015877718 0.158049673 58.260398865
0.164318517 0.086322412 0.982622862 54.983650208 0.000700935 0.996152937 -0.087628223 -3.527484179 -0.986407101 0.015087695 0.163625896 58.387397766
0.169330120 0.089429528 0.981493592 55.759307861 -0.000619376 0.995884001 -0.090633862 -3.594470501 -0.985559106 0.014739127 0.168688565 58.527748108
0.174749747 0.089124642 0.980570912 56.529064178 -0.002696539 0.995934367 -0.090040475 -3.656719208 -0.984609187 0.013090405 0.174279615 58.670520782
0.179329276 0.086326867 0.979994237 57.294349670 0.000960582 0.996126771 -0.087923743 -3.722975731 -0.983788550 0.016708663 0.178551778 58.817890167
0.183819026 0.079933077 0.979704678 58.051830292 0.001727203 0.996660352 -0.081640542 -3.779997826 -0.982958615 0.016699234 0.183067068 58.960494995
0.187370464 0.073977523 0.979499698 58.804046631 -0.000023882 0.997160435 -0.075306796 -3.838346004 -0.982289255 0.014086875 0.186840162 59.101539612
0.190070182 0.070639417 0.979225934 59.546073914 -0.004170367 0.997457266 -0.071145110 -3.898157597 -0.981761634 0.009438832 0.189881444 59.258312225
0.193215549 0.071157522 0.978572607 60.275676727 -0.005777100 0.997431874 -0.071388237 -3.946750879 -0.981139243 0.008140001 0.193130448 59.407836914
0.194814071 0.073272333 0.978099525 60.993583679 -0.007711689 0.997289300 -0.073173933 -3.999202013 -0.980809808 0.006712513 0.194851041 59.561683655
0.196632415 0.077705562 0.977393270 61.688789368 -0.011918251 0.996970356 -0.076864272 -4.051856995 -0.980404854 0.003465190 0.196962774 59.700222015
0.198413908 0.082058951 0.976677299 62.382732391 -0.012801374 0.996621013 -0.081133969 -4.102706909 -0.980034709 0.003595302 0.198793933 59.846534729
0.200441360 0.087748356 0.975768089 63.073440552 -0.013462134 0.996133685 -0.086814389 -4.156300545 -0.979613125 0.004265275 0.200847656 59.994377136
0.201884106 0.089810401 0.975282967 63.752502441 -0.012997163 0.995944798 -0.089022651 -4.211020470 -0.979323089 0.005296347 0.202232718 60.141021729
0.202750891 0.089696810 0.975113630 64.426116943 -0.015330867 0.995964587 -0.088427126 -4.268232346 -0.979110241 0.002979346 0.203307837 60.294689178
0.203009084 0.087059006 0.975298882 65.087516785 -0.015365443 0.996200144 -0.085726410 -4.324042797 -0.979056299 0.002417342 0.203575417 60.441360474
0.203765854 0.084768429 0.975342929 65.748123169 -0.015298925 0.996398509 -0.083402194 -4.378202915 -0.978900015 0.002072825 0.204328880 60.581420898
0.203577340 0.083442464 0.975496590 66.393661499 -0.014274809 0.996508598 -0.082260795 -4.432471275 -0.978954792 0.002821404 0.204057693 60.717670441
0.201594681 0.082648247 0.975975871 67.027069092 -0.014480078 0.996576309 -0.081401750 -4.485269547 -0.979362011 0.002277955 0.202101171 60.860260010
0.199883923 0.084297262 0.976186633 67.655265808 -0.016091553 0.996440291 -0.082751311 -4.532720089 -0.979687452 0.000832301 0.200528905 60.992076874
0.197160721 0.087102666 0.976494133 68.261825562 -0.017109687 0.996199250 -0.085405804 -4.587405682 -0.980221868 0.000131166 0.197901681 61.122596741
0.194719031 0.091134138 0.976616144 68.865516663 -0.014873996 0.995834053 -0.089961901 -4.636703491 -0.980746210 0.002991112 0.195263401 61.246673584
0.193085402 0.091504529 0.976905823 69.464431763 -0.012914273 0.995792627 -0.090721108 -4.692036152 -0.981096983 0.004900892 0.193454698 61.360816956
0.190390974 0.090843275 0.977496088 70.054985046 -0.013779046 0.995858550 -0.089865945 -4.735932350 -0.981611550 0.003640709 0.190854222 61.481956482
0.187772438 0.087931924 0.978268623 70.644920349 -0.013830936 0.996122599 -0.086881973 -4.786087036 -0.982115090 0.002783668 0.188260525 61.602165222
0.185688809 0.084066823 0.979005814 71.222717285 -0.013890826 0.996458352 -0.082930796 -4.840366364 -0.982510328 0.001800121 0.186198965 61.709457397
0.183876842 0.083107010 0.979429722 71.789894104 -0.010059100 0.996526301 -0.082669236 -4.893203735 -0.982897818 0.005348773 0.184074044 61.811729431
0.182255343 0.084691413 0.979597032 72.342384338 -0.006607215 0.996366560 -0.084911950 -4.936416626 -0.983229041 0.009003249 0.182152733 61.903964996
0.179946631 0.087030292 0.979818761 72.887016296 -0.002844293 0.996120453 -0.087955870 -4.978897572 -0.983672261 0.013040472 0.179496020 62.001285553
0.178064674 0.088505954 0.980030358 73.424301147 -0.002976725 0.995990753 -0.089406446 -5.026428223 -0.984014213 0.013002853 0.177614227 62.102989197
0.176735833 0.091147423 0.980028868 73.965637207 -0.003153605 0.995750248 -0.092040889 -5.069441795 -0.984253287 0.013176294 0.176272154 62.201637268
0.175182834 0.089788467 0.980432987 74.497817993 -0.001793152 0.995860159 -0.090880901 -5.116109371 -0.984534204 0.014162708 0.174618617 62.298034668
0.176519498 0.088720225 0.980290592 75.048652649 0.004466435 0.995846987 -0.090932406 -5.155870438 -0.984287024 0.020429743 0.175390154 62.382751465
0.178552285 0.086785205 0.980095625 75.595977783 0.009272012 0.995909929 -0.089874670 -5.199905396 -0.983886659 0.025134791 0.177017301 62.475517273
0.181425273 0.085884295 0.979647279 76.148918152 0.011919727 0.995913804 -0.089517862 -5.251295567 -0.983332515 0.027917927 0.179660231 62.560867310
0.184149489 0.085484952 0.979173779 76.700408936 0.009511448 0.996009111 -0.088743530 -5.299769402 -0.982852221 0.025655434 0.182601482 62.680633545
0.189229563 0.085952759 0.978163719 77.259887695 0.008037497 0.995992482 -0.089074276 -5.352557182 -0.981899977 0.024717478 0.187780425 62.801307678
0.196356446 0.085021585 0.976839542 77.826583862 0.009412535 0.996024311 -0.088583410 -5.393901348 -0.980487406 0.026588455 0.194775522 62.908393860
0.203857929 0.085630298 0.975248396 78.398620605 0.007388700 0.996004462 -0.088997230 -5.433660030 -0.978972614 0.025348611 0.202410713 63.037448883
0.212394103 0.083335280 0.973624289 78.970832825 0.007900222 0.996177852 -0.086989157 -5.483377934 -0.977152169 0.026167832 0.210923985 63.167419434
0.220981732 0.083035968 0.971736789 79.544509888 0.004127621 0.996280313 -0.086071916 -5.532061100 -0.975269139 0.023031283 0.219817042 63.315010071
0.230570272 0.082955182 0.969513178 80.126228333 0.002939254 0.996295333 -0.085945785 -5.577864647 -0.973051250 0.022666194 0.229472294 63.462467194
0.240697503 0.086659268 0.966723800 80.715690613 -0.002531475 0.996059000 -0.088658608 -5.627138615 -0.970597029 0.018892672 0.239968225 63.612197876
0.249748453 0.088832840 0.964227319 81.313453674 -0.005846808 0.995903313 -0.090236686 -5.671648026 -0.968293071 0.016898824 0.249244660 63.783721924
0.260364205 0.091820799 0.961134434 81.914863586 -0.010257811 0.995674670 -0.092341773 -5.721458912 -0.965455890 0.014183366 0.260179937 63.963146210
0.270699739 0.093443826 0.958117902 82.530509949 -0.011591886 0.995522022 -0.093816705 -5.775700569 -0.962594032 0.014289768 0.270570815 64.145278931
0.280192763 0.094193406 0.955311298 83.144531250 -0.014919099 0.995481312 -0.093778409 -5.830963135 -0.959827840 0.012023648 0.280331880 64.343620300
0.290883720 0.094344221 0.952095509 83.775276184 -0.016047385 0.995467365 -0.093739234 -5.889367580 -0.956623852 0.011988568 0.291079253 64.539459229
0.300840557 0.095316939 0.948899209 84.417297363 -0.020102363 0.995405495 -0.093615234 -5.937465191 -0.953462720 0.009088137 0.301374406 64.761672974
0.311398506 0.090606704 0.945949912 85.073974609 -0.020073114 0.995849133 -0.088778324 -5.993224144 -0.950067401 0.008657277 0.311924726 64.984909058
0.322474271 0.083671443 0.942872882 85.744552612 -0.016395293 0.996429920 -0.082816735 -6.046622276 -0.946436226 0.011247591 0.322694868 65.211318970
0.333414376 0.078998558 0.939464808 86.424270630 -0.014413740 0.996793747 -0.078703873 -6.100745201 -0.942670107 0.012699807 0.333484024 65.458663940
0.343589544 0.075830035 0.936053455 87.102912903 -0.015442159 0.997056007 -0.075103670 -6.151861191 -0.938992977 0.011350146 0.343749046 65.718208313
0.353488773 0.073196977 0.932570457 87.796691895 -0.009098131 0.997155726 -0.074817598 -6.199250221 -0.935394526 0.017962534 0.353149205 65.973815918
0.361867428 0.067880765 0.929754913 88.512229919 -0.002419377 0.997410595 -0.071878605 -6.241938591 -0.932226419 0.023761105 0.361094594 66.250564575
0.368928462 0.058584675 0.927609622 89.233329773 0.007046284 0.997806609 -0.065820523 -6.288832188 -0.929431081 0.030819271 0.367706448 66.529029846
0.376157939 0.053856220 0.924989045 89.965568542 0.012594897 0.997919858 -0.063224383 -6.338157177 -0.926469922 0.035432495 0.374697238 66.822067261
0.383273751 0.053688403 0.922073126 90.671234131 0.014497859 0.997836411 -0.064126045 -6.392449856 -0.923521042 0.037945911 0.381666094 67.119079590
0.390688092 0.060473911 0.918534577 91.392936707 0.016701225 0.997209966 -0.072757348 -6.428943157 -0.920371592 0.043766085 0.388587952 67.428504944
0.397639841 0.064931430 0.915241241 92.099685669 0.020375695 0.996622026 -0.079557471 -6.474530220 -0.917315304 0.050283886 0.394973546 67.738281250
0.402859271 0.067153186 0.912795067 92.818328857 0.018539947 0.996501386 -0.081493899 -6.528377533 -0.915074170 0.049753744 0.400204808 68.067451477
0.407039165 0.068598852 0.910831094 93.518745422 0.011377705 0.996717632 -0.080151930 -6.588586807 -0.913339734 0.042988151 0.404922694 68.397171021
0.410854697 0.072210863 0.908836544 94.217025757 0.004499722 0.996685565 -0.081225008 -6.652522087 -0.911689758 0.037461188 0.409168005 68.729515076
0.414924383 0.075065009 0.906754076 94.904151917 0.003902601 0.996434808 -0.084274985 -6.715810776 -0.909847438 0.038506445 0.413152218 69.051712036
0.418629020 0.079366818 0.904682636 95.575790405 0.000472193 0.996154666 -0.087610081 -6.773794174 -0.908157229 0.037103303 0.416981786 69.376342773
0.422270298 0.082082488 0.902745962 96.246253967 -0.002184848 0.995981038 -0.089537933 -6.835124969 -0.906467259 0.035836857 0.420752496 69.691398621
0.426364809 0.080203563 0.900988638 96.913055420 -0.003050898 0.996183217 -0.087233767 -6.898552895 -0.904546142 0.034444589 0.424982071 70.011978149
0.430760324 0.077239558 0.899154902 97.571418762 -0.001872738 0.996405065 -0.084696420 -6.955702782 -0.902464390 0.034799974 0.429356486 70.322982788
0.433981717 0.074606322 0.897827268 98.211441040 -0.002469101 0.996659935 -0.081625506 -7.013768673 -0.900918305 0.033207145 0.432716370 70.637603760
0.437507212 0.073396996 0.896214426 98.845352173 -0.003028873 0.996777892 -0.080154188 -7.073409081 -0.899209797 0.032353528 0.436319888 70.952995300
0.440590203 0.075233698 0.894550264 99.463432312 -0.005281383 0.996682048 -0.081221990 -7.127584934 -0.897692800 0.031061150 0.439525694 71.272941589
0.443306714 0.075236835 0.893206835 100.073844910 -0.004026270 0.996628284 -0.081949972 -7.185708046 -0.896360934 0.032732684 0.442114919 71.575157166
0.445854038 0.073179863 0.892109394 100.681411743 -0.001891359 0.996727347 -0.080816418 -7.240240097 -0.895103693 0.034345035 0.444533259 71.870193481
0.447322994 0.072173364 0.891455531 101.278038025 0.000134154 0.996733248 -0.080764078 -7.291488647 -0.894372463 0.036247235 0.445852041 72.173606873
0.449217498 0.072290674 0.890492976 101.867591858 -0.001232555 0.996770263 -0.080296546 -7.343976498 -0.893421590 0.034973022 0.447855681 72.474884033
0.451113999 0.071598545 0.889589787 102.443328857 0.000271514 0.996765673 -0.080362275 -7.393829346 -0.892466187 0.036494091 0.449635684 72.771102905
0.453856230 0.073540516 0.888035059 103.015563965 -0.000506715 0.996609688 -0.082272917 -7.444011688 -0.891074777 0.036890086 0.452354848 73.061912537
0.456639349 0.073356301 0.886622488 103.564918518 0.002399739 0.996489584 -0.083682306 -7.497773170 -0.889648676 0.040340293 0.454860270 73.340194702
0.459478438 0.072904848 0.885191739 104.115188599 0.003961674 0.996447384 -0.084124327 -7.547984123 -0.888180077 0.042160161 0.457557350 73.632385254
0.462773800 0.070925690 0.883634508 104.652847290 0.007468644 0.996446848 -0.083892122 -7.596120834 -0.886444926 0.045422636 0.460599780 73.907501221
0.466003656 0.070265487 0.881988287 105.185852051 0.008578114 0.996435881 -0.083915487 -7.643653870 -0.884741187 0.046670716 0.463740051 74.192565918
0.468881726 0.069639690 0.880511403 105.702651978 0.009478066 0.996432900 -0.083855100 -7.696303844 -0.883210123 0.047663670 0.466549039 74.475952148
0.472383976 0.068949059 0.878691852 106.216590881 0.009873115 0.996459067 -0.083497770 -7.745698452 -0.881337583 0.048118435 0.470030606 74.751167297
0.475804478 0.068700425 0.876863956 106.721206665 0.011629058 0.996366262 -0.084373340 -7.787044525 -0.879474223 0.050342310 0.473276645 75.029441833
0.479630023 0.069752395 0.874693930 107.227722168 0.011131332 0.996271491 -0.085551351 -7.836550236 -0.877400100 0.050769512 0.477065325 75.309837341
0.484050691 0.070208922 0.872218728 107.733451843 0.013377547 0.996065736 -0.087601997 -7.877968788 -0.874937713 0.054071967 0.481207043 75.590812683
0.488997787 0.073527917 0.869180501 108.225624084 0.010998636 0.995842040 -0.090430580 -7.930576324 -0.872215688 0.053780161 0.486155897 75.869598389
0.494453490 0.079490811 0.865561664 108.707290649 0.007589750 0.995376647 -0.095748320 -7.977165222 -0.869170964 0.053912479 0.491564125 76.151916504
0.499656707 0.086523019 0.861891508 109.187728882 0.002106326 0.994874656 -0.101093911 -8.031429291 -0.866220951 0.052327685 0.496913552 76.458610535
0.505901158 0.092736840 0.857591927 109.667419434 -0.003404923 0.994410992 -0.105523355 -8.086833954 -0.862584770 0.050464340 0.503389418 76.746894836
0.511869609 0.097305924 0.853534341 110.153892517 -0.007015518 0.994004548 -0.109112777 -8.140163422 -0.859034538 0.049863543 0.509483576 77.066772461
0.517310500 0.097768769 0.850194871 110.640014648 -0.011182438 0.994140267 -0.107517809 -8.190930367 -0.855724692 0.046112832 0.515372336 77.378059387
0.522698998 0.096893758 0.846993148 111.142822266 -0.017579792 0.994533956 -0.102923140 -8.241651535 -0.852336049 0.038907867 0.521545231 77.703582764
0.528253496 0.094311014 0.843832612 111.636375427 -0.023546044 0.995057106 -0.096472397 -8.297033310 -0.848760188 0.031092964 0.527863204 78.033889771
0.533998728 0.092480205 0.840412259 112.143455505 -0.030103875 0.995449305 -0.090412684 -8.355230331 -0.844949186 0.022980608 0.534352660 78.376632690
0.539807200 0.090486892 0.836911321 112.659637451 -0.032888304 0.995713651 -0.086443685 -8.407865524 -0.841145992 0.019138334 0.540469468 78.728630066
0.546586215 0.093987070 0.832111776 113.175025940 -0.037297927 0.995427787 -0.087933861 -8.448394775 -0.836571991 0.017027386 0.547592580 79.070587158
0.552773356 0.098211743 0.827524006 113.695373535 -0.041192919 0.995037258 -0.090576194 -8.494180679 -0.832312703 0.015979994 0.554075778 79.435157776
0.559448540 0.101356268 0.822644651 114.227302551 -0.044238549 0.994731903 -0.092473857 -8.548496246 -0.827683687 0.015341754 0.560985148 79.799423218
0.565551639 0.103720762 0.818164587 114.762222290 -0.046816707 0.994497895 -0.093713194 -8.599664688 -0.823382974 0.014695892 0.567295790 80.186073303
