1.000000000 0.000000000 0.000000000 0.000000000 0.000000000 1.000000000 0.000000000 0.000000000 0.000000000 0.000000000 1.000000000 0.000000000
0.999999881 -0.000426085 -0.000203792 -0.008646880 0.000426409 0.999998569 0.001595388 -0.018774211 0.000203112 -0.001595475 0.999998629 1.310103893
0.999998331 -0.001785813 -0.000585762 -0.012777809 0.001786730 0.999997199 0.001568995 -0.037838910 0.000582959 -0.001570039 0.999998510 2.614113092
0.999994218 -0.003373180 -0.000461622 -0.018171983 0.003373418 0.999994278 0.000517378 -0.056953926 0.000459874 -0.000518932 0.999999762 3.919415951
0.999994159 -0.003412762 0.000025742 -0.032321908 0.003412745 0.999994099 0.000629306 -0.076697864 -0.000027889 -0.000629214 0.999999762 5.226332188
0.999992013 -0.003998768 0.000046649 -0.033665244 0.003998691 0.999990702 0.001569695 -0.097118415 -0.000052926 -0.001569496 0.999998689 6.541045666
0.999985516 -0.005343345 0.000684230 -0.045083623 0.005341581 0.999982476 0.002555301 -0.110720173 -0.000697872 -0.002551609 0.999996424 7.848956585
0.999986887 -0.005063908 0.000635616 -0.052286837 0.005061892 0.999982297 0.003135300 -0.130700663 -0.000651482 -0.003132042 0.999994874 9.188809395
0.999991596 -0.004052560 0.000653755 -0.063264035 0.004051643 0.999990821 0.001396145 -0.151842743 -0.000659406 -0.001393485 0.999998808 10.509593010
0.999999046 -0.001352430 0.000605824 -0.068491854 0.001353044 0.999998569 -0.001014741 -0.167509139 -0.000604451 0.001015560 0.999999225 11.859048843
0.999997497 0.002114929 0.000739931 -0.072498411 -0.002113406 0.999995649 -0.002053017 -0.189303100 -0.000744270 0.002051448 0.999997616 13.203405380
0.999989092 0.004536725 0.001107116 -0.084549606 -0.004534505 0.999987721 -0.001999012 -0.215592951 -0.001116172 0.001993969 0.999997377 14.549788475
0.999984443 0.005457785 0.001144334 -0.084628671 -0.005456687 0.999984562 -0.000960897 -0.240214929 -0.001149561 0.000954638 0.999998808 15.898741722
0.999994218 0.002775287 0.001954210 -0.090047106 -0.002779096 0.999994159 0.001949162 -0.263293415 -0.001948790 -0.001954581 0.999996185 17.243759155
0.999996424 -0.001463524 0.002241095 -0.091031402 0.001454773 0.999991357 0.003901475 -0.286208004 -0.002246786 -0.003898201 0.999989867 18.602361679
0.999990761 -0.003614669 0.002388500 -0.097351566 0.003611504 0.999992609 0.001327896 -0.300636768 -0.002393282 -0.001319258 0.999996185 19.956991196
0.999986947 -0.004555802 0.002376768 -0.092447720 0.004557743 0.999989212 -0.000811395 -0.319001973 -0.002373045 0.000822217 0.999996841 21.320367813
0.999992788 -0.002180232 0.003083354 -0.105408758 0.002186926 0.999995172 -0.002169238 -0.343130559 -0.003078610 0.002175965 0.999992907 22.676593781
0.999992371 0.000474485 0.003854547 -0.111645810 -0.000475617 0.999999762 0.000292647 -0.370340139 -0.003854408 -0.000294478 0.999992549 24.044387817
0.999987423 0.001588159 0.004761935 -0.127830625 -0.001606970 0.999990940 0.003949064 -0.389278710 -0.004755620 -0.003956666 0.999980867 25.397300720
0.999982893 -0.001014026 0.005745442 -0.133645073 0.000982291 0.999984264 0.005523554 -0.397570670 -0.005750952 -0.005517816 0.999968231 26.762420654
0.999974549 -0.004416527 0.005605497 -0.133335456 0.004398971 0.999985397 0.003140480 -0.406769216 -0.005619285 -0.003115742 0.999979377 28.132810593
0.999973297 -0.004810107 0.005506187 -0.125616491 0.004805511 0.999988019 0.000847606 -0.424882084 -0.005510198 -0.000821124 0.999984503 29.516414642
0.999970376 -0.003957879 0.006599359 -0.136349335 0.003973250 0.999989569 -0.002317776 -0.434521943 -0.006590116 0.002343929 0.999975562 30.887344360
0.999973297 -0.000940830 0.007250343 -0.134471312 0.000960835 0.999995887 -0.002756168 -0.463903397 -0.007247720 0.002763061 0.999969840 32.272926331
0.999972761 0.000160469 0.007381989 -0.134723127 -0.000123322 0.999987245 -0.005032320 -0.490562499 -0.007382703 0.005031274 0.999960005 33.651802063
0.999969959 0.001066997 0.007680444 -0.131984711 -0.001032582 0.999989331 -0.004483511 -0.517684996 -0.007685147 0.004475445 0.999960482 35.041080475
0.999971569 0.000914642 0.007488255 -0.123022288 -0.000892278 0.999995053 -0.002989337 -0.546244383 -0.007490952 0.002982570 0.999967515 36.439723969
0.999970257 0.002049980 0.007435564 -0.118823767 -0.002038811 0.999996781 -0.001509407 -0.572836757 -0.007438633 0.001494202 0.999971211 37.832069397
0.999959707 0.005230714 0.007293990 -0.114859372 -0.005222067 0.999985635 -0.001204047 -0.596703768 -0.007300184 0.001165909 0.999972701 39.237762451
0.999936819 0.007912598 0.007975291 -0.119962156 -0.007897775 0.999967039 -0.001888331 -0.616434216 -0.007989970 0.001825225 0.999966443 40.651294708
0.999918342 0.010116213 0.007801073 -0.111112535 -0.010105945 0.999948025 -0.001354473 -0.641925514 -0.007814366 0.001275525 0.999968648 42.063385010
0.999904037 0.011571745 0.007605324 -0.102395415 -0.011555154 0.999930680 -0.002222220 -0.648605525 -0.007630513 0.002134126 0.999968529 43.492488861
0.999912143 0.010826284 0.007647021 -0.109086066 -0.010807726 0.999938488 -0.002464185 -0.673385143 -0.007673230 0.002381321 0.999967754 44.902660370
0.999926269 0.010071178 0.006784725 -0.098052114 -0.010050472 0.999944746 -0.003079455 -0.699711561 -0.006815364 0.003011038 0.999972165 46.306743622
0.999937057 0.009754497 0.005546759 -0.086528033 -0.009738960 0.999948621 -0.002821124 -0.728282869 -0.005573992 0.002766927 0.999980628 47.740608215
0.999938190 0.010085588 0.004681962 -0.088189498 -0.010079585 0.999948323 -0.001304107 -0.759775639 -0.004694873 0.001256835 0.999988198 49.148960114
0.999939144 0.010507930 0.003315888 -0.083745018 -0.010502197 0.999943256 -0.001741629 -0.782773614 -0.003334001 0.001706699 0.999992907 50.566463470
0.999935150 0.011116320 0.002469453 -0.089147434 -0.011112707 0.999937177 -0.001472317 -0.808057427 -0.002485665 0.001444780 0.999995887 51.978572845
0.999922693 0.012330331 0.001549941 -0.103676602 -0.012328172 0.999923050 -0.001394177 -0.819144964 -0.001567012 0.001374961 0.999997854 53.391738892
0.999945760 0.010414217 -0.000219742 -0.086547956 -0.010414230 0.999945760 -0.000057110 -0.851943851 0.000219135 0.000059395 1.000000000 54.840213776
0.999960184 0.008904290 -0.000423086 -0.096068390 -0.008904370 0.999960363 -0.000182211 -0.872063577 0.000421446 0.000185971 0.999999881 56.257678986
0.999970794 0.007566943 -0.001080837 -0.101754367 -0.007568429 0.999970555 -0.001378027 -0.889096498 0.001070378 0.001386168 0.999998391 57.687160492
0.999983013 0.005744829 -0.001008251 -0.113563642 -0.005745164 0.999983430 -0.000328374 -0.923489451 0.001006348 0.000334161 0.999999464 59.112426758
0.999989212 0.004621964 -0.000281388 -0.119813584 -0.004621932 0.999989331 0.000113296 -0.940670133 0.000281908 -0.000111994 0.999999940 60.516113281
0.999992549 0.003823350 0.000382429 -0.128919199 -0.003823702 0.999992192 0.000923636 -0.967256010 -0.000378894 -0.000925091 0.999999523 61.920249939
0.999996006 0.002527985 0.001191906 -0.132652164 -0.002528502 0.999996722 0.000432571 -0.992863119 -0.001190808 -0.000435583 0.999999225 63.337341309
0.999997914 0.001062200 0.001694755 -0.132984743 -0.001061579 0.999999285 -0.000366854 -1.019649029 -0.001695143 0.000365054 0.999998510 64.760757446
0.999995649 0.001546314 0.002476859 -0.133143231 -0.001544627 0.999998569 -0.000682816 -1.045514822 -0.002477911 0.000678987 0.999996722 66.167243958
0.999991477 0.002378142 0.003349093 -0.135743201 -0.002376061 0.999996901 -0.000625277 -1.075839162 -0.003350570 0.000617314 0.999994218 67.580711365
0.999974370 0.006022388 0.003871050 -0.139952421 -0.006022951 0.999981880 0.000133589 -1.097744346 -0.003870175 -0.000156901 0.999992490 68.988960266
0.999948680 0.009035247 0.004578606 -0.144020617 -0.009041615 0.999958158 0.001371984 -1.119279385 -0.004566019 -0.001413312 0.999988496 70.392051697
0.999909699 0.012311989 0.005369633 -0.148284107 -0.012323687 0.999921679 0.002150516 -1.148889422 -0.005342736 -0.002216495 0.999983191 71.796173096
0.999849737 0.016389599 0.005646487 -0.150166392 -0.016402809 0.999862731 0.002300638 -1.172245741 -0.005608005 -0.002392911 0.999981403 73.211349487
0.999768436 0.020405918 0.006832477 -0.166013896 -0.020413810 0.999791026 0.001086681 -1.191644192 -0.006808875 -0.001225907 0.999975979 74.618286133
0.999703825 0.023023829 0.007874545 -0.174220264 -0.023028146 0.999734700 0.000458215 -1.214064598 -0.007861905 -0.000639416 0.999968886 76.009147644
0.999704719 0.022981213 0.007885558 -0.166332483 -0.022988871 0.999735355 0.000881477 -1.239237070 -0.007863212 -0.001062497 0.999968529 77.416488647
0.999715149 0.022431901 0.008141876 -0.163883030 -0.022434711 0.999748290 0.000254284 -1.260315895 -0.008134120 -0.000436873 0.999966741 78.801589966
0.999745071 0.021005919 0.008271073 -0.162466466 -0.021000925 0.999779224 -0.000689841 -1.285223484 -0.008283734 0.000515965 0.999965549 80.156784058
0.999763608 0.020471126 0.007313276 -0.144701779 -0.020464361 0.999790072 -0.000999021 -1.306199551 -0.007332193 0.000849123 0.999972761 81.577575684
0.999751151 0.021164874 0.007050318 -0.144544303 -0.021157602 0.999775469 -0.001104821 -1.335407734 -0.007072120 0.000955378 0.999974549 82.970191956
0.999761105 0.020875689 0.006478810 -0.133801997 -0.020866197 0.999781132 -0.001528599 -1.362179995 -0.006509303 0.001393046 0.999977767 84.340957642
0.999767065 0.020882027 0.005439714 -0.119135559 -0.020877937 0.999781847 -0.000806974 -1.399456620 -0.005455378 0.000693216 0.999984801 85.713386536
0.999773562 0.020770269 0.004657778 -0.123131841 -0.020768544 0.999784231 -0.000417802 -1.422422647 -0.004665451 0.000320972 0.999989092 87.085990906
0.999832451 0.018021591 0.003185611 -0.113520414 -0.018023867 0.999837339 0.000688126 -1.443797350 -0.003172692 -0.000745428 0.999994695 88.472145081
0.999863267 0.016384922 0.002231032 -0.117697611 -0.016386405 0.999865532 0.000647788 -1.463341117 -0.002220118 -0.000684258 0.999997318 89.849037170
0.999899864 0.014062339 0.001583024 -0.115735129 -0.014064737 0.999899924 0.001514223 -1.508878112 -0.001561572 -0.001536336 0.999997616 91.186599731
0.999913692 0.013115175 0.000672417 -0.112537891 -0.013115700 0.999913692 0.000781064 -1.530767798 -0.000662115 -0.000789816 0.999999464 92.563316345
0.999928653 0.011938245 0.000081349 -0.108992226 -0.011938252 0.999928653 0.000091816 -1.548092365 -0.000080247 -0.000092781 1.000000000 93.937301636
0.999926031 0.012150550 -0.000368803 -0.106930614 -0.012150635 0.999926150 -0.000231299 -1.576539874 0.000365965 0.000235763 0.999999821 95.296089172
0.999929130 0.011906479 0.000114218 -0.124276310 -0.011906347 0.999928534 -0.001081038 -1.600782871 -0.000127081 0.001079602 0.999999404 96.654098511
0.999909878 0.013422229 0.000297226 -0.131617412 -0.013421563 0.999907613 -0.002140571 -1.621558189 -0.000325929 0.002136388 0.999997675 98.013870239
0.999897778 0.014265869 0.000947186 -0.147353962 -0.014264167 0.999896526 -0.001781468 -1.646983624 -0.000972503 0.001767775 0.999997973 99.359535217
0.999890685 0.014720446 0.001395392 -0.156571418 -0.014720092 0.999891639 -0.000262361 -1.672141671 -0.001399103 0.000241792 0.999998987 100.692276001
0.999872684 0.015887780 0.001489142 -0.165550128 -0.015889186 0.999873340 0.000937462 -1.696971774 -0.001474059 -0.000961003 0.999998450 102.040031433
0.999877095 0.015572942 0.001770611 -0.177010298 -0.015572089 0.999878645 -0.000495511 -1.722534776 -0.001778113 0.000467877 0.999998331 103.365844727
0.999871910 0.015849797 0.002185343 -0.191632941 -0.015842915 0.999869585 -0.003128629 -1.747003794 -0.002234645 0.003093607 0.999992728 104.686920166
0.999886334 0.014978425 0.001731958 -0.184015200 -0.014971315 0.999879658 -0.004046999 -1.779825330 -0.001792367 0.004020609 0.999990225 106.023979187
0.999911427 0.013169593 0.001878639 -0.178477138 -0.013163984 0.999908864 -0.002967299 -1.803851604 -0.001917546 0.002942306 0.999993861 107.365257263
0.999941170 0.010563591 0.002474321 -0.180646718 -0.010561273 0.999943793 -0.000949503 -1.833365917 -0.002484211 0.000923315 0.999996483 108.697723389
0.999953210 0.009190472 0.003020131 -0.174430490 -0.009189171 0.999957681 -0.000443621 -1.858174801 -0.003024081 0.000415847 0.999995351 110.045913696
0.999960601 0.008120407 0.003589201 -0.176202953 -0.008114862 0.999965787 -0.001557112 -1.885866404 -0.003601723 0.001527925 0.999992371 111.386405945
0.999943614 0.009809658 0.004050741 -0.173261464 -0.009794174 0.999944746 -0.003824651 -1.913315773 -0.004088034 0.003784761 0.999984503 112.732337952
0.999913752 0.012030728 0.005295571 -0.178390503 -0.011999618 0.999910712 -0.005868310 -1.942606926 -0.005365700 0.005804258 0.999968767 114.058265686
0.999855518 0.015561872 0.006840955 -0.186612427 -0.015519040 0.999859929 -0.006270302 -1.965665460 -0.006937574 0.006163232 0.999956965 115.383476257
0.999830067 0.016381759 0.008444682 -0.184546649 -0.016345806 0.999857128 -0.004308692 -1.991432309 -0.008514056 0.004169926 0.999955058 116.727241516
0.999804497 0.017032260 0.010041099 -0.187003255 -0.017007006 0.999852002 -0.002594992 -2.013383627 -0.010083813 0.002423716 0.999946237 118.060310364
0.999808967 0.016232187 0.010885253 -0.175210476 -0.016210124 0.999866366 -0.002112419 -2.039301634 -0.010918089 0.001935564 0.999938548 119.377273560
0.999783874 0.017037926 0.011912392 -0.168497801 -0.017006297 0.999851525 -0.002752034 -2.063965082 -0.011957513 0.002548853 0.999925256 120.703933716
0.999730349 0.018666031 0.013814193 -0.163169742 -0.018629387 0.999822736 -0.002776397 -2.098585129 -0.013863565 0.002518299 0.999900639 122.021080017
0.999667883 0.020953638 0.015002882 -0.154990077 -0.020902263 0.999775052 -0.003572951 -2.118597746 -0.015074372 0.003258170 0.999881089 123.380256653
0.999636710 0.021543164 0.016196316 -0.139018536 -0.021474259 0.999759674 -0.004416571 -2.150745153 -0.016287569 0.004067162 0.999859095 124.715850830
0.999588668 0.023023903 0.017094690 -0.124207020 -0.022927249 0.999720156 -0.005828848 -2.168975115 -0.017224109 0.005434517 0.999836802 126.057823181
0.999590456 0.022248382 0.017993959 -0.101730824 -0.022148846 0.999738276 -0.005712423 -2.202982187 -0.018116346 0.005311538 0.999821782 127.433563232
0.999569058 0.021953499 0.019488316 -0.094578266 -0.021861646 0.999748945 -0.004913867 -2.228237629 -0.019591300 0.004485702 0.999798000 128.763839722
0.999563932 0.020905700 0.020861061 -0.081150532 -0.020825794 0.999774873 -0.004040701 -2.258414268 -0.020940842 0.003604491 0.999774218 130.087875366
0.999553561 0.020838374 0.021407453 -0.068143845 -0.020756766 0.999776363 -0.004027482 -2.280878544 -0.021486592 0.003581335 0.999762714 131.448669434
0.999600291 0.018545063 0.021339294 -0.040861368 -0.018465959 0.999821901 -0.003898139 -2.309763432 -0.021407781 0.003502530 0.999764681 132.798065186
0.999615252 0.017205989 0.021752192 -0.032718182 -0.017140400 0.999847889 -0.003198335 -2.337360620 -0.021803908 0.002824264 0.999758303 134.134277344
0.999652743 0.015733538 0.021135166 -0.009302378 -0.015659228 0.999870539 -0.003677106 -2.363744736 -0.021190288 0.003344869 0.999769866 135.492080688
0.999693632 0.014432153 0.020108022 0.018900871 -0.014361979 0.999890208 -0.003629901 -2.393602133 -0.020158203 0.003339997 0.999791205 136.831024170
0.999748647 0.012365954 0.018700473 0.047649145 -0.012309313 0.999919295 -0.003140848 -2.413467884 -0.018737808 0.002909869 0.999820173 138.185852051
0.999778986 0.011296741 0.017731331 0.064015865 -0.011246431 0.999932468 -0.002934390 -2.444950581 -0.017763279 0.002734327 0.999838412 139.530334473
0.999798656 0.011298422 0.016583947 0.084162712 -0.011248984 0.999931991 -0.003071460 -2.471172810 -0.016617527 0.002884289 0.999857783 140.882751465
0.999809206 0.011053219 0.016113725 0.093288422 -0.010998650 0.999933481 -0.003471289 -2.503354788 -0.016151028 0.003293397 0.999864161 142.192138672
0.999825835 0.010649960 0.015326306 0.110234261 -0.010594152 0.999936879 -0.003718159 -2.534476757 -0.015364939 0.003555143 0.999875546 143.529876709
0.999858320 0.008242827 0.014676636 0.120699167 -0.008154739 0.999948442 -0.006051862 -2.563437700 -0.014725763 0.005931320 0.999873996 144.871414185
0.999906957 0.003119693 0.013279399 0.146360159 -0.003031478 0.999973238 -0.006658002 -2.592875957 -0.013299814 0.006617126 0.999889672 146.226211548
0.999910295 -0.004429995 0.012633678 0.162551522 0.004483983 0.999980927 -0.004248273 -2.622830629 -0.012614618 0.004304543 0.999911189 147.567306519
0.999877572 -0.010995205 0.011135175 0.185863376 0.011027324 0.999935210 -0.002827231 -2.648457766 -0.011103367 0.002949676 0.999934018 148.916503906
0.999840319 -0.014372068 0.010611472 0.203333616 0.014441510 0.999874532 -0.006496689 -2.671788216 -0.010516772 0.006648898 0.999922514 150.264541626
0.999846935 -0.013248783 0.011419756 0.204018831 0.013359227 0.999864221 -0.009649847 -2.704566956 -0.011290356 0.009800930 0.999888241 151.585296631
0.999869585 -0.010185190 0.012525930 0.207435846 0.010323594 0.999885738 -0.011034824 -2.756385088 -0.012412108 0.011162698 0.999860585 152.911254883
0.999857843 -0.010288785 0.013352696 0.219138741 0.010437896 0.999883413 -0.011145893 -2.791693926 -0.013236460 0.011283681 0.999848723 154.260086060
0.999808371 -0.013388223 0.014292014 0.231888652 0.013495300 0.999881387 -0.007422280 -2.833332777 -0.014190950 0.007613732 0.999870241 155.604644775
0.999715507 -0.018792789 0.014689915 0.263208389 0.018866928 0.999809861 -0.004924994 -2.859001637 -0.014594569 0.005200747 0.999879897 156.974151611
0.999635279 -0.022455735 0.015002319 0.284701109 0.022511635 0.999740243 -0.003567657 -2.889242172 -0.014918305 0.003904083 0.999881089 158.320251465
0.999595761 -0.023703886 0.015693067 0.292532921 0.023760766 0.999711752 -0.003447923 -2.919402599 -0.015606814 0.003819409 0.999870837 159.651412964
0.999622047 -0.022190908 0.016218174 0.320565701 0.022234591 0.999749601 -0.002518189 -2.951131105 -0.016158232 0.002877842 0.999865234 161.009262085
0.999667048 -0.018148946 0.018337216 0.324454069 0.018223109 0.999826372 -0.003885263 -2.975060940 -0.018263519 0.004218130 0.999824286 162.350143433
0.999701858 -0.014246366 0.019826490 0.328945637 0.014364411 0.999879777 -0.005824176 -3.004982948 -0.019741137 0.006107236 0.999786615 163.681289673
0.999711573 -0.011711754 0.020963449 0.340357780 0.011842236 0.999911129 -0.006110988 -3.037857771 -0.020890016 0.006357480 0.999761581 165.035614014
0.999717057 -0.010289797 0.021442505 0.361232042 0.010391972 0.999935150 -0.004659150 -3.070273399 -0.021393172 0.004880662 0.999759138 166.390350342
0.999744773 -0.008516242 0.020921698 0.387075186 0.008621490 0.999950588 -0.004945567 -3.103155851 -0.020878548 0.005124682 0.999769032 167.747604370
0.999763727 -0.006971420 0.020589735 0.409501791 0.007109734 0.999952614 -0.006652076 -3.141373634 -0.020542385 0.006796893 0.999765873 169.101333618
0.999786913 -0.002668311 0.020469373 0.420097828 0.002871739 0.999946654 -0.009915171 -3.168134212 -0.020441830 0.009971840 0.999741316 170.458312988
0.999783754 0.002786983 0.020607060 0.433416605 -0.002557306 0.999934435 -0.011163509 -3.204291105 -0.020636821 0.011108397 0.999725342 171.828933716
0.999748766 0.007157728 0.021239584 0.440285444 -0.006950551 0.999927700 -0.009812108 -3.237731934 -0.021308282 0.009662017 0.999726176 173.190048218
0.999698877 0.010628951 0.022117518 0.458317041 -0.010447603 0.999911010 -0.008298856 -3.270216942 -0.022203762 0.008065282 0.999720931 174.562332153
0.999690771 0.011056935 0.022272378 0.474257708 -0.010930973 0.999923527 -0.005769305 -3.303958178 -0.022334471 0.005524062 0.999735296 175.943023682
0.999740839 0.007553351 0.021474889 0.500573158 -0.007443949 0.999958932 -0.005169833 -3.328913450 -0.021513056 0.005008636 0.999756038 177.323013306
0.999797881 0.005184715 0.019425480 0.537092447 -0.005094189 0.999975860 -0.004706783 -3.361353397 -0.019449411 0.004606873 0.999800205 178.734405518
0.999823987 0.005840907 0.017824372 0.551246166 -0.005670650 0.999937892 -0.009587567 -3.387022495 -0.017879270 0.009484807 0.999795079 180.116287231
0.999833524 0.007196870 0.016762573 0.561991692 -0.006970787 0.999884486 -0.013506994 -3.426156282 -0.016857842 0.013387895 0.999768257 181.508804321
0.999807239 0.011460933 0.015935956 0.571544170 -0.011241958 0.999842107 -0.013763332 -3.465459347 -0.016091181 0.013581526 0.999778271 182.907821655
0.999768138 0.014901400 0.015538827 0.587988615 -0.014701602 0.999808788 -0.012893976 -3.500139713 -0.015727993 0.012662537 0.999796271 184.341629028
0.999726832 0.016576856 0.016475627 0.588493347 -0.016420351 0.999819100 -0.009589644 -3.530785561 -0.016631611 0.009316488 0.999818265 185.736175537
0.999710321 0.017332053 0.016694352 0.607486248 -0.017206140 0.999822795 -0.007656357 -3.561309814 -0.016824091 0.007366896 0.999831259 187.129058838
0.999724627 0.016429212 0.016756985 0.634972095 -0.016324097 0.999846280 -0.006390609 -3.601262808 -0.016859399 0.006115306 0.999839187 188.535339355
0.999748647 0.014622931 0.016995028 0.647871256 -0.014526147 0.999877572 -0.005804453 -3.631375790 -0.017077824 0.005556122 0.999838650 189.941558838
0.999774396 0.012343345 0.017285433 0.665877104 -0.012252292 0.999910474 -0.005363725 -3.661003113 -0.017350094 0.005150729 0.999836147 191.336242676
0.999803007 0.009643882 0.017348209 0.692888975 -0.009549099 0.999939084 -0.005538097 -3.688017368 -0.017400561 0.005371346 0.999834180 192.757110596
0.999824882 0.006095296 0.017701242 0.722846985 -0.006019277 0.999972463 -0.004344636 -3.720381975 -0.017727233 0.004237324 0.999833882 194.194915771
0.999837697 0.001843584 0.017921286 0.752415419 -0.001790704 0.999993920 -0.002966275 -3.745607615 -0.017926646 0.002933701 0.999835014 195.636291504
0.999840558 -0.000779147 0.017839100 0.786569834 0.000836327 0.999994457 -0.003198042 -3.775599480 -0.017836513 0.003212451 0.999835670 197.071075439
0.999832451 0.001853166 0.018211899 0.803539276 -0.001713704 0.999969125 -0.007670384 -3.801208019 -0.018225547 0.007637889 0.999804735 198.502761841
0.999789059 0.008897440 0.018511236 0.817909718 -0.008662626 0.999881506 -0.012726786 -3.834690332 -0.018622275 0.012563746 0.999747574 199.931808472
0.999622822 0.018346185 0.020436438 0.811260462 -0.018092258 0.999757648 -0.012541559 -3.875524044 -0.020661578 0.012167090 0.999712408 201.355194092
0.999430299 0.025983237 0.021539956 0.832525969 -0.025791083 0.999625385 -0.009151069 -3.907011986 -0.021769663 0.008590313 0.999726117 202.832382202
0.999382079 0.027016729 0.022485720 0.851148605 -0.026868094 0.999615192 -0.006886440 -3.945060015 -0.022663120 0.006278035 0.999723375 204.274291992
0.999461055 0.024471330 0.021879626 0.880687952 -0.024335703 0.999683082 -0.006443943 -3.970568180 -0.022030385 0.005908015 0.999739766 205.741531372
0.999559104 0.021372186 0.020611256 0.909935713 -0.021241404 0.999752879 -0.006543444 -4.003411293 -0.020746011 0.006102747 0.999766171 207.191268921
0.999605060 0.019757144 0.019983148 0.936668158 -0.019614480 0.999780893 -0.007310197 -4.031848907 -0.020123197 0.006915351 0.999773741 208.650451660
0.999612391 0.020206800 0.019150233 0.963878393 -0.020069301 0.999771535 -0.007345318 -4.072372913 -0.019294284 0.006958140 0.999789655 210.108352661
0.999584794 0.021436000 0.019254414 0.983508348 -0.021298811 0.999746501 -0.007302209 -4.104919434 -0.019406060 0.006889081 0.999787867 211.569839478
0.999570608 0.022240942 0.019076997 1.002525568 -0.022123992 0.999735177 -0.006319616 -4.139623642 -0.019212501 0.005894843 0.999798059 213.042968750
0.999579251 0.021736842 0.019212116 1.013334274 -0.021610999 0.999743700 -0.006733682 -4.175909996 -0.019353563 0.006315653 0.999792755 214.480667114
0.999570429 0.022029867 0.019330867 1.027733564 -0.021878388 0.999728441 -0.008013096 -4.208390236 -0.019502142 0.007586725 0.999781013 215.940399170
0.999593318 0.021356599 0.018897831 1.054995537 -0.021205379 0.999741793 -0.008166574 -4.243213654 -0.019067358 0.007762517 0.999788046 217.416061401
0.999601543 0.021424139 0.018374411 1.080349684 -0.021273168 0.999738634 -0.008372847 -4.278306961 -0.018548986 0.007978630 0.999796033 218.905029297
0.999587715 0.022076908 0.018353976 1.084594965 -0.021912092 0.999718189 -0.009132868 -4.305836678 -0.018550428 0.008726931 0.999789834 220.390197754
0.999590933 0.022286072 0.017924925 1.104473591 -0.022122141 0.999712110 -0.009292070 -4.341891289 -0.018126853 0.008891732 0.999796152 221.877136230
0.999562919 0.023322027 0.018167958 1.111905098 -0.023153426 0.999687314 -0.009435968 -4.383246422 -0.018382344 0.009011193 0.999790430 223.349700928
0.999570251 0.022957444 0.018223632 1.125491142 -0.022794219 0.999698639 -0.009114698 -4.429099560 -0.018427383 0.008695385 0.999792397 224.823120117
0.999551654 0.023768509 0.018204456 1.136417150 -0.023601845 0.999678016 -0.009315839 -4.461749077 -0.018420015 0.008882006 0.999791026 226.308593750
0.999577940 0.022848383 0.017936509 1.158230066 -0.022681147 0.999697864 -0.009472345 -4.497656822 -0.018147515 0.009061527 0.999794245 227.797882080
0.999605179 0.021333268 0.018285485 1.175711393 -0.021163680 0.999731600 -0.009418459 -4.539744377 -0.018481510 0.009027751 0.999788463 229.295761108
0.999622047 0.020270787 0.018565934 1.195058107 -0.020097299 0.999753058 -0.009483960 -4.573362350 -0.018753592 0.009107253 0.999782801 230.784484863
0.999642193 0.019092720 0.018729374 1.221685886 -0.018929431 0.999781728 -0.008857223 -4.608753204 -0.018894389 0.008499517 0.999785364 232.290374756
0.999623358 0.019840175 0.018956497 1.233350515 -0.019679666 0.999769211 -0.008616773 -4.648176193 -0.019123083 0.008240469 0.999783158 233.796737671
0.999613583 0.020130865 0.019168638 1.255674839 -0.019955540 0.999757588 -0.009294595 -4.682091236 -0.019351104 0.008908481 0.999773085 235.322723389
0.999591291 0.020630339 0.019797262 1.275338888 -0.020437336 0.999742091 -0.009902155 -4.719722271 -0.019996434 0.009493504 0.999754965 236.818267822
0.999528348 0.022534441 0.020864496 1.288810968 -0.022344464 0.999706984 -0.009293991 -4.758464813 -0.021067817 0.008823400 0.999739110 238.325729370
0.999486029 0.023142926 0.022184012 1.302994728 -0.022983171 0.999708176 -0.007429400 -4.792148590 -0.022349473 0.006915722 0.999726295 239.836425781
0.999482512 0.022581760 0.022908390 1.331696033 -0.022428731 0.999724448 -0.006915248 -4.828275681 -0.023058234 0.006397863 0.999713659 241.334808350
0.999434352 0.023658980 0.023900701 1.352617264 -0.023452798 0.999685585 -0.008870405 -4.861210346 -0.024103051 0.008304851 0.999674976 242.852432251
0.999390066 0.024701566 0.024681916 1.378545284 -0.024447128 0.999645293 -0.010557632 -4.897078514 -0.024933951 0.009947790 0.999639630 244.353546143
0.999368787 0.024993660 0.025250886 1.410445690 -0.024750715 0.999644756 -0.009888600 -4.937419891 -0.025489066 0.009257377 0.999632239 245.882720947
0.999341488 0.025125166 0.026179468 1.429203510 -0.024908196 0.999652922 -0.008581244 -4.980672836 -0.026385983 0.007923510 0.999620438 247.393463135
0.999322295 0.026045447 0.026008192 1.462028980 -0.025830943 0.999629676 -0.008549985 -5.019558430 -0.026221257 0.007872375 0.999625087 248.921218872
0.999299288 0.026564345 0.026367556 1.483538628 -0.026337229 0.999613285 -0.008923953 -5.052944660 -0.026594419 0.008223253 0.999612629 250.447387695
0.999255121 0.028070446 0.026479244 1.519256115 -0.027845407 0.999573231 -0.008829467 -5.087058067 -0.026715785 0.008085563 0.999610364 251.998916626
0.999193549 0.030022085 0.026662422 1.567156315 -0.029800832 0.999518514 -0.008657321 -5.133559227 -0.026909491 0.007855778 0.999607146 253.517990112
0.999163747 0.030763797 0.026934173 1.595714569 -0.030535333 0.999494493 -0.008853009 -5.166123390 -0.027192909 0.008023161 0.999598026 255.051864624
0.999204695 0.029370319 0.026969220 1.633373260 -0.029162968 0.999542236 -0.008049958 -5.216739655 -0.027193304 0.007257056 0.999603868 256.593383789
0.999244213 0.027390214 0.027582629 1.662634373 -0.027199699 0.999603808 -0.007258628 -5.251941681 -0.027770508 0.006502904 0.999593318 258.123931885
0.999300957 0.025216002 0.027597412 1.707920074 -0.025030417 0.999661982 -0.007049658 -5.282615185 -0.027765842 0.006353955 0.999594271 259.662963867
0.999339819 0.024012122 0.027261510 1.751763821 -0.023811009 0.999687016 -0.007678139 -5.327408791 -0.027437344 0.007023947 0.999598861 261.197052002
0.999362588 0.023319252 0.027030978 1.787867546 -0.023094514 0.999696314 -0.008596519 -5.369486809 -0.027223235 0.007966775 0.999597609 262.740234375
0.999397278 0.021107506 0.027559688 1.826658726 -0.020920699 0.999756277 -0.007049130 -5.396601677 -0.027701762 0.006468312 0.999595284 264.287841797
0.999415576 0.019065605 0.028373292 1.852536678 -0.018930070 0.999808133 -0.005037881 -5.437540054 -0.028463896 0.004497828 0.999584615 265.841918945
0.999419749 0.018392874 0.028673394 1.881162167 -0.018217698 0.999813795 -0.006358758 -5.464472771 -0.028785018 0.005832705 0.999568522 267.389984131
0.999428451 0.018013049 0.028605828 1.926227570 -0.017805343 0.999813497 -0.007499099 -5.496837616 -0.028735572 0.006985477 0.999562562 268.932434082
0.999396861 0.018668754 0.029282110 1.963883877 -0.018460307 0.999802411 -0.007372825 -5.539562702 -0.029413966 0.006827822 0.999544024 270.478424072
0.999326408 0.020534817 0.030415475 1.992840767 -0.020311343 0.999764502 -0.007638130 -5.576768875 -0.030565159 0.007015206 0.999508083 272.012542725
0.999234676 0.022815807 0.031773016 2.022962570 -0.022559332 0.999710143 -0.008407387 -5.608073235 -0.031955618 0.007684175 0.999459743 273.542785645
0.999148488 0.024472492 0.033215325 2.060007095 -0.024190906 0.999668300 -0.008853284 -5.650384426 -0.033420961 0.008042238 0.999409020 275.092651367
0.999085784 0.025020065 0.034664769 2.090086937 -0.024731712 0.999656081 -0.008722366 -5.696848869 -0.034871072 0.007857070 0.999360919 276.605194092
0.999070942 0.025448140 0.034777433 2.144724846 -0.025138235 0.999640465 -0.009319402 -5.739142418 -0.035002086 0.008436503 0.999351621 278.159454346
0.998999357 0.025473764 0.036761414 2.177404404 -0.025117332 0.999633253 -0.010125373 -5.781096458 -0.037005853 0.009191891 0.999272764 279.667694092
0.998989105 0.025013138 0.037350904 2.239850998 -0.024658833 0.999646723 -0.009916536 -5.817822456 -0.037585761 0.008985483 0.999253035 281.197723389
0.998997033 0.023497282 0.038115676 2.299098969 -0.023196781 0.999696553 -0.008306943 -5.871803284 -0.038299296 0.007414451 0.999238789 282.737274170
0.998991668 0.022944137 0.038590383 2.350720406 -0.022639120 0.999709070 -0.008322660 -5.908858299 -0.038770117 0.007440617 0.999220371 284.274353027
0.999029994 0.021362672 0.038506187 2.412320137 -0.020970324 0.999724269 -0.010564492 -5.949551582 -0.038721256 0.009746759 0.999202490 285.809844971
0.999040961 0.020834325 0.038511660 2.454977989 -0.020348705 0.999708891 -0.012958801 -5.991548538 -0.038770441 0.012162710 0.999174118 287.343109131
0.999079406 0.021118654 0.037339102 2.508853912 -0.020644121 0.999701738 -0.013048938 -6.031072140 -0.037603546 0.012266091 0.999217451 288.889831543
0.999124944 0.020138880 0.036657840 2.555506706 -0.019656422 0.999715924 -0.013474380 -6.070553780 -0.036918782 0.012742026 0.999237180 290.434997559
0.999166787 0.020131707 0.035500497 2.607764244 -0.019647250 0.999709666 -0.013942970 -6.118979454 -0.035770901 0.013233865 0.999272406 291.995849609
0.999197900 0.020368267 0.034476921 2.659940720 -0.019885933 0.999700248 -0.014275586 -6.162194729 -0.034757361 0.013578530 0.999303460 293.563598633
0.999225974 0.020540381 0.033546597 2.705440044 -0.020091351 0.999704659 -0.013668111 -6.211751938 -0.033817444 0.012983537 0.999343693 295.110076904
0.999266565 0.020300427 0.032468602 2.751232624 -0.019857541 0.999706149 -0.013905122 -6.249665260 -0.032741331 0.013250175 0.999375999 296.673858643
0.999311745 0.020022750 0.031227205 2.799305916 -0.019645605 0.999730885 -0.012338028 -6.301630974 -0.031465836 0.011716060 0.999436080 298.241149902
0.999291658 0.021188034 0.031101443 2.826035976 -0.020856233 0.999722481 -0.010954407 -6.341628075 -0.031324912 0.010297986 0.999456227 299.804443359
0.999279439 0.021492897 0.031287916 2.870070457 -0.021166492 0.999718428 -0.010726491 -6.388442993 -0.031509656 0.010056506 0.999452770 301.352630615
0.999254405 0.021647096 0.031967700 2.911135674 -0.021308156 0.999713480 -0.010905463 -6.429630756 -0.032194607 0.010216160 0.999429405 302.921081543
0.999268949 0.020183664 0.032465562 2.957911491 -0.019823587 0.999738932 -0.011374996 -6.462077141 -0.032686673 0.010723096 0.999408126 304.513397217
0.999288499 0.018587835 0.032815430 3.002089977 -0.018185332 0.999756217 -0.012521759 -6.503915310 -0.033040173 0.011916092 0.999382913 306.075195312
0.999295771 0.017263003 0.033314243 3.038435459 -0.016789787 0.999754786 -0.014432376 -6.550216198 -0.033555217 0.013862871 0.999340713 307.646728516
0.999310791 0.016624928 0.033189684 3.077926636 -0.016109869 0.999746561 -0.015726075 -6.592288971 -0.033442710 0.015180556 0.999325335 309.229064941
0.999375522 0.017189056 0.030872256 3.117689133 -0.016676832 0.999720156 -0.016773347 -6.639532089 -0.031151935 0.016248014 0.999382615 310.819122314
0.999414861 0.018386286 0.028839383 3.155365467 -0.017925553 0.999708831 -0.016153742 -6.684240818 -0.029127995 0.015627328 0.999453545 312.428344727
0.999401987 0.019378973 0.028638821 3.197427273 -0.019019812 0.999737680 -0.012760725 -6.738424301 -0.028878598 0.012208391 0.999508381 314.033020020
0.999409199 0.017867479 0.029360026 3.233636379 -0.017582517 0.999796033 -0.009935317 -6.777223587 -0.029531563 0.009413226 0.999519527 315.647644043
0.999424756 0.016962780 0.029371347 3.277339935 -0.016697371 0.999817729 -0.009258199 -6.816859245 -0.029523045 0.008762446 0.999525607 317.277069092
0.999442399 0.016137078 0.029228559 3.334184170 -0.015829729 0.999817252 -0.010716200 -6.852716446 -0.029396145 0.010247547 0.999515295 318.898284912
0.999462664 0.014837033 0.029228253 3.385846615 -0.014530440 0.999837458 -0.010674257 -6.895678520 -0.029381877 0.010243819 0.999515772 320.527252197
0.999451935 0.014873689 0.029573778 3.421442509 -0.014575686 0.999840975 -0.010266813 -6.940497398 -0.029721783 0.009830127 0.999509871 322.145446777
0.999425471 0.015764141 0.030008441 3.466674805 -0.015458347 0.999826491 -0.010395226 -6.987389565 -0.030167112 0.009925373 0.999495506 323.760101318
0.999388635 0.016924879 0.030590301 3.503279686 -0.016578499 0.999796093 -0.011541615 -7.031141281 -0.030779401 0.011027416 0.999465287 325.375976562
0.999357104 0.018022636 0.030992592 3.551393509 -0.017652787 0.999770164 -0.012166096 -7.078457355 -0.031204736 0.011611167 0.999445498 327.004425049
0.999349177 0.016590046 0.032031227 3.583030224 -0.016268950 0.999815166 -0.010259279 -7.123178005 -0.032195505 0.009731486 0.999434233 328.611816406
0.999351442 0.015897460 0.032310590 3.625535965 -0.015608021 0.999835968 -0.009190624 -7.171948433 -0.032451391 0.008680359 0.999435544 330.231536865
0.999382496 0.014787557 0.031874221 3.679560184 -0.014451806 0.999837816 -0.010738414 -7.213808537 -0.032027844 0.010271140 0.999434114 331.867797852
0.999368310 0.016116174 0.031674001 3.730118752 -0.015792049 0.999820590 -0.010456795 -7.264826775 -0.031836849 0.009949993 0.999443471 333.508361816
0.999344885 0.018284814 0.031229865 3.769178391 -0.017897611 0.999760032 -0.012633312 -7.310138702 -0.031453371 0.012066094 0.999432385 335.125061035
0.999321520 0.020269314 0.030751811 3.799567699 -0.019796122 0.999682069 -0.015614709 -7.357607365 -0.031058535 0.014995348 0.999405086 336.738311768
0.999330640 0.021215480 0.029801667 3.843883514 -0.020770911 0.999669492 -0.015148655 -7.405785084 -0.030113207 0.014519507 0.999441028 338.361328125
0.999329150 0.022390921 0.028980428 3.882588387 -0.022064146 0.999689877 -0.011546846 -7.456577301 -0.029229989 0.010899672 0.999513268 339.980285645
0.999327362 0.023570422 0.028093569 3.913086891 -0.023325024 0.999687135 -0.009030994 -7.498507500 -0.028297644 0.008369637 0.999564528 341.582977295
0.999365449 0.023857277 0.026448125 3.955670357 -0.023592008 0.999668658 -0.010296873 -7.542737007 -0.026685018 0.009666375 0.999597132 343.196716309
0.999428511 0.023146929 0.024632012 3.990089893 -0.022863397 0.999669790 -0.011730906 -7.587473869 -0.024895415 0.011161028 0.999627769 344.795227051
0.999509931 0.021693816 0.022566196 4.034438133 -0.021463132 0.999715388 -0.010415081 -7.632605553 -0.022785723 0.009925636 0.999691010 346.369689941
0.999552786 0.020431109 0.021831838 4.057325840 -0.020219890 0.999747038 -0.009852250 -7.677791595 -0.022027601 0.009406407 0.999713123 347.974121094
0.999567389 0.020298069 0.021280907 4.087532043 -0.020072179 0.999740481 -0.010774794 -7.722379684 -0.021494087 0.010342978 0.999715388 349.573211670
0.999600589 0.019206965 0.020730313 4.124633312 -0.018973950 0.999755204 -0.011379042 -7.771273613 -0.020943793 0.010981161 0.999720335 351.143310547
0.999605894 0.018714529 0.020924561 4.144845009 -0.018473888 0.999761641 -0.011635184 -7.811379433 -0.021137321 0.011244044 0.999713302 352.731811523
0.999619663 0.018077368 0.020824438 4.173733711 -0.017836904 0.999772727 -0.011675783 -7.859084606 -0.021030769 0.011299898 0.999714911 354.317932129
0.999626160 0.017806651 0.020748647 4.202979088 -0.017551817 0.999768972 -0.012399890 -7.905625820 -0.020964658 0.012031078 0.999707758 355.907196045
0.999624670 0.018000117 0.020651722 4.227809429 -0.017728023 0.999754608 -0.013283415 -7.948699474 -0.020885751 0.012912315 0.999698460 357.493682861
0.999629319 0.017558543 0.020803265 4.256728172 -0.017290035 0.999765754 -0.013017217 -8.000150681 -0.021026950 0.012652702 0.999698818 359.082427979
0.999623239 0.017933415 0.020779572 4.283085346 -0.017645473 0.999746859 -0.013958490 -8.048909187 -0.021024635 0.013586566 0.999686658 360.662933350
0.999638498 0.016830822 0.020967152 4.305776596 -0.016509175 0.999744773 -0.015420160 -8.093055725 -0.021221336 0.015068435 0.999661267 362.247161865
0.999657214 0.015474554 0.021115569 4.333186150 -0.015192701 0.999794185 -0.013443881 -8.147324562 -0.021319259 0.013118470 0.999686658 363.824432373
0.999692917 0.013760475 0.020615121 4.373220921 -0.013500989 0.999828517 -0.012674081 -8.193300247 -0.020785986 0.012391864 0.999707162 365.413757324
0.999694824 0.013238364 0.020852853 4.398048401 -0.012955077 0.999822855 -0.013661902 -8.239539146 -0.021030018 0.013387586 0.999689221 366.997070312
0.999677896 0.014296036 0.020968756 4.425114155 -0.014000911 0.999801815 -0.014154412 -8.290601730 -0.021166952 0.013856271 0.999679923 368.586120605
0.999652743 0.015728367 0.021147329 4.456302166 -0.015446089 0.999790311 -0.013445836 -8.336525917 -0.021354370 0.013114522 0.999685943 370.179443359
0.999629438 0.016877407 0.021358784 4.487696648 -0.016608480 0.999781311 -0.012706250 -8.382910728 -0.021568563 0.012346802 0.999691129 371.780090332
0.999616504 0.017111294 0.021773025 4.510687828 -0.016831322 0.999774098 -0.012977211 -8.427168846 -0.021990169 0.012605767 0.999678731 373.352935791
0.999601245 0.017159702 0.022423193 4.527448654 -0.016848302 0.999760091 -0.014003324 -8.470698357 -0.022658106 0.013619950 0.999650478 374.945739746
0.999599516 0.017151572 0.022509120 4.562534332 -0.016844744 0.999763548 -0.013751044 -8.527275085 -0.022739647 0.013366376 0.999652088 376.548706055
0.999590695 0.017722601 0.022451986 4.597388268 -0.017408321 0.999748826 -0.014116810 -8.571510315 -0.022696532 0.013720183 0.999648213 378.151794434
0.999556601 0.019023681 0.022902483 4.623354435 -0.018702533 0.999724805 -0.014155738 -8.617307663 -0.023165477 0.013721131 0.999637485 379.756988525
0.999509275 0.021106066 0.023146972 4.651462078 -0.020787267 0.999686897 -0.013927910 -8.662221909 -0.023433683 0.013439911 0.999635041 381.359497070
0.999476790 0.022230731 0.023493139 4.678595066 -0.021889478 0.999652505 -0.014684351 -8.710432053 -0.023811419 0.014162412 0.999616086 382.971130371
0.999438047 0.023452364 0.023949225 4.704291344 -0.023087803 0.999615014 -0.015386797 -8.759181023 -0.024300857 0.014825215 0.999594748 384.571868896
