1.000000000 0.000000000 0.000000000 0.000000000 0.000000000 1.000000000 0.000000000 0.000000000 0.000000000 0.000000000 1.000000000 0.000000000
0.999997020 -0.001919135 -0.001515603 0.000289262 0.001917837 0.999997795 -0.000857767 -0.009485390 0.001517246 0.000854858 0.999998450 0.563365042
0.999993563 -0.002510930 -0.002556730 -0.006933434 0.002504716 0.999993861 -0.002430592 -0.019499229 0.002562817 0.002424173 0.999993801 1.121978045
0.999985516 -0.002837160 -0.004601542 -0.007608778 0.002820190 0.999989212 -0.003690254 -0.033952042 0.004611963 0.003677223 0.999982595 1.680610895
0.999966919 -0.004923364 -0.006470028 -0.012928791 0.004887721 0.999972880 -0.005513106 -0.042806301 0.006496995 0.005481300 0.999963880 2.237957001
0.999941051 -0.007297843 -0.008031894 -0.015343208 0.007236267 0.999944508 -0.007668844 -0.051926553 0.008087412 0.007610273 0.999938250 2.799149513
0.999920726 -0.008474027 -0.009314013 -0.022664666 0.008397653 0.999931037 -0.008208704 -0.065318033 0.009382930 0.008129837 0.999922931 3.361913443
0.999908626 -0.008607744 -0.010423034 -0.037760433 0.008529336 0.999935091 -0.007543908 -0.078955844 0.010487298 0.007454318 0.999917150 3.943394423
0.999894381 -0.008994827 -0.011416550 -0.045592550 0.008905557 0.999929488 -0.007846167 -0.096194834 0.011486318 0.007743668 0.999904037 4.518255711
0.999892533 -0.008325798 -0.012061683 -0.067044601 0.008197493 0.999909699 -0.010647858 -0.109069586 0.012149245 0.010547839 0.999870479 5.105092525
0.999891639 -0.006712037 -0.013101005 -0.085151032 0.006522431 0.999874175 -0.014462081 -0.125325471 0.013196426 0.014375064 0.999809563 5.705199718
0.999883950 -0.005282594 -0.014290000 -0.098342389 0.005018216 0.999816895 -0.018473873 -0.133692786 0.014384970 0.018400019 0.999727130 6.313457012
0.999872148 -0.003644021 -0.015564503 -0.113108203 0.003358809 0.999826670 -0.018311476 -0.148793787 0.015628533 0.018256860 0.999711096 6.947367191
0.999862492 -0.000945626 -0.016552605 -0.126747221 0.000750555 0.999930263 -0.011787181 -0.155573621 0.016562590 0.011773139 0.999793530 7.586370945
0.999853671 -0.000037993 -0.017107947 -0.146001831 0.000017959 0.999999225 -0.001171179 -0.170081198 0.017107982 0.001170700 0.999852896 8.253183365
0.999851644 0.001041809 -0.017193707 -0.173071995 -0.000949164 0.999984920 0.005395644 -0.183920354 0.017199066 -0.005378523 0.999837637 8.929382324
0.999816179 0.003344867 -0.018877950 -0.185431361 -0.003257076 0.999983728 0.004679251 -0.200904772 0.018893301 -0.004616903 0.999810994 9.612955093
0.999803066 0.005395174 -0.019097246 -0.213870853 -0.005456041 0.999980211 -0.003136527 -0.200262129 0.019079946 0.003240105 0.999812722 10.306564331
0.999783278 0.005066342 -0.020188142 -0.233238697 -0.005248528 0.999945879 -0.008981663 -0.202558532 0.020141544 0.009085678 0.999755859 11.019522667
0.999769866 0.002855108 -0.021262713 -0.250212103 -0.003008252 0.999969721 -0.007173958 -0.209812254 0.021241590 0.007236271 0.999748111 11.761468887
0.999763191 0.001576622 -0.021700883 -0.267241746 -0.001534012 0.999996841 0.001980004 -0.213751644 0.021703936 -0.001946246 0.999762535 12.525518417
0.999762952 0.001146021 -0.021742811 -0.290922195 -0.000944389 0.999956489 0.009281502 -0.217989385 0.021752503 -0.009258769 0.999720514 13.300848007
0.999766946 0.000430280 -0.021579973 -0.316898257 -0.000172118 0.999928415 0.011963478 -0.225975245 0.021583579 -0.011956977 0.999695539 14.093324661
0.999753773 -0.001382121 -0.022146776 -0.328306437 0.001620466 0.999940932 0.010747713 -0.222759649 0.022130618 -0.010780958 0.999696970 14.895915985
0.999772847 -0.001793170 -0.021238014 -0.352664292 0.001966269 0.999965012 0.008132327 -0.220541716 0.021222688 -0.008172242 0.999741375 15.715785980
0.999778330 0.001017650 -0.021025764 -0.369616210 -0.000920015 0.999988675 0.004652757 -0.221305966 0.021030262 -0.004632382 0.999768019 16.559232712
0.999794602 -0.002465370 -0.020116501 -0.385664731 0.002443401 0.999996305 -0.001116603 -0.223095044 0.020119179 0.001067220 0.999797165 17.420801163
0.999802589 -0.004909629 -0.019252433 -0.404135585 0.004763884 0.999959707 -0.007608753 -0.235103101 0.019289013 0.007515535 0.999785721 18.302303314
0.999827206 -0.003740670 -0.018208576 -0.422848821 0.003501414 0.999907374 -0.013153948 -0.244557098 0.018256094 0.013087917 0.999747694 19.188911438
0.999828637 -0.002604688 -0.018329097 -0.440453559 0.002347718 0.999898851 -0.014027352 -0.259921640 0.018363779 0.013981914 0.999733627 20.105155945
0.999831498 -0.002519873 -0.018178433 -0.463293433 0.002274981 0.999906540 -0.013479685 -0.281518459 0.018210700 0.013436062 0.999743879 21.026550293
0.999834001 -0.001041797 -0.018186606 -0.483311474 0.000767988 0.999886274 -0.015056049 -0.304084420 0.018200226 0.015039586 0.999721169 21.971124649
0.999840200 0.001952293 -0.017771320 -0.509564281 -0.002252113 0.999855220 -0.016866669 -0.329666585 0.017735817 0.016903995 0.999699950 22.921852112
0.999825656 0.005387465 -0.017876649 -0.538328290 -0.005702474 0.999828458 -0.017617274 -0.354234636 0.017778672 0.017716141 0.999684989 23.898069382
0.999815643 0.006968621 -0.017890994 -0.562718809 -0.007282091 0.999820054 -0.017516077 -0.385785252 0.017765710 0.017643128 0.999686480 24.873376846
0.999800265 0.007699430 -0.018442513 -0.580165446 -0.008029165 0.999808013 -0.017872235 -0.409976274 0.018301370 0.018016741 0.999670088 25.858123779
0.999804795 0.007745581 -0.018171770 -0.606017947 -0.008068927 0.999809206 -0.017788611 -0.440224946 0.018030522 0.017931767 0.999676645 26.847612381
0.999785721 0.008707402 -0.018775662 -0.632392943 -0.009016913 0.999823809 -0.016463470 -0.472354740 0.018629000 0.016629238 0.999688148 27.852029800
0.999778211 0.009425224 -0.018833401 -0.659172297 -0.009699168 0.999847651 -0.014507603 -0.499653578 0.018693797 0.014687051 0.999717295 28.859409332
0.999766886 0.010156625 -0.019060548 -0.685799301 -0.010409001 0.999858856 -0.013188416 -0.530318618 0.018923914 0.013383739 0.999731362 29.869119644
0.999761105 0.009861836 -0.019504337 -0.706492126 -0.010141503 0.999846458 -0.014292032 -0.557471216 0.019360395 0.014486420 0.999707639 30.895172119
0.999747157 0.010936175 -0.019646814 -0.732913911 -0.011229331 0.999826312 -0.014873344 -0.590004325 0.019480743 0.015090205 0.999696493 31.925508499
0.999738812 0.010523923 -0.020287525 -0.752406001 -0.010813751 0.999840200 -0.014229723 -0.615228593 0.020134537 0.014445390 0.999692917 32.966407776
0.999732375 0.009755203 -0.020973168 -0.776047051 -0.009995463 0.999885261 -0.011381417 -0.643553495 0.020859737 0.011588008 0.999715269 34.006980896
0.999724984 0.010333790 -0.021051755 -0.806449771 -0.010503675 0.999913037 -0.007975324 -0.665519595 0.020967506 0.008194253 0.999746501 35.060432434
0.999713361 0.010553321 -0.021486050 -0.833480775 -0.010680337 0.999926090 -0.005805571 -0.688845634 0.021423196 0.006033385 0.999752283 36.116127014
0.999702632 0.010119230 -0.022186451 -0.855703413 -0.010238518 0.999933720 -0.005269602 -0.711992383 0.022131657 0.005495192 0.999739885 37.187660217
0.999703765 0.010191965 -0.022099232 -0.894561470 -0.010333290 0.999926805 -0.006290446 -0.738828242 0.022033501 0.006516941 0.999736011 38.257190704
0.999683619 0.010634515 -0.022800311 -0.922692716 -0.010797387 0.999916911 -0.007032238 -0.758200109 0.022723632 0.007276195 0.999715328 39.335227966
0.999675333 0.010483718 -0.023222493 -0.956741095 -0.010624432 0.999925911 -0.005944196 -0.779430330 0.023158457 0.006188993 0.999712586 40.413635254
0.999648392 0.010542776 -0.024330262 -0.984094024 -0.010644080 0.999935210 -0.004037885 -0.802653432 0.024286112 0.004295438 0.999695957 41.502281189
0.999639630 0.010318669 -0.024781967 -1.015072942 -0.010359818 0.999945164 -0.001532604 -0.824496388 0.024764789 0.001788789 0.999691844 42.581741333
0.999606669 0.012404375 -0.025153033 -1.049469471 -0.012451700 0.999920905 -0.001725772 -0.846320510 0.025129639 0.002038291 0.999682128 43.655376434
0.999592602 0.013405027 -0.025198512 -1.087247252 -0.013547970 0.999892950 -0.005510606 -0.869964480 0.025121942 0.005849749 0.999667287 44.729763031
0.999564409 0.014539501 -0.025683545 -1.114890814 -0.014792255 0.999843657 -0.009678712 -0.891429186 0.025538806 0.010054413 0.999623179 45.804164886
0.999569416 0.015099399 -0.025164850 -1.148604512 -0.015352771 0.999832988 -0.009905841 -0.918700755 0.025011079 0.010287925 0.999634147 46.881034851
0.999573827 0.015701808 -0.024609275 -1.183345914 -0.015878865 0.999849319 -0.007015722 -0.947282135 0.024495406 0.007403500 0.999672532 47.965461731
0.999573648 0.016152231 -0.024323963 -1.214382172 -0.016273210 0.999856055 -0.004783859 -0.975232661 0.024243193 0.005177648 0.999692678 49.050834656
0.999600708 0.014522071 -0.024237875 -1.244211078 -0.014611291 0.999887109 -0.003507885 -0.995492458 0.024184201 0.003860631 0.999700069 50.132797241
0.999617517 0.014527937 -0.023528617 -1.275714874 -0.014638092 0.999882579 -0.004516195 -1.019297361 0.023460245 0.004858882 0.999712884 51.219680786
0.999639213 0.013533799 -0.023200883 -1.301398754 -0.013689888 0.999884546 -0.006582072 -1.037734032 0.023109123 0.006897314 0.999709070 52.299705505
0.999650955 0.013773172 -0.022545364 -1.335261106 -0.013983381 0.999859989 -0.009192751 -1.058955669 0.022415591 0.009504802 0.999703467 53.384326935
0.999663174 0.013173674 -0.022360496 -1.363404751 -0.013425221 0.999847770 -0.011137018 -1.096932650 0.022210376 0.011433464 0.999687850 54.458152771
0.999683976 0.011382794 -0.022413600 -1.388591647 -0.011713801 0.999823570 -0.014692679 -1.122317076 0.022242399 0.014950586 0.999640822 55.539310455
0.999710143 0.009891289 -0.021946056 -1.415103197 -0.010251183 0.999813735 -0.016347576 -1.157256126 0.021780269 0.016567810 0.999625504 56.611312866
0.999735355 0.008385934 -0.021422617 -1.447829485 -0.008690974 0.999861598 -0.014185946 -1.190456510 0.021300690 0.014368373 0.999669850 57.705848694
0.999752104 0.006795815 -0.021202302 -1.472423315 -0.006978816 0.999938846 -0.008569168 -1.214404583 0.021142770 0.008715010 0.999738395 58.799686432
0.999759555 0.005178554 -0.021306802 -1.491521478 -0.005234881 0.999982953 -0.002588697 -1.242110014 0.021293024 0.002699613 0.999769628 59.895168304
0.999773741 0.003925478 -0.020906718 -1.519012213 -0.003967577 0.999990165 -0.001972582 -1.265913486 0.020898776 0.002055085 0.999779403 60.981719971
0.999794483 0.000687307 -0.020260632 -1.544078112 -0.000783928 0.999988377 -0.004761395 -1.290203214 0.020257119 0.004776299 0.999783397 62.061431885
0.999789178 -0.000812213 -0.020516070 -1.564665556 0.000648797 0.999968052 -0.007970700 -1.310851097 0.020521892 0.007955707 0.999757767 63.153282166
0.999790490 0.001625772 -0.020404616 -1.596649647 -0.001870880 0.999926269 -0.011999019 -1.343269944 0.020383604 0.012034678 0.999719799 64.241424561
0.999796450 0.001700720 -0.020103928 -1.623730063 -0.002026721 0.999866605 -0.016206559 -1.373440981 0.020073680 0.016244011 0.999666452 65.330009460
0.999800205 0.004479195 -0.019479530 -1.650891423 -0.004815048 0.999839902 -0.017228711 -1.400962591 0.019399242 0.017319063 0.999661803 66.423545837
0.999794364 0.008642359 -0.018346149 -1.687860131 -0.008890192 0.999869764 -0.013470460 -1.434982657 0.018227339 0.013630792 0.999740958 67.527839661
0.999786556 0.010026579 -0.018072132 -1.716185093 -0.010236636 0.999880672 -0.011568527 -1.467283845 0.017953984 0.011751054 0.999769747 68.619972229
0.999800801 0.009497065 -0.017549805 -1.748611808 -0.009684238 0.999896824 -0.010611258 -1.499219418 0.017447218 0.010779103 0.999789596 69.717437744
0.999811888 0.008147364 -0.017600469 -1.767122030 -0.008321994 0.999916792 -0.009871637 -1.525725484 0.017518576 0.010016249 0.999796510 70.811340332
0.999813676 0.007020988 -0.017981492 -1.787063599 -0.007180608 0.999935269 -0.008827787 -1.550885677 0.017918350 0.008955259 0.999799490 71.902076721
0.999827623 0.005434610 -0.017748900 -1.817422390 -0.005550011 0.999963880 -0.006459144 -1.582163811 0.017713156 0.006556539 0.999821603 72.979362488
0.999828637 0.004699490 -0.017906347 -1.851348400 -0.004785854 0.999977112 -0.004783215 -1.610840559 0.017883461 0.004868092 0.999828160 74.062255859
0.999814689 0.003508598 -0.018926658 -1.861550808 -0.003626295 0.999974191 -0.006187862 -1.636565328 0.018904462 0.006255349 0.999801874 75.130729675
0.999806643 0.004257476 -0.019193146 -1.889146924 -0.004450090 0.999939978 -0.010004029 -1.665705919 0.019149406 0.010087505 0.999765754 76.204025269
0.999788821 0.004643866 -0.020019177 -1.909186602 -0.004888379 0.999913990 -0.012182362 -1.691914320 0.019960884 0.012277655 0.999725401 77.277565002
0.999771178 0.007027333 -0.020204186 -1.943087220 -0.007242804 0.999917448 -0.010611358 -1.721685410 0.020127948 0.010755267 0.999739587 78.348457336
0.999759197 0.007933513 -0.020461233 -1.974135876 -0.008061267 0.999948502 -0.006168856 -1.751569271 0.020411236 0.006332313 0.999771535 79.440742493
0.999737620 0.009367022 -0.020903733 -2.006218910 -0.009421788 0.999952435 -0.002522871 -1.773564100 0.020879107 0.002719159 0.999778330 80.511650085
0.999718487 0.010420250 -0.021312699 -2.036095142 -0.010464050 0.999943376 -0.001944675 -1.796224236 0.021291228 0.002167145 0.999770880 81.596916199
0.999700069 0.010579820 -0.022086525 -2.061879158 -0.010674558 0.999934316 -0.004175903 -1.817424536 0.022040894 0.004410414 0.999747336 82.653800964
0.999697387 0.010479879 -0.022261564 -2.093492031 -0.010596328 0.999930739 -0.005119457 -1.835757256 0.022206375 0.005353798 0.999738991 83.711227417
0.999687195 0.009781305 -0.023023913 -2.118371010 -0.009904070 0.999937236 -0.005224113 -1.862553596 0.022971377 0.005450509 0.999721289 84.760429382
0.999686480 0.008687627 -0.023482589 -2.150966644 -0.008801962 0.999949813 -0.004769844 -1.891270280 0.023439977 0.004975042 0.999712884 85.788833618
0.999673009 0.007392815 -0.024484267 -2.171062946 -0.007487252 0.999964893 -0.003767519 -1.907561064 0.024455559 0.003949606 0.999693096 86.811553955
0.999661446 0.007537080 -0.024904273 -2.203389168 -0.007555660 0.999971271 -0.000651998 -1.939049602 0.024898648 0.000839945 0.999689639 87.825027466
0.999643981 0.006866482 -0.025779763 -2.233810663 -0.006860630 0.999976337 0.000315463 -1.965448856 0.025781324 -0.000138486 0.999667585 88.799156189
0.999588430 0.005553383 -0.028149681 -2.265440464 -0.005543427 0.999984562 0.000431724 -1.983272195 0.028151648 -0.000275500 0.999603629 89.758056641
0.999511063 0.004912617 -0.030883571 -2.303568363 -0.004929438 0.999987662 -0.000468563 -2.006148338 0.030880895 0.000620572 0.999522865 90.685157776
0.999391079 0.004839987 -0.034555405 -2.336305380 -0.004885301 0.999987304 -0.001227024 -2.029329777 0.034549020 0.001395091 0.999402046 91.594505310
0.999289989 0.004598599 -0.037392445 -2.381062984 -0.004630997 0.999988973 -0.000779878 -2.049624205 0.037388433 0.000952488 0.999300361 92.484344482
0.999164820 0.006095127 -0.040407907 -2.425389767 -0.006093993 0.999981344 0.000151264 -2.068083286 0.040408086 0.000095108 0.999183178 93.342506409
0.999046147 0.007118594 -0.043080874 -2.474738598 -0.007077056 0.999974251 0.001116655 -2.087064266 0.043087717 -0.000810704 0.999070883 94.171875000
0.998914838 0.007643024 -0.045945868 -2.517247438 -0.007523867 0.999967873 0.002765808 -2.107729197 0.045965537 -0.002417117 0.998940110 94.996231079
0.998770535 0.009311513 -0.048689842 -2.562447309 -0.009163746 0.999952853 0.003257249 -2.121444702 0.048717868 -0.002807062 0.998808622 95.786392212
0.998631895 0.011643924 -0.050977942 -2.611132860 -0.011463026 0.999926925 0.003839498 -2.139419079 0.051018931 -0.003249884 0.998692393 96.540336609
0.998456657 0.013352711 -0.053905755 -2.655202150 -0.013225573 0.999908864 0.002714579 -2.155158758 0.053937096 -0.001997455 0.998542249 97.277259827
0.998317897 0.014283772 -0.056188833 -2.705409050 -0.014371602 0.999896049 -0.001159315 -2.171838284 0.056166425 0.001964889 0.998419404 97.971794128
0.998133123 0.017132277 -0.058623891 -2.754316092 -0.017428342 0.999837816 -0.004542632 -2.193436384 0.058536559 0.005555869 0.998269737 98.631469727
0.997978568 0.018865021 -0.060686570 -2.801751852 -0.019347668 0.999785602 -0.007375295 -2.206737041 0.060534425 0.008534530 0.998129606 99.273757935
0.997883260 0.020807734 -0.061612215 -2.840291023 -0.021348231 0.999738991 -0.008127281 -2.227192402 0.061427038 0.009425386 0.998067081 99.879013062
0.997886598 0.023237584 -0.060681082 -2.882333279 -0.023744686 0.999688804 -0.007649095 -2.244924307 0.060484447 0.009073781 0.998127878 100.453132629
0.997981906 0.027074132 -0.057437703 -2.924321651 -0.027493373 0.999600708 -0.006521259 -2.258448362 0.057238221 0.008087255 0.998327792 101.025207520
0.998216510 0.029682580 -0.051793784 -2.956499815 -0.029975882 0.999538779 -0.004895151 -2.277878523 0.051624574 0.006438986 0.998645782 101.561447144
0.998559892 0.030633962 -0.044042006 -2.981946230 -0.030784514 0.999522209 -0.002744013 -2.296272993 0.043936919 0.004095872 0.999026060 102.077903748
0.998932481 0.030337222 -0.034836836 -2.985220909 -0.030380974 0.999538124 -0.000727098 -2.302890539 0.034798685 0.001784698 0.999392748 102.581809998
0.999288559 0.029966434 -0.022899801 -2.992477417 -0.029961761 0.999550819 0.000547300 -2.317916632 0.022905918 0.000139208 0.999737620 103.055564880
0.999535322 0.029115887 -0.009037320 -2.991179466 -0.029111752 0.999575973 0.000589264 -2.329110622 0.009050646 -0.000325898 0.999958992 103.498016357
0.999563336 0.028854420 0.006372697 -2.982979536 -0.028854342 0.999583542 -0.000103765 -2.346242428 -0.006373038 -0.000080161 0.999979675 103.929054260
0.999307930 0.027744807 0.024776839 -2.965502977 -0.027677339 0.999612212 -0.003061848 -2.361104488 -0.024852185 0.002373973 0.999688327 104.357139587
0.998578489 0.027127018 0.045882143 -2.928874016 -0.026783403 0.999608517 -0.008087375 -2.369710684 -0.046083570 0.006846999 0.998914123 104.768280029
0.997179568 0.025310770 0.070656270 -2.883687019 -0.024443328 0.999615192 -0.013114810 -2.379642487 -0.070961028 0.011350748 0.997414529 105.179092407
0.995033443 0.023189658 0.096802510 -2.807915688 -0.021731561 0.999634385 -0.016089981 -2.390411854 -0.097140223 0.013906397 0.995173693 105.574523926
0.991645038 0.020330273 0.127384514 -2.745470047 -0.018270141 0.999683082 -0.017320281 -2.405087471 -0.127696261 0.014848239 0.991702199 105.961334229
0.986986697 0.018450644 0.159739956 -2.652889252 -0.015586445 0.999694824 -0.019164894 -2.421225309 -0.160044834 0.016425714 0.986972988 106.336349487
0.980631948 0.015807103 0.195220813 -2.548646927 -0.011944547 0.999709249 -0.020947063 -2.435240746 -0.195495144 0.018209537 0.980535507 106.704681396
0.972290933 0.012363233 0.233447105 -2.434825897 -0.007590818 0.999743581 -0.021330664 -2.452473640 -0.233650938 0.018967558 0.972135544 107.056732178
0.961896300 0.010702256 0.273205012 -2.303806305 -0.004784074 0.999739468 -0.022319082 -2.468240261 -0.273372650 0.020161612 0.961696804 107.397766113
0.949123919 0.011383522 0.314697027 -2.167125702 -0.004094500 0.999708056 -0.023813423 -2.481550455 -0.314876229 0.021313358 0.948893428 107.725639343
0.933237910 0.013536041 0.359003812 -2.022109985 -0.005120221 0.999689579 -0.024382617 -2.496289968 -0.359222412 0.020916609 0.933017552 108.042785645
0.914854109 0.013365122 0.403563291 -1.854866028 -0.004385972 0.999721944 -0.023165846 -2.511029243 -0.403760701 0.019423347 0.914658427 108.356109619
0.894123554 0.012856347 0.447635710 -1.668930054 -0.003491480 0.999757588 -0.021739595 -2.527652264 -0.447806686 0.017874969 0.893951714 108.647964478
0.870558441 0.011658534 0.491926968 -1.474826813 -0.000610924 0.999744117 -0.022612520 -2.540173054 -0.492064655 0.019384990 0.870342791 108.922058105
0.844540000 0.012413599 0.535348594 -1.265716553 0.000955667 0.999694884 -0.024688412 -2.557920933 -0.535491645 0.021361968 0.844270349 109.200775146
0.816379189 0.014555877 0.577332854 -1.044361115 0.002035604 0.999603570 -0.028080743 -2.575587273 -0.577512622 0.024099752 0.816026092 109.459487915
0.784582078 0.019062189 0.619731843 -0.813228607 0.001140116 0.999481261 -0.032186206 -2.594505548 -0.620023906 0.025959285 0.784153342 109.719711304
0.750250459 0.025560336 0.660659492 -0.560470581 -0.002171480 0.999342203 -0.036197726 -2.606187582 -0.661150157 0.025722746 0.749812484 109.963531494
0.712136209 0.030198630 0.701391518 -0.290431976 -0.003566432 0.999217153 -0.039400529 -2.614812851 -0.702032268 0.025557084 0.711686432 110.204895020
0.671848059 0.030300753 0.740068972 0.007472992 -0.001034699 0.999200284 -0.039971076 -2.633935452 -0.740688264 0.026088743 0.671342134 110.434799194
0.630172312 0.027833825 0.775956273 0.324401855 0.003682224 0.999238908 -0.038833469 -2.645933867 -0.776446581 0.027329024 0.629590213 110.640670776
0.585013866 0.025811384 0.810612440 0.651119232 0.005511611 0.999343753 -0.035798628 -2.659583807 -0.811004579 0.025410481 0.584487736 110.839950562
0.538360894 0.024429262 0.842360258 0.994812012 0.006876498 0.999419034 -0.033378959 -2.670327663 -0.842686355 0.023762414 0.537880182 111.014770508
0.490089178 0.021865958 0.871398032 1.341644287 0.008457926 0.999519110 -0.029837778 -2.688486099 -0.871631265 0.021993393 0.489668429 111.164588928
0.438948929 0.017959028 0.898332536 1.709732056 0.011479514 0.999606550 -0.025592843 -2.704749107 -0.898438692 0.021546371 0.438570052 111.301681519
0.387176931 0.017742220 0.921834707 2.068080902 0.008625092 0.999701321 -0.022863498 -2.731947899 -0.921965003 0.016803129 0.386908323 111.413963318
0.335731030 0.022863770 0.941680372 2.448684692 0.005005772 0.999647975 -0.026055887 -2.744588137 -0.941944599 0.013461604 0.335498393 111.521026611
0.285292000 0.027778231 0.958038032 2.829038620 0.004873333 0.999524951 -0.030432360 -2.760931253 -0.958428264 0.013350949 0.285021096 111.605140686
0.238432333 0.029879941 0.970699251 3.227441788 0.006202980 0.999459326 -0.032288868 -2.776368618 -0.971139312 0.013719938 0.238118097 111.670372009
0.197360039 0.029364681 0.979891181 3.642206192 0.013699771 0.999371052 -0.032707706 -2.797402382 -0.980235338 0.019879481 0.196833625 111.710685730
0.162212536 0.029450843 0.986316264 4.079059601 0.021842960 0.999202549 -0.033427972 -2.808408737 -0.986513972 0.026966505 0.161439881 111.743171692
0.131922588 0.030865986 0.990779340 4.524026871 0.025737774 0.999071479 -0.034551304 -2.825288296 -0.990925848 0.030058553 0.131005675 111.771064758
0.103878938 0.029075082 0.994164884 4.990416527 0.024233341 0.999201894 -0.031754505 -2.847011089 -0.994294703 0.027390566 0.103091441 111.803146362
0.078173935 0.025254831 0.996619940 5.466254234 0.018275751 0.999474764 -0.026760710 -2.863948584 -0.996772230 0.020305965 0.077671334 111.836647034
0.053918324 0.021177117 0.998320758 5.960584164 0.013414214 0.999669492 -0.021930216 -2.881366491 -0.998455167 0.014574128 0.053616434 111.858818054
0.031157417 0.018679800 0.999339938 6.471613884 0.017597388 0.999660134 -0.019234436 -2.902388811 -0.999359488 0.018185066 0.030818108 111.859344482
0.011416041 0.019326041 0.999747992 7.003917694 0.025673982 0.999477923 -0.019613981 -2.924032211 -0.999605179 0.025891427 0.010913902 111.836097717
-0.005901327 0.021920586 0.999742210 7.562035561 0.030424261 0.999300838 -0.021731313 -2.941739559 -0.999519646 0.030288173 -0.006564119 111.817985535
-0.020630006 0.027667537 0.999404192 8.146583557 0.031076144 0.999151766 -0.027019061 -2.949905396 -0.999304116 0.030500228 -0.021472305 111.810211182
-0.031722002 0.032301601 0.998974621 8.747009277 0.028781787 0.999092698 -0.031391472 -2.962249517 -0.999082267 0.027756475 -0.032622918 111.797515869
-0.037786737 0.031870238 0.998777390 9.354274750 0.030513497 0.999062002 -0.030724900 -2.987882376 -0.998819768 0.029315202 -0.038723767 111.761466980
-0.039992359 0.028925583 0.998781204 9.997026443 0.036490478 0.998956323 -0.027469536 -3.009147882 -0.998533368 0.035347432 -0.041006144 111.721725464
-0.039163005 0.027083812 0.998865724 10.652355194 0.038211644 0.998942018 -0.025587698 -3.035475016 -0.998501956 0.037166212 -0.040156499 111.684822083
-0.037245490 0.026830753 0.998945892 11.327867508 0.036855411 0.998996258 -0.025457956 -3.055282831 -0.998626292 0.035868369 -0.038196974 111.668670654
-0.036027204 0.027020553 0.998985469 12.019943237 0.033579431 0.999102652 -0.025812719 -3.082683563 -0.998786509 0.032615412 -0.036902212 111.652381897
-0.034551978 0.028629804 0.998992741 12.721920013 0.032569587 0.999090910 -0.027506139 -3.098677158 -0.998871982 0.031586394 -0.035453025 111.627601624
-0.033477206 0.029286249 0.999010324 13.439759254 0.032508764 0.999073565 -0.028198721 -3.126832008 -0.998910546 0.031532589 -0.034398254 111.601951599
-0.032716393 0.028719112 0.999051988 14.179715157 0.031848688 0.999109387 -0.027677801 -3.155930996 -0.998957038 0.030912977 -0.033601925 111.578208923
-0.031693731 0.027605571 0.999116242 14.938628197 0.030902350 0.999167681 -0.026626715 -3.182492018 -0.999019802 0.030031143 -0.032520425 111.551788330
-0.031353712 0.026376886 0.999160230 15.692622185 0.031959478 0.999167025 -0.025374174 -3.208269835 -0.998997271 0.031137062 -0.032170594 111.528411865
-0.032097641 0.023804082 0.999201238 16.466800690 0.032597382 0.999209464 -0.022757141 -3.240172625 -0.998953044 0.031840887 -0.032848209 111.507225037
-0.033306599 0.022313507 0.999195993 17.255155563 0.029840011 0.999327242 -0.021321760 -3.266621351 -0.998999536 0.029105868 -0.033950027 111.486915588
-0.034594975 0.021138875 0.999177754 18.040485382 0.029049503 0.999375105 -0.020137252 -3.294252157 -0.998979151 0.028328976 -0.035187427 111.466217041
-0.035525080 0.018691715 0.999193966 18.849519730 0.031541556 0.999347925 -0.017573180 -3.317105770 -0.998870909 0.030891847 -0.036091473 111.433242798
-0.036876477 0.017225087 0.999171376 19.650798798 0.032599214 0.999340057 -0.016024854 -3.341575146 -0.998788118 0.031981260 -0.037413668 111.406089783
-0.038677007 0.016292611 0.999118924 20.469528198 0.030286601 0.999426723 -0.015125205 -3.368914604 -0.998792589 0.029674923 -0.039148290 111.381385803
-0.039688427 0.021224041 0.998986602 21.289085388 0.027476810 0.999419510 -0.020141618 -3.389789581 -0.998834252 0.026649583 -0.040248543 111.357856750
-0.040386718 0.025467262 0.998859525 22.121723175 0.029198384 0.999278307 -0.024297366 -3.419920683 -0.998757422 0.028183794 -0.041101173 111.322418213
-0.041538116 0.027175730 0.998767197 22.951292038 0.029201830 0.999235928 -0.025973998 -3.448970318 -0.998710096 0.028086919 -0.042299960 111.291046143
-0.042876821 0.024960548 0.998768508 23.798097610 0.025608899 0.999386847 -0.023876619 -3.481534004 -0.998752117 0.024553608 -0.043489743 111.259048462
-0.044104945 0.020409724 0.998818338 24.641441345 0.023064213 0.999545634 -0.019406132 -3.515524149 -0.998760641 0.022181055 -0.044555634 111.231781006
-0.044747759 0.015099338 0.998884201 25.491107941 0.021214884 0.999674559 -0.014160909 -3.544349194 -0.998773038 0.020557541 -0.045053530 111.203994751
-0.045287184 0.009816433 0.998925805 26.346658707 0.017436620 0.999807298 -0.009034587 -3.566523314 -0.998821735 0.017008742 -0.045449629 111.174850464
-0.045511760 0.008267076 0.998929620 27.188203812 0.014915504 0.999859929 -0.007595215 -3.593647480 -0.998852372 0.014553866 -0.045628686 111.147033691
-0.045069329 0.015400263 0.998865128 28.023298264 0.017815836 0.999734461 -0.014609808 -3.622276783 -0.998825014 0.017137161 -0.045331743 111.114990234
-0.043986581 0.026638491 0.998676836 28.849424362 0.020452401 0.999458969 -0.025758525 -3.647494078 -0.998822749 0.019292315 -0.044507608 111.082031250
-0.044017982 0.032045335 0.998516798 29.675947189 0.022243615 0.999269068 -0.031088913 -3.671888828 -0.998782992 0.020842152 -0.044698611 111.053024292
-0.042851355 0.026349049 0.998733938 30.514377594 0.023201356 0.999408841 -0.025371388 -3.708961248 -0.998812020 0.022084787 -0.043437347 111.023544312
-0.041150466 0.018497670 0.998981655 31.349744797 0.026271826 0.999502957 -0.017425120 -3.744632483 -0.998807490 0.025528027 -0.041615967 110.976585388
-0.040865548 0.015637306 0.999042213 32.185058594 0.027585298 0.999514043 -0.014516321 -3.775207043 -0.998783708 0.026965663 -0.041277040 110.941253662
-0.040813632 0.016366430 0.999032736 33.000194550 0.026479254 0.999532521 -0.015292852 -3.803308249 -0.998815835 0.025829485 -0.041227918 110.907852173
-0.042094599 0.017763020 0.998955727 33.820457458 0.024615703 0.999556899 -0.016736442 -3.823685169 -0.998810351 0.023885489 -0.042513195 110.883003235
-0.043634426 0.017552026 0.998893380 34.627956390 0.022001980 0.999619961 -0.016603684 -3.856516123 -0.998805285 0.021253137 -0.044004034 110.843498230
-0.045508847 0.017571008 0.998809397 35.431804657 0.022250682 0.999615073 -0.016571367 -3.884459257 -0.998716116 0.021470048 -0.045882296 110.807357788
-0.047598787 0.017722618 0.998709440 36.231445312 0.020248422 0.999654233 -0.016774340 -3.914175987 -0.998661280 0.019423848 -0.047941193 110.768905640
-0.049351327 0.018023148 0.998618841 37.024608612 0.018677423 0.999678969 -0.017119247 -3.942548752 -0.998606741 0.017806770 -0.049672116 110.729507446
-0.051483687 0.017450046 0.998521388 37.827445984 0.017070889 0.999716640 -0.016590761 -3.967178583 -0.998527944 0.016191499 -0.051766977 110.693817139
-0.053939648 0.015716096 0.998420656 38.622459412 0.017306399 0.999740660 -0.014801899 -4.001019001 -0.998394132 0.016480660 -0.054197669 110.655509949
-0.056273025 0.016005786 0.998287141 39.415184021 0.017127678 0.999739826 -0.015063602 -4.028075218 -0.998268425 0.016250664 -0.056532521 110.620735168
-0.058660850 0.017003311 0.998133183 40.211746216 0.016871629 0.999729156 -0.016038939 -4.054417133 -0.998135388 0.015899273 -0.058931828 110.587951660
-0.059402376 0.017212793 0.998085618 40.991085052 0.017871970 0.999709427 -0.016177120 -4.079193115 -0.998074114 0.016876794 -0.059692737 110.538085938
-0.060597867 0.016002679 0.998034000 41.769512177 0.019471437 0.999700189 -0.014847144 -4.109185696 -0.997972310 0.018533451 -0.060891293 110.492332458
-0.062236760 0.015554437 0.997940123 42.535655975 0.019474132 0.999707043 -0.014367470 -4.133201599 -0.997871399 0.018539833 -0.062521435 110.445678711
-0.063575298 0.014788407 0.997867405 43.292430878 0.018121896 0.999742448 -0.013661627 -4.162097454 -0.997812510 0.017214708 -0.063826911 110.399909973
-0.065255322 0.014339059 0.997765481 44.044624329 0.016533947 0.999774992 -0.013286594 -4.181393147 -0.997731626 0.015629981 -0.065477714 110.364501953
-0.066151731 0.012875844 0.997726500 44.781227112 0.015312366 0.999812007 -0.011887509 -4.207903862 -0.997691989 0.014491173 -0.066336468 110.321884155
-0.066941299 0.012623237 0.997677207 45.501686096 0.015685037 0.999809742 -0.011597802 -4.232941151 -0.997633636 0.014872228 -0.067126542 110.281082153
-0.067067787 0.015216896 0.997632384 46.199375153 0.015755715 0.999775171 -0.014190372 -4.257602692 -0.997624159 0.014766691 -0.067292467 110.237686157
-0.066969849 0.017972175 0.997593105 46.885917664 0.015788341 0.999731660 -0.016950812 -4.284155846 -0.997630000 0.014615150 -0.067235619 110.191024780
-0.067100711 0.019994562 0.997545838 47.591835022 0.014000269 0.999719560 -0.019096391 -4.303446293 -0.997648001 0.012684527 -0.067361832 110.152542114
-0.067343131 0.020632297 0.997516453 48.284782410 0.014383651 0.999702275 -0.019706456 -4.332096100 -0.997626185 0.013020834 -0.067619845 110.108276367
-0.067311950 0.020270834 0.997526169 48.970687866 0.015559653 0.999693334 -0.019264935 -4.361180782 -0.997610629 0.014224397 -0.067606702 110.064201355
-0.067564435 0.019546032 0.997523427 49.657863617 0.016431410 0.999694288 -0.018475633 -4.387483597 -0.997579515 0.015142424 -0.067864962 110.021606445
-0.067794524 0.019766126 0.997503459 50.334182739 0.012637878 0.999740541 -0.018951535 -4.410534382 -0.997619271 0.011321520 -0.068026729 109.979515076
-0.067750640 0.019904692 0.997503698 51.006618500 0.009916481 0.999765038 -0.019276286 -4.438804626 -0.997653008 0.008585748 -0.067932099 109.942817688
-0.067207575 0.018425925 0.997568786 51.683769226 0.012099831 0.999770999 -0.017651420 -4.465099335 -0.997665644 0.010884103 -0.067415148 109.892898560
-0.068055883 0.017931366 0.997520387 52.351833344 0.012685845 0.999773204 -0.017106371 -4.488883495 -0.997600853 0.011490199 -0.068267919 109.843406677
-0.071035758 0.017679742 0.997317076 53.009555817 0.009610225 0.999808550 -0.017039405 -4.509109020 -0.997427464 0.008374036 -0.071192063 109.797676086
-0.076321416 0.017158918 0.996935606 53.678367615 0.005857295 0.999842405 -0.016760541 -4.535302162 -0.997066081 0.004560158 -0.076409906 109.757972717
-0.082557626 0.020860609 0.996367872 54.335975647 0.009548412 0.999751568 -0.020140281 -4.559778214 -0.996540546 0.007850997 -0.082736291 109.701957703
-0.088848703 0.023966487 0.995756745 54.993030548 0.012094824 0.999662876 -0.022981310 -4.578948975 -0.995971620 0.010001643 -0.089108616 109.633438110
-0.095913909 0.025252391 0.995069265 55.645072937 0.010756366 0.999646068 -0.024331741 -4.605363846 -0.995331526 0.008369579 -0.096151568 109.568435669
-0.102200806 0.024498833 0.994462073 56.318012238 0.007232861 0.999688566 -0.023884268 -4.629719257 -0.994737506 0.004751813 -0.102346189 109.506118774
-0.107615016 0.023176173 0.993922472 57.002826691 0.007083761 0.999720752 -0.022544391 -4.657915115 -0.994167387 0.004614593 -0.107749157 109.436164856
-0.112224311 0.023805320 0.993397713 57.687381744 0.005104006 0.999713540 -0.023380073 -4.679461479 -0.993669808 0.002446496 -0.112313710 109.363632202
-0.115959935 0.023355119 0.992979288 58.374553680 0.003319012 0.999727070 -0.023126235 -4.702183247 -0.993248343 0.000613993 -0.116005801 109.283775330
-0.118560448 0.020038711 0.992744625 59.073410034 0.003253814 0.999798954 -0.019792506 -4.725758553 -0.992941499 0.000883597 -0.118601799 109.202835083
-0.119837821 0.017153613 0.992645264 59.788066864 0.005595947 0.999846518 -0.016602481 -4.748172760 -0.992777705 0.003565185 -0.119915418 109.112152100
-0.121723212 0.014154777 0.992463291 60.508056641 0.004858774 0.999894679 -0.013664855 -4.774304867 -0.992552102 0.003158825 -0.121779211 109.033393860
-0.122940764 0.014021108 0.992314875 61.232841492 0.004440605 0.999897957 -0.013578093 -4.791883469 -0.992404103 0.002737177 -0.122990489 108.948226929
-0.122875512 0.017619327 0.992265821 61.945114136 0.005837617 0.999837935 -0.017030891 -4.813467503 -0.992404938 0.003699788 -0.122958466 108.853317261
-0.122828968 0.021914084 0.992185891 62.679431915 0.012185358 0.999714136 -0.020571860 -4.835816383 -0.992352962 0.009563319 -0.123060875 108.754646301
-0.123538278 0.027327560 0.991963446 63.412139893 0.019847207 0.999488771 -0.025063129 -4.859302521 -0.992141306 0.016591446 -0.124017507 108.653686523
-0.123767570 0.028422993 0.991904080 64.158660889 0.020353779 0.999452114 -0.026099581 -4.887524605 -0.992102385 0.016958721 -0.124278285 108.558929443
-0.124746576 0.026002146 0.991847873 64.914840698 0.018175414 0.999548614 -0.023918075 -4.916080475 -0.992022157 0.015043546 -0.125162914 108.478134155
-0.125151917 0.021283906 0.991909266 65.670516968 0.018684886 0.999643028 -0.019092329 -4.943477154 -0.991961539 0.016144270 -0.125504956 108.391593933
-0.125189319 0.019193277 0.991947114 66.409400940 0.020804806 0.999643803 -0.016716514 -4.973244667 -0.991914690 0.018544540 -0.125544012 108.297668457
-0.126458108 0.019003732 0.991789818 67.148590088 0.020764282 0.999648035 -0.016506752 -4.998006821 -0.991754591 0.018506385 -0.126808196 108.208610535
-0.128523096 0.020136207 0.991502047 67.890106201 0.019392492 0.999653697 -0.017788013 -5.021460533 -0.991516888 0.016941525 -0.128869116 108.124496460
-0.130772084 0.020657377 0.991197228 68.634803772 0.018976646 0.999651909 -0.018329930 -5.048775673 -0.991230845 0.016412556 -0.131118566 108.034599304
-0.133031681 0.020786166 0.990893722 69.370880127 0.019261511 0.999645472 -0.018383814 -5.076568604 -0.990924597 0.016640482 -0.133384869 107.937026978
-0.134842262 0.020821145 0.990648448 70.105560303 0.020099977 0.999630809 -0.018274028 -5.102148056 -0.990663171 0.017447900 -0.135210946 107.839187622
-0.137309805 0.020464620 0.990316749 70.858139038 0.019141007 0.999654710 -0.018003643 -5.128418922 -0.990343332 0.016483583 -0.137654096 107.744316101
-0.139112487 0.020717241 0.990059853 71.612030029 0.016497780 0.999691010 -0.018600680 -5.156795025 -0.990139067 0.013746204 -0.139411300 107.648269653
-0.140390739 0.022222852 0.989846885 72.368598938 0.016494360 0.999661803 -0.020103803 -5.185545444 -0.989958763 0.013504502 -0.140709832 107.546386719
-0.140652761 0.022678813 0.989799201 73.108993530 0.016146062 0.999657214 -0.020610292 -5.210377693 -0.989927351 0.013082465 -0.140970707 107.432495117
-0.141542062 0.023083648 0.989663064 73.859916687 0.015705967 0.999654531 -0.021070423 -5.234981537 -0.989807665 0.012561264 -0.141855761 107.318855286
-0.142444700 0.021099569 0.989577770 74.627975464 0.016513247 0.999684274 -0.018938061 -5.266191959 -0.989665031 0.013643518 -0.142748132 107.206283569
-0.143238485 0.018482624 0.989515543 75.402610779 0.013557930 0.999768436 -0.016711529 -5.294457912 -0.989595354 0.011022051 -0.143455923 107.094787598
-0.144538656 0.016448162 0.989362359 76.178398132 0.010962788 0.999827087 -0.015020556 -5.319231033 -0.989438355 0.008675118 -0.144693986 106.982246399
-0.146854311 0.016100032 0.989027023 76.966369629 0.012794639 0.999814808 -0.014375846 -5.340727806 -0.989075303 0.010543090 -0.147033110 106.868522644
-0.148963138 0.016919874 0.988698125 77.763168335 0.013664823 0.999793351 -0.015050930 -5.364743710 -0.988748252 0.011268348 -0.149163559 106.753471375
-0.151592672 0.018520908 0.988269508 78.554817200 0.013130161 0.999774098 -0.016722446 -5.382638931 -0.988355815 0.010441138 -0.151801586 106.644271851
-0.152846262 0.021597406 0.988013864 79.342826843 0.014185125 0.999706030 -0.019658543 -5.415903091 -0.988148153 0.011010367 -0.153107688 106.517677307
-0.153446019 0.025589442 0.987825632 80.149375916 0.016361352 0.999593377 -0.023352757 -5.442272663 -0.988021493 0.012578778 -0.153802320 106.394287109
-0.154753655 0.029653676 0.987507880 80.956977844 0.017353214 0.999476969 -0.027293636 -5.472665310 -0.987800658 0.012912648 -0.155187264 106.270210266
-0.154127657 0.030520733 0.987579465 81.775558472 0.019706944 0.999418914 -0.027811037 -5.507109165 -0.987854540 0.015175722 -0.154639587 106.139953613
-0.153385475 0.029741742 0.987718761 82.595535278 0.022980522 0.999383986 -0.026524289 -5.542550087 -0.987899184 0.018629851 -0.153974473 106.002380371
-0.153483272 0.028081996 0.987752140 83.438613892 0.023882216 0.999409556 -0.024702448 -5.573804855 -0.987862587 0.019798294 -0.154063269 105.878463745
-0.153021500 0.026334310 0.987871826 84.277229309 0.023028022 0.999468446 -0.023076404 -5.606187820 -0.987954438 0.019217547 -0.153546587 105.758827209
-0.151813760 0.023800604 0.988122523 85.124084473 0.021874607 0.999546111 -0.020714981 -5.638659477 -0.988167048 0.018469967 -0.152265519 105.641891479
-0.150183782 0.020606002 0.988443255 85.969429016 0.022608550 0.999592900 -0.017403297 -5.668343544 -0.988399565 0.019733582 -0.150588498 105.517662048
-0.148330972 0.017518083 0.988782525 86.822586060 0.023115586 0.999631345 -0.014242632 -5.692323208 -0.988667727 0.020743664 -0.148681194 105.389328003
-0.146796107 0.017763112 0.989007294 87.677116394 0.021299182 0.999663711 -0.014793118 -5.717230320 -0.988937438 0.018893475 -0.147125080 105.270050049
-0.145851329 0.021838661 0.989065468 88.527709961 0.021847749 0.999583602 -0.018849153 -5.750877380 -0.989065170 0.018859677 -0.146267697 105.153045654
-0.143791512 0.028216280 0.989205658 89.375572205 0.022603534 0.999426305 -0.025222158 -5.778263569 -0.989349842 0.018732812 -0.144346803 105.031158447
-0.142526463 0.031537551 0.989288568 90.232238770 0.020480732 0.999372363 -0.028908361 -5.810792923 -0.989579082 0.016141143 -0.143082917 104.914314270
-0.141066045 0.028909782 0.989578009 91.096343994 0.019094286 0.999467075 -0.026476765 -5.844244480 -0.989815950 0.015160309 -0.141542897 104.796493530
