1.000000000 0.000000000 0.000000000 0.000000000 0.000000000 1.000000000 0.000000000 0.000000000 0.000000000 0.000000000 1.000000000 0.000000000
0.999998569 0.000848395 0.001558672 -0.003462705 -0.000846244 0.999998689 -0.001380146 -0.012257049 -0.001559842 0.001378824 0.999997854 1.206019044
0.999994397 0.001436322 0.003023278 -0.006361098 -0.001433264 0.999998391 -0.001013595 -0.032239214 -0.003024729 0.001009257 0.999994934 2.415726423
0.999992132 0.000591544 0.003922853 -0.002167809 -0.000589647 0.999999702 -0.000484872 -0.054356899 -0.003923140 0.000482555 0.999992192 3.625404119
0.999989748 0.000152373 0.004523269 0.003600087 -0.000150163 0.999999881 -0.000489016 -0.076151565 -0.004523343 0.000488331 0.999989629 4.830457687
0.999984324 0.000365094 0.005574793 0.004568277 -0.000362718 0.999999821 -0.000427246 -0.096309379 -0.005574947 0.000425217 0.999984384 6.039170265
0.999982119 0.000591285 0.005947679 0.013332408 -0.000582872 0.999998808 -0.001416055 -0.118333757 -0.005948510 0.001412562 0.999981225 7.239541054
0.999980032 0.000205988 0.006314641 0.018999387 -0.000196380 0.999998748 -0.001522043 -0.140826479 -0.006314947 0.001520773 0.999978900 8.433537483
0.999979436 -0.000145216 0.006403950 0.021881618 0.000147412 0.999999940 -0.000342368 -0.158335358 -0.006403900 0.000343305 0.999979377 9.622706413
0.999987662 -0.001073812 0.004833523 0.034042601 0.001070124 0.999999046 0.000765425 -0.186497524 -0.004834340 -0.000760244 0.999988019 10.831520081
0.999994993 -0.002498089 0.001932984 0.040653206 0.002496329 0.999996483 0.000912558 -0.216223925 -0.001935257 -0.000907728 0.999997735 12.023114204
0.999997854 -0.002077620 0.000027291 0.032335460 0.002077620 0.999997854 0.000004542 -0.229668692 -0.000027301 -0.000004485 1.000000000 13.226647377
0.999997675 -0.001770005 -0.001218021 0.029348869 0.001769940 0.999998450 -0.000053801 -0.250499874 0.001218114 0.000051645 0.999999285 14.427566528
0.999997556 -0.000291289 -0.002192120 0.025118127 0.000290763 0.999999940 -0.000240297 -0.271016777 0.002192190 0.000239659 0.999997556 15.625501633
0.999993861 -0.000870497 -0.003387380 0.034998275 0.000868248 0.999999404 -0.000665416 -0.284309894 0.003387957 0.000662471 0.999994040 16.831245422
0.999989688 -0.001281001 -0.004339586 0.033516094 0.001279546 0.999999106 -0.000338072 -0.301960260 0.004340016 0.000332516 0.999990523 18.038692474
0.999987483 -0.001713670 -0.004704795 0.018714882 0.001714707 0.999998510 0.000216364 -0.328759909 0.004704416 -0.000224429 0.999988914 19.225574493
0.999984324 -0.001360806 -0.005435199 0.004134662 0.001357359 0.999998868 -0.000637861 -0.350280225 0.005436060 0.000630473 0.999985039 20.411087036
0.999975920 -0.002027858 -0.006624639 0.007543147 0.002016748 0.999996543 -0.001683378 -0.370426357 0.006628030 0.001669978 0.999976635 21.609376907
0.999974489 -0.001499028 -0.006986946 -0.017200634 0.001491115 0.999998152 -0.001137564 -0.393806726 0.006988639 0.001127116 0.999974966 22.795444489
0.999968946 -0.000940119 -0.007826124 -0.028072298 0.000927751 0.999998331 -0.001583840 -0.409386665 0.007827600 0.001576531 0.999968112 24.013422012
0.999965787 -0.001303307 -0.008167073 -0.056433275 0.001287357 0.999997258 -0.001957873 -0.436091542 0.008169604 0.001947292 0.999964654 25.202003479
0.999955475 -0.001113379 -0.009362482 -0.061324492 0.001103577 0.999998748 -0.001052034 -0.462154210 0.009363642 0.001041655 0.999955535 26.405672073
0.999950230 -0.002223491 -0.009719147 -0.083934441 0.002228126 0.999997437 0.000466073 -0.481594980 0.009718085 -0.000487706 0.999952674 27.602298737
0.999936223 -0.002610572 -0.010987164 -0.091739014 0.002616649 0.999996364 0.000538704 -0.500580430 0.010985719 -0.000567419 0.999939501 28.814214706
0.999927878 -0.003428619 -0.011511805 -0.114063814 0.003427830 0.999994040 -0.000088304 -0.522269547 0.011512038 0.000048837 0.999933660 30.016632080
0.999914408 -0.003744776 -0.012529136 -0.129784316 0.003731076 0.999992430 -0.001116639 -0.544012070 0.012533225 0.001069797 0.999920905 31.210062027
0.999913216 -0.002942102 -0.012835902 -0.153553009 0.002929267 0.999995112 -0.001018658 -0.567987144 0.012838834 0.000980970 0.999917090 32.409061432
0.999906898 -0.003292848 -0.013243086 -0.179576337 0.003285320 0.999994576 -0.000590199 -0.590726912 0.013244955 0.000546636 0.999912143 33.617084503
0.999895632 -0.003314325 -0.014055761 -0.200314701 0.003310323 0.999994397 -0.000307981 -0.613404036 0.014056703 0.000261420 0.999901175 34.821735382
0.999892294 -0.003956592 -0.014135147 -0.231020182 0.003951787 0.999992132 -0.000367864 -0.633326888 0.014136491 0.000311965 0.999900043 36.037445068
0.999888003 -0.004176407 -0.014370853 -0.259660631 0.004171487 0.999991238 -0.000372299 -0.659012854 0.014372281 0.000312310 0.999896586 37.236114502
0.999890149 -0.004675342 -0.014064803 -0.291206211 0.004676867 0.999988973 0.000075504 -0.673215330 0.014064294 -0.000141275 0.999900997 38.442649841
0.999895155 -0.004457879 -0.013771169 -0.315118164 0.004476120 0.999989152 0.001293988 -0.692756414 0.013765250 -0.001355494 0.999904335 39.654834747
0.999902070 -0.003489492 -0.013552591 -0.335605919 0.003517975 0.999991655 0.002078338 -0.714548886 0.013545225 -0.002125812 0.999906003 40.859287262
0.999898493 -0.003009039 -0.013921663 -0.348175466 0.003033870 0.999993861 0.001762867 -0.733433962 0.013916272 -0.001804925 0.999901533 42.076728821
0.999904215 -0.002342737 -0.013651674 -0.371343732 0.002363460 0.999996006 0.001501984 -0.748312950 0.013648103 -0.001534105 0.999905705 43.269279480
0.999921143 0.000669267 -0.012540288 -0.401351064 -0.000623553 0.999993145 0.003648911 -0.769597471 0.012542645 -0.003640804 0.999914706 44.488918304
0.999942005 0.000616524 -0.010751398 -0.423083216 -0.000549053 0.999980152 0.006277375 -0.777438760 0.010755055 -0.006271108 0.999922514 45.693923950
0.999960661 0.001409586 -0.008774078 -0.438717633 -0.001329660 0.999957561 0.009108488 -0.791286469 0.008786547 -0.009096462 0.999919951 46.910293579
0.999973238 0.001637745 -0.007119849 -0.454048902 -0.001549648 0.999922395 0.012361540 -0.796949863 0.007139542 -0.012350176 0.999898255 48.119983673
0.999982238 0.000852834 -0.005903356 -0.464078635 -0.000770867 0.999903381 0.013873133 -0.807210028 0.005914617 -0.013868335 0.999886334 49.325031281
0.999988496 -0.000873514 -0.004747757 -0.466416299 0.000931351 0.999925137 0.012193505 -0.810865283 0.004736751 -0.012197783 0.999914408 50.527381897
0.999993861 0.000134487 -0.003504243 -0.476994038 -0.000099007 0.999948680 0.010123106 -0.812966347 0.003505425 -0.010122697 0.999942541 51.731563568
0.999996483 0.000574147 -0.002595188 -0.490317941 -0.000548893 0.999952734 0.009721413 -0.820326924 0.002600646 -0.009719958 0.999949396 52.930488586
0.999997854 0.000035281 -0.002080631 -0.501868069 -0.000015412 0.999954402 0.009548434 -0.835485280 0.002080872 -0.009548384 0.999952257 54.142765045
0.999996424 -0.000190397 -0.002666357 -0.512843490 0.000212006 0.999967098 0.008106375 -0.839146137 0.002664726 -0.008106912 0.999963582 55.345119476
0.999989212 -0.000023525 -0.004642683 -0.520087719 0.000063683 0.999962509 0.008649612 -0.850735307 0.004642306 -0.008649815 0.999951839 56.550376892
0.999982476 -0.000580425 -0.005916680 -0.531069636 0.000637525 0.999953210 0.009653475 -0.858679950 0.005910801 -0.009657078 0.999935925 57.764560699
0.999973059 -0.000768566 -0.007303595 -0.540351152 0.000843408 0.999947131 0.010249688 -0.870936871 0.007295331 -0.010255572 0.999920726 58.972183228
0.999968767 0.000563938 -0.007884793 -0.557995558 -0.000485952 0.999951005 0.009889134 -0.878935993 0.007889981 -0.009884992 0.999920011 60.185600281
0.999960303 0.000596618 -0.008882655 -0.568965852 -0.000512550 0.999954998 0.009463623 -0.884036303 0.008887901 -0.009458696 0.999915779 61.387527466
0.999959350 -0.000339522 -0.009012840 -0.584101617 0.000422509 0.999957442 0.009207252 -0.897143662 0.009009330 -0.009210686 0.999916911 62.585517883
0.999952495 -0.001376313 -0.009663678 -0.593369603 0.001455299 0.999965549 0.008171218 -0.907658219 0.009652099 -0.008184893 0.999919832 63.792881012
0.999953389 -0.001728901 -0.009499409 -0.618351161 0.001815465 0.999956846 0.009111512 -0.913501859 0.009483244 -0.009128334 0.999913394 64.990562439
0.999949038 -0.001716979 -0.009950043 -0.640451849 0.001830296 0.999933362 0.011390707 -0.934171438 0.009929824 -0.011408336 0.999885619 66.173858643
0.999949098 -0.001344510 -0.009999804 -0.667431533 0.001439704 0.999953687 0.009518430 -0.940480232 0.009986543 -0.009532340 0.999904692 67.365608215
0.999949872 0.000341240 -0.010006592 -0.685324609 -0.000258528 0.999965727 0.008265883 -0.949241698 0.010009070 -0.008262883 0.999915779 68.565284729
0.999946594 0.002451274 -0.010031626 -0.707547963 -0.002365193 0.999960363 0.008583792 -0.959332407 0.010052270 -0.008559607 0.999912858 69.765182495
0.999940455 0.004644690 -0.009876001 -0.732688725 -0.004556269 0.999949515 0.008956792 -0.967996061 0.009917104 -0.008911262 0.999911129 70.963340759
0.999934912 0.005896256 -0.009766789 -0.749469042 -0.005803588 0.999938130 0.009489338 -0.982132494 0.009822140 -0.009432039 0.999907196 72.165061951
0.999939561 0.006352162 -0.008975237 -0.764550745 -0.006257752 0.999925196 0.010508151 -0.991763949 0.009041315 -0.010451348 0.999904513 73.351234436
0.999941170 0.008441096 -0.006810794 -0.784490108 -0.008365061 0.999903142 0.011116670 -0.995266795 0.006903970 -0.011059042 0.999915004 74.536460876
0.999966741 0.007103965 -0.004011300 -0.793585896 -0.007069528 0.999938607 0.008534488 -1.005680323 0.004071682 -0.008505846 0.999955535 75.727371216
0.999988914 0.004469133 -0.001434390 -0.797701180 -0.004463873 0.999983370 0.003650316 -1.017927408 0.001450680 -0.003643873 0.999992311 76.902557373
0.999984622 0.005389689 0.001322457 -0.806443393 -0.005393756 0.999980688 0.003090597 -1.030327559 -0.001305774 -0.003097682 0.999994338 78.077423096
0.999980092 0.004466541 0.004436982 -0.807713032 -0.004496879 0.999966562 0.006851645 -1.048120975 -0.004406229 -0.006871461 0.999966681 79.250274658
0.999962687 0.004505079 0.007369846 -0.799339771 -0.004564967 0.999956548 0.008129656 -1.062715530 -0.007332901 -0.008162994 0.999939799 80.427207947
0.999916673 0.005037410 0.011878496 -0.797492564 -0.005112946 0.999966860 0.006337364 -1.076210737 -0.011846178 -0.006397569 0.999909282 81.594558716
0.999872565 0.003518272 0.015573272 -0.790982008 -0.003576556 0.999986708 0.003716263 -1.093141317 -0.015559992 -0.003771487 0.999871850 82.763175964
0.999807239 0.002496591 0.019481674 -0.776953816 -0.002497932 0.999996901 0.000044491 -1.111238599 -0.019481504 -0.000093147 0.999810219 83.906631470
0.999739230 0.002429957 0.022706352 -0.751862645 -0.002400286 0.999996245 -0.001333882 -1.126909733 -0.022709507 0.001279032 0.999741316 85.073577881
0.999644578 0.001521005 0.026616938 -0.726261616 -0.001545118 0.999998331 0.000885371 -1.154345870 -0.026615547 -0.000926183 0.999645233 86.235191345
0.999527216 0.002878953 0.030615719 -0.700919151 -0.002925931 0.999994636 0.001489715 -1.178984523 -0.030611269 -0.001578590 0.999530137 87.398284912
0.999414802 0.002265197 0.034128595 -0.664334059 -0.002240324 0.999997199 -0.000767028 -1.197156310 -0.034130245 0.000690120 0.999417067 88.564414978
0.999285936 0.001792708 0.037745103 -0.627407789 -0.001683743 0.999994338 -0.002918476 -1.220292926 -0.037750125 0.002852838 0.999283135 89.725219727
0.999172390 0.001657534 0.040640485 -0.578982592 -0.001520616 0.999993086 -0.003399679 -1.240225077 -0.040645834 0.003335067 0.999168038 90.892883301
0.999054313 0.000938826 0.043467596 -0.533876419 -0.000842933 0.999997318 -0.002224365 -1.262981534 -0.043469571 0.002185622 0.999052286 92.051086426
0.998914599 0.000479824 0.046574898 -0.488732815 -0.000449931 0.999999702 -0.000652307 -1.282231331 -0.046575192 0.000630643 0.998914599 93.216026306
0.998786628 -0.000410677 0.049245253 -0.434445858 0.000354431 0.999999285 0.001150893 -1.303706527 -0.049245689 -0.001132042 0.998786032 94.369216919
0.998674631 -0.001825463 0.051435936 -0.368675709 0.001718279 0.999996245 0.002127986 -1.320461392 -0.051439628 -0.002036784 0.998674035 95.532295227
0.998545170 -0.002959398 0.053840343 -0.312450409 0.002966379 0.999995589 -0.000049736 -1.342407346 -0.053839967 0.000209374 0.998549581 96.692802429
0.998446047 -0.004043615 0.055579741 -0.240357876 0.004246537 0.999984741 -0.003533355 -1.358598709 -0.055564605 0.003763887 0.998448014 97.847663879
0.998312116 -0.003469863 0.057972830 -0.183029175 0.003849731 0.999971867 -0.006442118 -1.379738331 -0.057948843 0.006654424 0.998297393 99.017860413
0.998221457 -0.003396535 0.059518199 -0.119930744 0.003840660 0.999965608 -0.007349194 -1.403008699 -0.059491191 0.007564712 0.998200178 100.199394226
0.998199046 -0.003198299 0.059903745 -0.051883221 0.003613818 0.999970138 -0.006829399 -1.424722672 -0.059880104 0.007033580 0.998180807 101.383728027
0.998255491 -0.003034473 0.058964342 0.021227360 0.003335713 0.999981821 -0.005011092 -1.449065566 -0.058948059 0.005199039 0.998247504 102.572715759
0.998321056 -0.003525260 0.057815742 0.080805302 0.003732184 0.999986947 -0.003471436 -1.470082760 -0.057802752 0.003681386 0.998321235 103.759872437
0.998451531 -0.003045323 0.055545483 0.149379253 0.003203600 0.999991059 -0.002760700 -1.492016077 -0.055536579 0.002934370 0.998452365 104.948188782
0.998580515 -0.002882073 0.053185504 0.202755928 0.003011851 0.999992609 -0.002360125 -1.510931253 -0.053178314 0.002516961 0.998582006 106.146469116
0.998735130 -0.002626359 0.050211947 0.256550312 0.002752932 0.999993205 -0.002451789 -1.532201886 -0.050205171 0.002586918 0.998735487 107.351699829
0.998926878 -0.000855171 0.046305384 0.314024448 0.001001632 0.999994576 -0.003139829 -1.548575521 -0.046302434 0.003182841 0.998922408 108.570991516
0.999095142 -0.001041371 0.042517986 0.358029366 0.001159020 0.999995589 -0.002742494 -1.569537520 -0.042514943 0.002789292 0.999091923 109.774681091
0.999245942 -0.000420348 0.038824201 0.396568060 0.000490309 0.999998271 -0.001792485 -1.590838671 -0.038823389 0.001810170 0.999244452 110.998832703
0.999410689 -0.000006083 0.034326240 0.438188553 0.000041448 0.999999464 -0.001029552 -1.614022374 -0.034326207 0.001030369 0.999410152 112.207229614
0.999547541 0.000065534 0.030078517 0.470038891 -0.000053449 0.999999940 -0.000402595 -1.632181883 -0.030078541 0.000400805 0.999547482 113.436607361
0.999686658 0.000196437 0.025036495 0.503208876 -0.000188426 0.999999940 -0.000322333 -1.654986143 -0.025036557 0.000317514 0.999686480 114.650253296
0.999795139 0.000942049 0.020217702 0.521234751 -0.000937995 0.999999523 -0.000209999 -1.676279664 -0.020217896 0.000190992 0.999795556 115.869476318
0.999878347 0.001531421 0.015522422 0.539816618 -0.001523122 0.999998689 -0.000546392 -1.692449689 -0.015523240 0.000522683 0.999879301 117.099403381
0.999937654 0.002610506 0.010850941 0.543573797 -0.002598452 0.999996006 -0.001124742 -1.710599184 -0.010853834 0.001096477 0.999940515 118.335052490
0.999958754 0.004832270 0.007678792 0.535955310 -0.004821733 0.999987423 -0.001390091 -1.726373434 -0.007685412 0.001353009 0.999969542 119.555282593
0.999969423 0.006043954 0.004948897 0.549185932 -0.006037031 0.999980927 -0.001412255 -1.749506950 -0.004957337 0.001382335 0.999986768 120.799064636
0.999961257 0.007662691 0.004338755 0.539008379 -0.007655478 0.999969304 -0.001676707 -1.772611141 -0.004351470 0.001643427 0.999989212 122.040908813
0.999948502 0.009625155 0.003219408 0.534173012 -0.009621007 0.999952793 -0.001300937 -1.794303656 -0.003231779 0.001269896 0.999993980 123.279541016
0.999938190 0.010936563 0.002011520 0.533681333 -0.010935523 0.999939978 -0.000526749 -1.815601349 -0.002017160 0.000504720 0.999997854 124.507743835
0.999944210 0.010458564 0.001427886 0.528868079 -0.010457861 0.999945104 -0.000498923 -1.828226328 -0.001433026 0.000483963 0.999998868 125.755767822
0.999895513 0.014440167 0.000524449 0.520714760 -0.014440921 0.999894559 0.001469518 -1.846114993 -0.000503174 -0.001476938 0.999998808 127.002868652
0.999880195 0.015465240 0.000355366 0.501702785 -0.015466788 0.999868393 0.004879691 -1.863651514 -0.000279853 -0.004884603 0.999988019 128.257049561
0.999895394 0.014454097 0.000522560 0.481023580 -0.014456241 0.999886036 0.004357443 -1.877095699 -0.000459518 -0.004364541 0.999990284 129.523391724
0.999898195 0.014251208 -0.000583198 0.492947161 -0.014249742 0.999895394 0.002445033 -1.879726410 0.000617982 -0.002436474 0.999996841 130.769042969
0.999935448 0.011306414 -0.001146154 0.485065341 -0.011302169 0.999929488 0.003645120 -1.900936723 0.001187286 -0.003631931 0.999992728 132.019409180
0.999954939 0.009179879 -0.002411511 0.488603324 -0.009166546 0.999942958 0.005482875 -1.914505124 0.002461706 -0.005460524 0.999982059 133.283065796
0.999978304 0.006061777 -0.002578827 0.475523025 -0.006041046 0.999949992 0.007972279 -1.934799790 0.002627024 -0.007956527 0.999964893 134.539825439
0.999987721 0.004082604 -0.002807947 0.471193969 -0.004056849 0.999950111 0.009118226 -1.949387670 0.002845034 -0.009106723 0.999954402 135.802154541
0.999996901 -0.000224820 -0.002485156 0.465678275 0.000242777 0.999973834 0.007228050 -1.961021423 0.002483466 -0.007228631 0.999970794 137.059448242
0.999993622 -0.002848477 -0.002156760 0.459067851 0.002862023 0.999976039 0.006303966 -1.972774863 0.002138751 -0.006310098 0.999977827 138.327346802
0.999989629 -0.004032995 -0.002120925 0.453368276 0.004045543 0.999974132 0.005945569 -1.985319972 0.002096892 -0.005954086 0.999980092 139.601318359
0.999992013 -0.003749855 -0.001322626 0.442384243 0.003758537 0.999970913 0.006623541 -2.000818968 0.001297750 -0.006628459 0.999977112 140.886276245
0.999992549 -0.003757698 -0.000870840 0.439377367 0.003764605 0.999960363 0.008070411 -2.005852699 0.000840479 -0.008073629 0.999966979 142.167282104
0.999999523 -0.000896373 -0.000066618 0.429442853 0.000896969 0.999953747 0.009568974 -2.015508175 0.000058038 -0.009569031 0.999954224 143.461273193
0.999998391 -0.001652826 0.000704466 0.419851899 0.001647219 0.999967694 0.007886212 -2.027315378 -0.000717478 -0.007885040 0.999968648 144.743301392
0.999998569 -0.000495486 0.001566250 0.405692041 0.000486001 0.999981582 0.006050641 -2.040549755 -0.001569218 -0.006049872 0.999980390 146.030105591
0.999997199 -0.000642294 0.002270476 0.393026739 0.000634270 0.999993563 0.003532965 -2.055309534 -0.002272731 -0.003531514 0.999991179 147.296981812
0.999994159 -0.002076635 0.002723631 0.395956933 0.002078227 0.999997675 -0.000581832 -2.074543476 -0.002722416 0.000587489 0.999996126 148.575149536
0.999993563 -0.001909135 0.003044869 0.391887873 0.001922035 0.999989092 -0.004239410 -2.095453262 -0.003036743 0.004245236 0.999986291 149.845138550
0.999992132 -0.002349015 0.003170423 0.395658314 0.002365158 0.999984205 -0.005097735 -2.123362064 -0.003158398 0.005105194 0.999981999 151.116210938
0.999990642 -0.002567067 0.003485732 0.384897798 0.002584446 0.999984205 -0.004990679 -2.149016857 -0.003472866 0.004999641 0.999981463 152.389709473
0.999992430 -0.002055852 0.003304623 0.385414451 0.002070043 0.999988616 -0.004296965 -2.177659512 -0.003295751 0.004303772 0.999985337 153.658187866
0.999994338 -0.001380977 0.003078487 0.387566090 0.001391344 0.999993384 -0.003368017 -2.203480244 -0.003073816 0.003372281 0.999989510 154.941070557
0.999995112 -0.001038275 0.002923157 0.381786138 0.001046632 0.999995291 -0.002858947 -2.227664709 -0.002920175 0.002861992 0.999991655 156.210464478
0.999997318 -0.001387750 0.001927954 0.383881062 0.001394907 0.999992132 -0.003715683 -2.251484394 -0.001922783 0.003718363 0.999991238 157.475936890
0.999998331 -0.000332708 0.001807469 0.375981450 0.000338568 0.999994695 -0.003243173 -2.275737524 -0.001806380 0.003243779 0.999993026 158.755920410
0.999999523 -0.000499392 0.000739509 0.377168238 0.000500737 0.999998212 -0.001819759 -2.299399853 -0.000738599 0.001820129 0.999998093 160.020339966
0.999999225 0.000880755 0.000873267 0.358870745 -0.000879299 0.999998212 -0.001665784 -2.324294090 -0.000874733 0.001665015 0.999998152 161.294326782
0.999999464 0.000758104 -0.000721292 0.367967963 -0.000760065 0.999996006 -0.002722526 -2.347817421 0.000719225 0.002723073 0.999995947 162.562362671
0.999998391 0.001573442 -0.000757769 0.348474085 -0.001576387 0.999991119 -0.003902470 -2.373502731 0.000751622 0.003903659 0.999992013 163.832702637
0.999996841 0.002053755 -0.001464802 0.340558410 -0.002059286 0.999990702 -0.003784081 -2.401275158 0.001457017 0.003787085 0.999991775 165.095657349
0.999995530 0.001978883 -0.002211824 0.336068094 -0.001989693 0.999986053 -0.004895968 -2.424899101 0.002202105 0.004900347 0.999985576 166.376144409
0.999993622 0.002266359 -0.002728639 0.326559275 -0.002282626 0.999979556 -0.005973609 -2.454183578 0.002715045 0.005979799 0.999978423 167.646697998
0.999991179 0.002564201 -0.003301562 0.316564322 -0.002582768 0.999980807 -0.005631712 -2.479774952 0.003287058 0.005640190 0.999978721 168.919555664
0.999988019 0.002653622 -0.004117948 0.307599902 -0.002671665 0.999986827 -0.004382429 -2.507175684 0.004106266 0.004393378 0.999981940 170.189788818
0.999988556 0.002776854 -0.003890285 0.284453452 -0.002791010 0.999989510 -0.003638050 -2.539974213 0.003880142 0.003648866 0.999985814 171.457489014
0.999982119 0.003420888 -0.004888097 0.271225333 -0.003436608 0.999988854 -0.003211374 -2.567742586 0.004877057 0.003228116 0.999982893 172.713684082
0.999976814 0.004139447 -0.005391010 0.252880692 -0.004155136 0.999987185 -0.002902180 -2.592928171 0.005378928 0.002924513 0.999981284 173.965728760
0.999970019 0.004221911 -0.006492639 0.250575781 -0.004247661 0.999983072 -0.003957115 -2.615099669 0.006475823 0.003984575 0.999971092 175.247390747
0.999966025 0.005064787 -0.006504771 0.227030754 -0.005094279 0.999976814 -0.004525329 -2.640782118 0.006481702 0.004558313 0.999968529 176.509231567
0.999965250 0.005033199 -0.006634417 0.208506346 -0.005062744 0.999977231 -0.004444045 -2.664562225 0.006611899 0.004477478 0.999968112 177.784317017
0.999967039 0.005070471 -0.006343542 0.189985871 -0.005107479 0.999969959 -0.005831452 -2.691297054 0.006313785 0.005863660 0.999962866 179.039840698
0.999970257 0.003741832 -0.006730954 0.179049850 -0.003791758 0.999965310 -0.007419923 -2.719498634 0.006702957 0.007445225 0.999949813 180.298385620
0.999977291 0.000673443 -0.006707654 0.173423171 -0.000721744 0.999973953 -0.007201063 -2.752698183 0.006702629 0.007205741 0.999951601 181.578216553
0.999976277 0.000635146 -0.006847715 0.161471605 -0.000658724 0.999993861 -0.003441565 -2.782395124 0.006845485 0.003445994 0.999970555 182.837387085
0.999974012 -0.000271425 -0.007203530 0.150905132 0.000277914 0.999999583 0.000899793 -2.805213213 0.007203282 -0.000901771 0.999973655 184.091934204
0.999972641 0.001242184 -0.007280325 0.128643751 -0.001240231 0.999999106 0.000272837 -2.829007149 0.007280658 -0.000263800 0.999973476 185.353790283
0.999970794 0.002384647 -0.007261261 0.111284137 -0.002405277 0.999993026 -0.002833763 -2.852292299 0.007254453 0.002851145 0.999969542 186.600891113
0.999970019 0.003801829 -0.006744672 0.082073331 -0.003835633 0.999980032 -0.005006126 -2.871278286 0.006725504 0.005031845 0.999964714 187.836502075
0.999971628 0.002964078 -0.006946110 0.067648768 -0.002997677 0.999983847 -0.004831539 -2.901213646 0.006931678 0.004852225 0.999964118 189.088455200
0.999974668 0.003175705 -0.006357315 0.044489741 -0.003200953 0.999986947 -0.003965260 -2.923671961 0.006344638 0.003985511 0.999971926 190.325820923
0.999974012 0.003371882 -0.006373904 0.036672235 -0.003382777 0.999992847 -0.001699320 -2.955737591 0.006368129 0.001720837 0.999978244 191.568481445
0.999981046 0.002407834 -0.005662661 0.023517013 -0.002411934 0.999996841 -0.000717194 -2.984318018 0.005660916 0.000730839 0.999983728 192.817916870
0.999987960 0.002568878 -0.004162414 0.013607264 -0.002575067 0.999995589 -0.001482261 -3.007607222 0.004158589 0.001492962 0.999990225 194.060485840
0.999994338 0.001371932 -0.003075527 0.009734988 -0.001380907 0.999994934 -0.002917803 -3.033532619 0.003071508 0.002922033 0.999991000 195.294555664
0.999997914 0.001146091 -0.001697542 0.002050728 -0.001153324 0.999990225 -0.004265652 -3.061722994 0.001692637 0.004267601 0.999989450 196.529678345
0.999999702 0.000658518 -0.000117471 -0.001063362 -0.000659101 0.999987006 -0.005040279 -3.085727215 0.000114151 0.005040355 0.999987304 197.749649048
0.999998450 0.000421094 0.001659748 -0.009057879 -0.000414263 0.999991477 -0.004113899 -3.115254641 -0.001661466 0.004113204 0.999990165 198.965942383
0.999995351 0.000423977 0.003026905 -0.010942340 -0.000417206 0.999997437 -0.002237289 -3.143994093 -0.003027845 0.002236016 0.999992907 200.183349609
0.999989331 0.001883190 0.004198259 -0.015059352 -0.001874435 0.999996066 -0.002088563 -3.164066553 -0.004202176 0.002080672 0.999989033 201.387557983
0.999983191 0.001137270 0.005669843 -0.025192976 -0.001126427 0.999997675 -0.001915112 -3.193639278 -0.005672006 0.001908693 0.999982119 202.577453613
0.999975801 0.001868178 0.006704032 -0.025822401 -0.001856119 0.999996662 -0.001804464 -3.217302322 -0.006707380 0.001791977 0.999975920 203.780273438
0.999967575 0.001510194 0.007911473 -0.023095608 -0.001499015 0.999997795 -0.001418799 -3.245640755 -0.007913597 0.001406893 0.999967694 204.966857910
0.999960899 0.001856149 0.008648921 -0.020115376 -0.001840700 0.999996841 -0.001793706 -3.269466400 -0.008652220 0.001777716 0.999960899 206.144912720
0.999950588 0.001459471 0.009831646 -0.025536776 -0.001443150 0.999997556 -0.001666944 -3.296363592 -0.009834058 0.001652673 0.999950290 207.314315796
0.999944866 0.000685002 0.010475986 -0.024606943 -0.000669493 0.999998689 -0.001483906 -3.322535753 -0.010476989 0.001476811 0.999944031 208.469726562
0.999942183 0.000282592 0.010742517 -0.019452572 -0.000275176 0.999999642 -0.000691824 -3.351084232 -0.010742711 0.000688828 0.999942064 209.610763550
0.999949217 -0.000347910 0.010073157 -0.005161524 0.000345176 0.999999821 0.000273178 -3.373904943 -0.010073251 -0.000269687 0.999949217 210.748825073
0.999953687 0.000203002 0.009613046 -0.005975008 -0.000205865 0.999999940 0.000296838 -3.399727345 -0.009612984 -0.000298803 0.999953747 211.848937988
0.999956012 0.000576395 0.009363045 -0.000052929 -0.000570029 0.999999583 -0.000682611 -3.424787521 -0.009363435 0.000677244 0.999955952 212.949630737
0.999959946 0.000390905 0.008944094 0.007111073 -0.000376799 0.999998689 -0.001578810 -3.447178602 -0.008944700 0.001575377 0.999958754 214.035995483
0.999965906 0.000688588 0.008225787 0.009675622 -0.000675082 0.999998331 -0.001644609 -3.472249031 -0.008226907 0.001639000 0.999964833 215.118041992
0.999972999 0.000164632 0.007346336 0.005440950 -0.000150414 0.999998033 -0.001935802 -3.491967440 -0.007346642 0.001934645 0.999971151 216.180465698
0.999983191 -0.000396574 0.005781050 0.012802243 0.000403226 0.999999404 -0.001149546 -3.517632484 -0.005780591 0.001151857 0.999982655 217.238662720
0.999990344 -0.001592440 0.004076006 0.011990964 0.001590252 0.999998569 0.000539962 -3.541667461 -0.004076861 -0.000533475 0.999991536 218.278335571
0.999997318 -0.000564720 0.002247347 -0.000418603 0.000559868 0.999997437 0.002159121 -3.559714794 -0.002248561 -0.002157857 0.999995172 219.283645630
0.999999821 -0.000331869 0.000284617 -0.009756863 0.000331244 0.999997556 0.002192773 -3.580571175 -0.000285344 -0.002192678 0.999997556 220.289978027
0.999997735 -0.000492297 -0.002075834 -0.019256234 0.000496955 0.999997377 0.002244260 -3.604792595 0.002074724 -0.002245286 0.999995351 221.263549805
0.999988794 -0.000268390 -0.004709089 -0.031040430 0.000279184 0.999997258 0.002291625 -3.624582291 0.004708461 -0.002292914 0.999986291 222.221847534
0.999968588 -0.000070346 -0.007926337 -0.041169286 0.000091335 0.999996483 0.002647683 -3.643709660 0.007926123 -0.002648324 0.999965072 223.152053833
0.999944508 0.000643103 -0.010516756 -0.057508945 -0.000618213 0.999997020 0.002369781 -3.662459850 0.010518248 -0.002363147 0.999941885 224.082885742
0.999906778 0.000801528 -0.013630589 -0.074174166 -0.000779547 0.999998391 0.001617843 -3.676977158 0.013631865 -0.001607066 0.999905705 224.983398438
0.999855280 0.000378763 -0.017004117 -0.089409590 -0.000359914 0.999999344 0.001111538 -3.697071314 0.017004525 -0.001105258 0.999854803 225.867034912
0.999798834 0.001537501 -0.020005044 -0.115972042 -0.001523194 0.999998569 0.000730378 -3.716288090 0.020006144 -0.000699760 0.999799609 226.717803955
0.999740124 0.001763870 -0.022728005 -0.142162323 -0.001761709 0.999998450 0.000115117 -3.737252712 0.022728173 -0.000075047 0.999741673 227.554046631
0.999684930 0.003212573 -0.024899926 -0.171665668 -0.003221276 0.999994755 -0.000309371 -3.750958204 0.024898797 0.000389483 0.999689877 228.367889404
0.999655664 0.004158941 -0.025909120 -0.190812588 -0.004153019 0.999991357 0.000282366 -3.768803120 0.025910070 -0.000174668 0.999664247 229.167388916
0.999653697 0.004030245 -0.026001357 -0.211477280 -0.003990468 0.999990761 0.001581542 -3.789288044 0.026007494 -0.001477237 0.999660671 229.951034546
0.999663949 0.004086109 -0.025595682 -0.232293129 -0.004043763 0.999990284 0.001705978 -3.801217556 0.025602404 -0.001601902 0.999670923 230.712753296
0.999676943 0.004330052 -0.025045482 -0.258394241 -0.004287874 0.999989271 0.001737508 -3.820160151 0.025052743 -0.001629554 0.999684811 231.463287354
0.999682426 0.004455132 -0.024802849 -0.277346134 -0.004465214 0.999989986 -0.000351098 -3.835245371 0.024801036 0.000461737 0.999692440 232.199325562
0.999703407 0.004716661 -0.023889523 -0.295530796 -0.004773830 0.999985874 -0.002336629 -3.851105690 0.023878163 0.002449980 0.999711871 232.930007935
0.999732077 0.004637366 -0.022673817 -0.315881729 -0.004717479 0.999982834 -0.003481014 -3.871781826 0.022657285 0.003587045 0.999736786 233.647949219
0.999758422 0.005508828 -0.021274816 -0.335504055 -0.005595849 0.999976218 -0.004032988 -3.884663343 0.021252090 0.004151064 0.999765515 234.378234863
0.999800861 0.005276976 -0.019244706 -0.352512836 -0.005360301 0.999976397 -0.004280729 -3.899202347 0.019221660 0.004383032 0.999805629 235.101181030
0.999828577 0.004952341 -0.017836096 -0.356124401 -0.005027994 0.999978542 -0.004199212 -3.914933681 0.017814917 0.004288173 0.999832034 235.822204590
0.999858737 0.005052398 -0.016031854 -0.363965750 -0.005130183 0.999975264 -0.004814488 -3.925872326 0.016007135 0.004896055 0.999859810 236.538345337
0.999887943 0.004451413 -0.014293805 -0.372186899 -0.004525032 0.999976575 -0.005122204 -3.942524195 0.014270670 0.005186310 0.999884725 237.241546631
0.999924123 0.004501851 -0.011458968 -0.378466606 -0.004555326 0.999978840 -0.004644843 -3.959115982 0.011437815 0.004696690 0.999923468 237.939498901
0.999962807 0.003285581 -0.007970954 -0.388707042 -0.003316376 0.999987066 -0.003853184 -3.976823568 0.007958192 0.003879475 0.999960721 238.628021240
0.999983907 0.002782338 -0.004943680 -0.396503747 -0.002800650 0.999989212 -0.003701082 -3.992719650 0.004933330 0.003714868 0.999980927 239.322647095
0.999994934 0.002676873 -0.001724328 -0.398487508 -0.002683666 0.999988616 -0.003949106 -4.005615711 0.001713737 0.003953713 0.999990702 240.020935059
0.999996245 0.002383828 0.001357734 -0.400529057 -0.002377976 0.999987960 -0.004295541 -4.022014618 -0.001367957 0.004292297 0.999989867 240.708419800
0.999988317 0.001647512 0.004526221 -0.397764206 -0.001627933 0.999989331 -0.004326022 -4.038246155 -0.004533300 0.004318604 0.999980390 241.399414062
0.999968827 0.002544664 0.007472072 -0.395279408 -0.002509563 0.999985933 -0.004703273 -4.057516575 -0.007483935 0.004684374 0.999961019 242.085693359
0.999942899 0.002789896 0.010317998 -0.387627602 -0.002730977 0.999979913 -0.005719953 -4.070009232 -0.010333752 0.005691448 0.999930322 242.772583008
0.999903321 0.002991805 0.013572835 -0.386270761 -0.002928867 0.999984801 -0.004654604 -4.086673737 -0.013586555 0.004614400 0.999897063 243.468597412
0.999864638 0.003289147 0.016120393 -0.376326323 -0.003225528 0.999986887 -0.003970832 -4.102106571 -0.016133247 0.003918299 0.999862194 244.174957275
0.999831080 0.002711250 0.018170424 -0.363642216 -0.002641931 0.999989152 -0.003837872 -4.120115757 -0.018180629 0.003789220 0.999827564 244.875823975
0.999780357 0.003375572 0.020683626 -0.355213642 -0.003249158 0.999975860 -0.006142333 -4.129007816 -0.020703863 0.006073779 0.999767125 245.576797485
0.999740601 0.002816076 0.022597022 -0.340881348 -0.002637110 0.999964952 -0.007945751 -4.148752213 -0.022618605 0.007884101 0.999713004 246.287567139
0.999716341 0.001981914 0.023730749 -0.326782703 -0.001744204 0.999948144 -0.010033447 -4.162842274 -0.023749402 0.009989211 0.999668181 247.001480103
0.999705076 0.002588301 0.024144245 -0.314844608 -0.002335294 0.999942064 -0.010501276 -4.177939415 -0.024170026 0.010441797 0.999653339 247.714721680
0.999714494 0.002521627 0.023761529 -0.296009541 -0.002247430 0.999930680 -0.011559182 -4.193338394 -0.023789030 0.011502479 0.999650836 248.433105469
0.999693930 0.003631574 0.024477642 -0.288188934 -0.003349397 0.999927580 -0.011559104 -4.212951183 -0.024517847 0.011473577 0.999633551 249.153823853
0.999682426 0.004132324 0.024858605 -0.273642540 -0.003836219 0.999921203 -0.011947496 -4.231530190 -0.024906019 0.011848340 0.999619603 249.895309448
0.999691427 0.002831322 0.024677426 -0.247190475 -0.002488362 0.999899983 -0.013917381 -4.250593662 -0.024714364 0.013851677 0.999598563 250.654571533
0.999687672 -0.001133226 0.024965784 -0.227677822 0.001529093 0.999873340 -0.015843010 -4.275705338 -0.024944665 0.015876234 0.999562681 251.392257690
0.999668479 -0.004436227 0.025367875 -0.203340054 0.004862266 0.999847770 -0.016757492 -4.295571804 -0.025289677 0.016875284 0.999537706 252.161666870
0.999660671 -0.001781320 0.025988117 -0.188405037 0.002119037 0.999913514 -0.012973323 -4.311033726 -0.025962757 0.013023990 0.999578059 252.932739258
0.999647439 0.001531453 0.026512943 -0.172734737 -0.001349181 0.999975264 -0.006891359 -4.328588009 -0.026522843 0.006853157 0.999624729 253.713821411
0.999629855 0.000624051 0.027199492 -0.152441978 -0.000538066 0.999994814 -0.003168469 -4.353173256 -0.027201328 0.003152661 0.999625027 254.493133545
0.999573231 -0.000232321 0.029216418 -0.122748375 0.000388911 0.999985576 -0.005354075 -4.370261669 -0.029214755 0.005363152 0.999558687 255.282806396
0.999437094 0.001161580 0.033525936 -0.105247498 -0.000774248 0.999932826 -0.011563874 -4.383946896 -0.033537123 0.011531408 0.999370933 256.084503174
0.999281764 0.003304379 0.037749324 -0.087029457 -0.002735961 0.999882281 -0.015099435 -4.401663780 -0.037794773 0.014985310 0.999173164 256.887908936
0.999166131 0.005146299 0.040503591 -0.053054810 -0.004540559 0.999876618 -0.015033084 -4.419975758 -0.040575951 0.014836641 0.999066293 257.706085205
0.999025345 0.003565102 0.043995954 -0.021618843 -0.003009596 0.999915004 -0.012686056 -4.445114136 -0.044037435 0.012541280 0.998951077 258.537231445
0.998899102 0.000013214 0.046908937 0.022052765 0.000446495 0.999951899 -0.009789525 -4.462103844 -0.046906814 0.009799695 0.998851120 259.377746582
0.998750925 -0.002079004 0.049921058 0.059244156 0.002512317 0.999959707 -0.008618765 -4.479539871 -0.049901124 0.008733417 0.998715997 260.216156006
0.998620033 -0.002132108 0.052473366 0.111569405 0.002534730 0.999967873 -0.007607533 -4.507389545 -0.052455463 0.007730041 0.998593271 261.062316895
0.998492002 0.000641915 0.054893918 0.155047417 -0.000109247 0.999952912 -0.009706046 -4.531088829 -0.054897547 0.009685413 0.998445153 261.910217285
0.998345137 0.001431877 0.057488814 0.201450348 -0.000744524 0.999927938 -0.011975937 -4.551599026 -0.057501823 0.011913313 0.998274326 262.757476807
0.998203218 0.001458863 0.059900183 0.250904083 -0.000746815 0.999928832 -0.011907898 -4.574194908 -0.059913296 0.011841771 0.998133361 263.599731445
0.998023510 0.001918505 0.062812366 0.300752640 -0.001341931 0.999956608 -0.009220211 -4.605247498 -0.062827341 0.009117698 0.997982681 264.441223145
0.997863889 0.003264684 0.065245472 0.361869812 -0.002761066 0.999965727 -0.007807505 -4.626854897 -0.065268733 0.007610682 0.997838616 265.284576416
0.997644901 0.003904226 0.068479471 0.410861969 -0.003345064 0.999960124 -0.008278162 -4.641555309 -0.068509065 0.008029598 0.997618198 266.113983154
0.997427642 0.004235602 0.071555354 0.461826324 -0.003595697 0.999952435 -0.009069247 -4.658814907 -0.071590364 0.008788627 0.997395396 266.955871582
0.997280240 0.002698794 0.073653772 0.532323837 -0.001996174 0.999951839 -0.009611439 -4.676840782 -0.073676161 0.009438273 0.997237563 267.792633057
0.997137666 -0.000817209 0.075602055 0.593263626 0.001462983 0.999962926 -0.008486764 -4.702932358 -0.075592309 0.008573077 0.997101963 268.628234863
0.997043729 -0.001517322 0.076821201 0.649160385 0.002202536 0.999958515 -0.008835651 -4.721389294 -0.076804608 0.008978734 0.997005761 269.490112305
0.996978700 -0.001493879 0.077661172 0.705818176 0.002217564 0.999954939 -0.009233081 -4.735114098 -0.077643864 0.009377402 0.996936977 270.337738037
0.996966958 -0.001443370 0.077811509 0.775283813 0.002142683 0.999957979 -0.008904532 -4.759043694 -0.077795401 0.009044247 0.996928334 271.201721191
0.996986568 -0.001580761 0.077558234 0.841262817 0.002231696 0.999962926 -0.008306896 -4.779597282 -0.077542223 0.008454951 0.996953130 272.061004639
0.997059226 -0.000836485 0.076629214 0.909084320 0.001424935 0.999969900 -0.007624832 -4.802507877 -0.076620527 0.007711601 0.997030497 272.911987305
0.997161806 -0.001284788 0.075276218 0.971643448 0.001927357 0.999962330 -0.008464128 -4.823693275 -0.075262517 0.008585190 0.997126818 273.766448975
0.997277260 -0.001652365 0.073723666 1.029119492 0.002316430 0.999957502 -0.008922885 -4.851672173 -0.073705800 0.009069365 0.997238815 274.625549316
0.997442067 -0.000404092 0.071478769 1.097852707 0.001124262 0.999949157 -0.010035356 -4.869461536 -0.071471050 0.010090047 0.997391641 275.490844727
0.997474551 0.000872936 0.071018316 1.137496948 -0.000127241 0.999944806 -0.010503884 -4.891826630 -0.071023576 0.010468324 0.997419715 276.335266113
0.997591734 0.001960506 0.069332138 1.191118240 -0.001218567 0.999941587 -0.010741909 -4.915176392 -0.069349118 0.010631550 0.997535944 277.184082031
0.997736514 0.002525422 0.067197278 1.241830826 -0.001853580 0.999947608 -0.010058523 -4.944036007 -0.067219183 0.009911199 0.997689009 278.015869141
0.997933328 0.002887193 0.064192981 1.292625427 -0.002311349 0.999956429 -0.009042960 -4.957271099 -0.064216293 0.008875898 0.997896552 278.868041992
0.998197079 0.001138801 0.060010675 1.343679428 -0.000750297 0.999978602 -0.006496055 -4.982490540 -0.060016796 0.006439318 0.998176515 279.714965820
0.998453379 -0.000046462 0.055595573 1.382739067 0.000316542 0.999988198 -0.004849138 -5.002825737 -0.055594701 0.004859237 0.998441577 280.549041748
0.998704255 -0.000324918 0.050887641 1.423213005 0.000511505 0.999993205 -0.003653675 -5.022068977 -0.050886106 0.003674971 0.998697639 281.392181396
0.998975515 -0.000709975 0.045248043 1.466193199 0.000841604 0.999995470 -0.002890067 -5.042140961 -0.045245796 0.002925187 0.998971581 282.218261719
0.999167621 -0.002100507 0.040738996 1.493409157 0.002195050 0.999994993 -0.002276117 -5.064070702 -0.040734015 0.002363647 0.999167144 283.026336670
0.999344349 -0.002673317 0.036105037 1.519226074 0.002752223 0.999993920 -0.002135919 -5.081182003 -0.036099102 0.002233888 0.999345720 283.824340820
0.999491930 -0.003407923 0.031690970 1.544811249 0.003488553 0.999990821 -0.002489301 -5.096207142 -0.031682186 0.002598592 0.999494612 284.614837646
0.999609351 -0.003066543 0.027780227 1.559617519 0.003137921 0.999991894 -0.002526180 -5.115813732 -0.027772255 0.002612365 0.999610841 285.383758545
0.999715865 -0.002520433 0.023703560 1.574326515 0.002584907 0.999993026 -0.002689752 -5.132081985 -0.023696618 0.002750261 0.999715328 286.133636475
