1.000000000 0.000000000 0.000000000 0.000000000 0.000000000 1.000000000 0.000000000 0.000000000 0.000000000 0.000000000 1.000000000 0.000000000
0.999980688 0.000461287 -0.006202073 -0.009862379 -0.000457448 0.999999642 0.000620424 -0.003834223 0.006202359 -0.000617575 0.999980569 0.091760762
0.999911070 0.000873895 -0.013300901 -0.016647272 -0.000863301 0.999999285 0.000802208 -0.007557382 0.013301594 -0.000790654 0.999911189 0.188021749
0.999794126 0.001309987 -0.020255374 -0.035754595 -0.001299628 0.999999046 0.000524568 -0.012740496 0.020256042 -0.000498135 0.999794722 0.285373867
0.999562085 0.001766094 -0.029536882 -0.049244206 -0.001799013 0.999997795 -0.001087944 -0.011095329 0.029534895 0.001140605 0.999563098 0.385062337
0.999154806 0.002016589 -0.041056249 -0.063870385 -0.002129313 0.999994099 -0.002702079 -0.011114492 0.041050557 0.002787217 0.999153197 0.500434101
0.998513579 0.001858819 -0.054472152 -0.084972784 -0.002039817 0.999992728 -0.003267366 -0.014778078 0.054465666 0.003373623 0.998509943 0.625051498
0.997504592 0.001936228 -0.070574373 -0.114151448 -0.002201398 0.999990821 -0.003679716 -0.011199638 0.070566587 0.003825896 0.997499704 0.765519679
0.995981634 0.000138131 -0.089556679 -0.137328610 -0.000486348 0.999992430 -0.003866422 -0.010059286 0.089555457 0.003894442 0.995974243 0.914430320
0.994022131 -0.000795060 -0.109177202 -0.176770896 0.000389856 0.999992967 -0.003732728 -0.015100458 0.109179415 0.003667851 0.994015276 1.076480508
0.991328537 -0.000981673 -0.131402850 -0.220593154 0.000492113 0.999992728 -0.003758063 -0.022553997 0.131405637 0.003660810 0.991321862 1.238619089
0.987823486 0.002785904 -0.155554742 -0.273732960 -0.003666929 0.999978840 -0.005377093 -0.025019605 0.155536488 0.005882027 0.987812638 1.406794071
0.983429968 0.006786530 -0.181161433 -0.333547533 -0.008159476 0.999943376 -0.006834387 -0.030618861 0.181104749 0.008199324 0.983429611 1.582757235
0.978037953 0.009464565 -0.208211914 -0.401174903 -0.011294608 0.999907315 -0.007602192 -0.038091496 0.208120689 0.009786908 0.978054106 1.756572604
0.971353889 0.010540184 -0.237403795 -0.479493201 -0.012764705 0.999887824 -0.007834942 -0.040692613 0.237294585 0.010640893 0.971379459 1.942047358
0.963289499 0.012141098 -0.268190086 -0.563781202 -0.014640668 0.999866009 -0.007322153 -0.044959962 0.268065244 0.010979835 0.963338196 2.136396170
0.953831851 0.013941544 -0.300017387 -0.660303652 -0.016573897 0.999843240 -0.006230815 -0.046902090 0.299883485 0.010915607 0.953913391 2.332478762
0.942449331 0.015954379 -0.333968252 -0.754939497 -0.018776504 0.999810040 -0.005223712 -0.048828721 0.333821416 0.011193840 0.942569852 2.515870333
0.929869652 0.018228531 -0.367437303 -0.860384464 -0.021417474 0.999760032 -0.004602972 -0.052906573 0.367265224 0.012149741 0.930036902 2.705005407
0.916095138 0.021503830 -0.400383711 -0.984525323 -0.025107784 0.999677837 -0.003756960 -0.057574838 0.400173903 0.013494484 0.916339874 2.892745018
0.900166273 0.021834956 -0.434998780 -1.118693352 -0.025920585 0.999657929 -0.003460572 -0.052465033 0.434774488 0.014390512 0.900424302 3.084298134
0.881689727 0.017553098 -0.471503019 -1.245248556 -0.021888774 0.999753535 -0.003712239 -0.056758948 0.471321702 0.013593663 0.881856620 3.267688036
0.860570490 0.012495375 -0.509177864 -1.389022827 -0.017054031 0.999845386 -0.004286827 -0.058166660 0.509045482 0.012372651 0.860650659 3.454081297
0.835511386 0.013909116 -0.549296916 -1.548750877 -0.017328877 0.999849319 -0.001040341 -0.063810110 0.549199641 0.010387918 0.835626483 3.630320787
0.806486487 0.020102093 -0.590910733 -1.735692859 -0.022628535 0.999739051 0.003126091 -0.071163476 0.590819359 0.010850294 0.806730926 3.800046682
0.773900867 0.022740453 -0.632898331 -1.937317967 -0.025746677 0.999658644 0.004435649 -0.068521708 0.632783175 0.012862277 0.774222195 3.973162174
0.737643003 0.022324640 -0.674821734 -2.142749310 -0.025178699 0.999667704 0.005548614 -0.074014299 0.674721301 0.012898237 0.737959921 4.142288208
0.697944403 0.018065095 -0.715924084 -2.365932465 -0.019255338 0.999793768 0.006456290 -0.070684493 0.715893030 0.009279231 0.698148310 4.306958199
0.655106127 0.014561928 -0.755396664 -2.610166073 -0.014133506 0.999875486 0.007017729 -0.068980247 0.755404651 0.006079049 0.655230224 4.472068787
0.610528708 0.014591301 -0.791859686 -2.879462481 -0.011472329 0.999888301 0.009579327 -0.072998069 0.791911006 0.003236019 0.610627949 4.622273445
0.562070608 0.015001344 -0.826953173 -3.162279129 -0.008665727 0.999887347 0.012248461 -0.072120585 0.827043831 0.000281652 0.562137365 4.769838333
0.510838568 0.015470804 -0.859537482 -3.457521439 -0.006723471 0.999879360 0.014000935 -0.067800224 0.859650552 -0.001373143 0.510880888 4.895555496
0.459175229 0.017042194 -0.888182163 -3.768169880 -0.005853978 0.999852300 0.016158476 -0.064114511 0.888326406 -0.002220173 0.459207147 4.990579605
0.404597282 0.019114614 -0.914295137 -4.105182648 -0.004483970 0.999810994 0.018918177 -0.060326368 0.914483964 -0.003554571 0.404606581 5.090539932
0.349186093 0.020927109 -0.936819613 -4.454852104 -0.004153173 0.999775350 0.020785408 -0.051567987 0.937044203 -0.003367199 0.349194467 5.172723770
0.294017583 0.023922883 -0.955500603 -4.832041264 -0.001772256 0.999698639 0.024484131 -0.048518702 0.955798388 -0.005505372 0.293971300 5.248364449
0.240766108 0.025909234 -0.970237434 -5.223744392 0.002548446 0.999623239 0.027326362 -0.047405407 0.970579743 -0.009051859 0.240609407 5.304693222
0.189848006 0.026124641 -0.981465876 -5.625798225 0.005288247 0.999604225 0.027630366 -0.043164432 0.981799245 -0.010435805 0.189634711 5.347570419
0.141910270 0.027381960 -0.989500761 -6.051662922 0.003694326 0.999595642 0.028191142 -0.039195180 0.989872634 -0.007656150 0.141751707 5.372643948
0.099771850 0.027677832 -0.994625330 -6.498297691 0.001197209 0.999608994 0.027936608 -0.026888326 0.995009601 -0.003978062 0.099699683 5.374214172
0.061884146 0.026360461 -0.997735202 -6.953462124 0.000661233 0.999649882 0.026452061 -0.018624827 0.998083115 -0.002296698 0.061845049 5.371735096
0.027329935 0.023854164 -0.999341726 -7.414780140 0.001942048 0.999712110 0.023916116 -0.014037147 0.999624610 -0.002594396 0.027275747 5.362832069
-0.003999776 0.020906094 -0.999773443 -7.885155678 0.002062972 0.999779463 0.020897968 -0.006052598 0.999989867 -0.001978918 -0.004042023 5.335996628
-0.030619439 0.019019742 -0.999350071 -8.383220673 0.001615825 0.999818563 0.018979147 -0.000376031 0.999529958 -0.001033644 -0.030644614 5.301774979
-0.051481895 0.016407743 -0.998539150 -8.898587227 0.000622806 0.999865353 0.016397420 0.013214722 0.998673737 0.000222274 -0.051485173 5.258348942
-0.067642033 0.015882419 -0.997583151 -9.430389404 0.001124011 0.999873877 0.015842676 0.021015823 0.997709036 -0.000049664 -0.067651346 5.205726624
-0.080795012 0.016232120 -0.996598482 -9.973197937 0.002209136 0.999867857 0.016106270 0.029609561 0.996728301 -0.000900315 -0.080820188 5.155387402
-0.090386696 0.017282533 -0.995756805 -10.538009644 0.001712850 0.999850571 0.017198110 0.034443825 0.995905280 -0.000151102 -0.090402782 5.096119404
-0.097357020 0.019011943 -0.995067835 -11.109185219 -0.000511360 0.999816418 0.019152693 0.030865997 0.995249391 0.002373488 -0.097329438 5.033008575
-0.102042563 0.019921178 -0.994580686 -11.692839622 -0.000096016 0.999799252 0.020035561 0.038719460 0.994779944 0.002139975 -0.102020174 4.973039627
-0.103266217 0.020518607 -0.994442105 -12.304503441 0.002399316 0.999789357 0.020379784 0.051950410 0.994650781 -0.000281437 -0.103293695 4.908081055
-0.102447994 0.022624178 -0.994481027 -12.925928116 0.004433469 0.999741793 0.022287132 0.061659411 0.994728506 -0.002125729 -0.102521859 4.847948074
-0.100968592 0.024867637 -0.994578779 -13.566120148 0.003625764 0.999690115 0.024627348 0.069274127 0.994883001 -0.001119519 -0.101027474 4.780823231
-0.099350080 0.025106559 -0.994735777 -14.217270851 0.001478136 0.999684274 0.025083827 0.075157404 0.995051444 0.001021726 -0.099355802 4.715158463
-0.097363703 0.022371517 -0.994997382 -14.877304077 -0.000322239 0.999746561 0.022509830 0.085604012 0.995248795 0.002512267 -0.097331837 4.643040180
-0.095738098 0.022268878 -0.995157361 -15.560244560 -0.000617724 0.999748349 0.022431035 0.098103985 0.995406389 0.002762238 -0.095700242 4.575081825
-0.094367556 0.024875779 -0.995226502 -16.253091812 -0.000247158 0.999687135 0.025010703 0.113293141 0.995537400 0.002606177 -0.094331875 4.517386913
-0.092352867 0.028599754 -0.995315552 -16.969177246 -0.001502209 0.999582291 0.028861748 0.120467991 0.995725214 0.004160637 -0.092271328 4.446593761
-0.090381466 0.030624138 -0.995436192 -17.704271317 -0.001889840 0.999519944 0.030921368 0.133410066 0.995905340 0.004675934 -0.090280212 4.372472763
-0.088294081 0.029679189 -0.995652199 -18.456127167 -0.003879595 0.999538183 0.030139063 0.148793280 0.996086895 0.006523828 -0.088138163 4.294583797
-0.086657189 0.026632015 -0.995882154 -19.200836182 -0.006415042 0.999606967 0.027289832 0.164820522 0.996217549 0.008753485 -0.086452283 4.219728470
-0.084933437 0.026217282 -0.996041656 -19.971338272 -0.007464178 0.999609113 0.026947653 0.178977311 0.996358693 0.009723390 -0.084704556 4.145306587
-0.083262339 0.028247522 -0.996127248 -20.744348526 -0.004838943 0.999574840 0.028749755 0.194964409 0.996515930 0.007213974 -0.083090261 4.077720165
-0.081783712 0.030351425 -0.996187985 -21.538803101 -0.002646829 0.999525964 0.030670425 0.208492130 0.996646583 0.005145080 -0.081664622 4.006627083
-0.080527097 0.031988923 -0.996238887 -22.343412399 -0.001603092 0.999479413 0.032222550 0.222812504 0.996751130 0.004191852 -0.080433890 3.939956427
-0.079715267 0.027419252 -0.996440470 -23.142196655 -0.001481906 0.999617279 0.027625220 0.231781751 0.996816576 0.003678782 -0.079644121 3.869080544
-0.079524413 0.020727664 -0.996617317 -23.950355530 0.000123102 0.999783993 0.020783704 0.237059802 0.996832907 0.001530126 -0.079509772 3.801958084
-0.079177216 0.015797691 -0.996735394 -24.766119003 0.002843512 0.999873936 0.015621552 0.251524359 0.996856511 -0.001597358 -0.079212159 3.734301090
-0.079803526 0.016676642 -0.996671081 -25.592470169 0.004135271 0.999856889 0.016398843 0.259273350 0.996802032 -0.002812820 -0.079861075 3.668395042
-0.079831421 0.024595873 -0.996504903 -26.445871353 0.004042592 0.999695301 0.024350762 0.261548042 0.996800184 -0.002084506 -0.079906508 3.594838858
-0.080079578 0.031278882 -0.996297598 -27.293926239 0.002708655 0.999510586 0.031162038 0.277877569 0.996784806 -0.000203184 -0.080125116 3.520295382
-0.080148675 0.036589552 -0.996111274 -28.136665344 0.000494745 0.999327302 0.036667883 0.289502978 0.996782780 0.002446062 -0.080112875 3.442952633
-0.080776207 0.036837984 -0.996051431 -28.966844559 -0.001096733 0.999312818 0.037047561 0.301892817 0.996731579 0.004084963 -0.080680326 3.374230862
-0.081199430 0.033338882 -0.996140122 -29.802560806 -0.000909869 0.999437511 0.033523407 0.317530274 0.996697485 0.003628439 -0.081123434 3.303626537
-0.081307255 0.030686283 -0.996216595 -30.631385803 -0.001229279 0.999522090 0.030888431 0.331817031 0.996688247 0.003736082 -0.081230685 3.230256557
-0.081605524 0.031757940 -0.996158600 -31.467096329 -0.002733055 0.999481320 0.032087751 0.346980453 0.996660948 0.005341093 -0.081476413 3.157354593
-0.081408925 0.034441140 -0.996085525 -32.300830841 -0.003519026 0.999386609 0.034842886 0.355803847 0.996674716 0.006341773 -0.081237778 3.086040974
-0.081174240 0.032697223 -0.996163368 -33.140632629 -0.003975041 0.999443173 0.033128794 0.368800700 0.996692002 0.006648995 -0.080999076 3.005857229
-0.080803998 0.027383268 -0.996353805 -33.969047546 -0.004762214 0.999600530 0.027858714 0.384922504 0.996718645 0.006995946 -0.080641314 2.931700468
-0.080366731 0.023477830 -0.996488750 -34.784969330 -0.006473315 0.999689162 0.024075303 0.389486194 0.996744335 0.008385439 -0.080189764 2.861057281
-0.079890333 0.024129745 -0.996511579 -35.624443054 -0.005711535 0.999679387 0.024664350 0.401320696 0.996787310 0.007662056 -0.079726912 2.787856579
-0.079136774 0.026491174 -0.996511698 -36.464458466 -0.004472675 0.999627352 0.026929192 0.408698320 0.996853650 0.006588162 -0.078988805 2.715850353
-0.078633443 0.031440143 -0.996407688 -37.306560516 -0.004599995 0.999480486 0.031900126 0.417178631 0.996892989 0.007091886 -0.078447968 2.644906282
-0.077483729 0.037018474 -0.996306121 -38.152519226 -0.003690449 0.999292970 0.037416462 0.434270144 0.996986806 0.006575983 -0.077292331 2.568079472
-0.077705517 0.040632505 -0.996147931 -38.992298126 -0.004182417 0.999146998 0.041081097 0.442219973 0.996967494 0.007358535 -0.077469282 2.497735977
-0.077295721 0.040427983 -0.996188223 -39.821094513 -0.003951233 0.999157190 0.040855069 0.461786151 0.997000396 0.007094094 -0.077070825 2.432137251
-0.077361837 0.035954986 -0.996354461 -40.647140503 -0.004041896 0.999329984 0.036376186 0.477454782 0.996995032 0.006841291 -0.077164657 2.369674921
-0.077199936 0.031446125 -0.996519625 -41.478446960 -0.005115982 0.999476850 0.031935778 0.495246887 0.997002423 0.007563618 -0.076998658 2.302656412
-0.077164859 0.028629486 -0.996607125 -42.316577911 -0.008933897 0.999527574 0.029405115 0.508785129 0.996978343 0.011172629 -0.076872624 2.227238655
-0.077712566 0.026743323 -0.996617079 -43.138492584 -0.011928516 0.999543607 0.027751997 0.523313403 0.996904433 0.014044840 -0.077358060 2.157020569
-0.078237720 0.024743745 -0.996627629 -43.963088989 -0.009700621 0.999625742 0.025579698 0.531574011 0.996887445 0.011669201 -0.077968411 2.086132050
-0.079604045 0.021095296 -0.996603310 -44.778980255 -0.006344014 0.999745011 0.021668531 0.536223054 0.996806383 0.008047367 -0.079449944 2.025442362
-0.080287047 0.019589433 -0.996579289 -45.605171204 -0.001846737 0.999802232 0.019801568 0.545485377 0.996770084 0.003430229 -0.080234975 1.960362911
-0.081699505 0.022879675 -0.996394277 -46.427024841 -0.001610169 0.999732137 0.023088347 0.552659512 0.996655703 0.003490669 -0.081640773 1.885259628
-0.083260193 0.029081635 -0.996103406 -47.246513367 0.001085820 0.999576151 0.029092269 0.557993412 0.996527255 0.001340639 -0.083256461 1.815191507
-0.085055217 0.033021141 -0.995829046 -48.072074890 0.002848635 0.999454677 0.032898065 0.563753366 0.996372163 -0.000038601 -0.085102923 1.742205143
-0.086787045 0.032017380 -0.995712280 -48.882572174 0.002574104 0.999487281 0.031914406 0.574027121 0.996223569 0.000206690 -0.086824961 1.672170639
-0.087531157 0.028155152 -0.995763838 -49.682613373 -0.000888922 0.999598026 0.028341696 0.580279827 0.996161401 0.003365938 -0.087470897 1.589634895
-0.088718504 0.024388427 -0.995758116 -50.481029510 -0.005424988 0.999673545 0.024967672 0.588896096 0.996041954 0.007617070 -0.088557251 1.505289078
-0.090231366 0.023010626 -0.995654881 -51.279052734 -0.009598073 0.999666452 0.023973169 0.595957577 0.995874584 0.011719502 -0.089980416 1.423723698
-0.090971127 0.024141157 -0.995560884 -52.070869446 -0.011117485 0.999619126 0.025255449 0.601303995 0.995791495 0.013365649 -0.090668097 1.339199066
-0.091879033 0.025652675 -0.995439708 -52.858852386 -0.011262783 0.999577403 0.026798854 0.606795788 0.995706499 0.013673676 -0.091551282 1.262705326
-0.092952825 0.024992894 -0.995356798 -53.647514343 -0.013169776 0.999566615 0.026328474 0.612243831 0.995583415 0.015555932 -0.092583388 1.182609558
-0.093143500 0.024821142 -0.995343268 -54.424022675 -0.013809164 0.999560773 0.026218567 0.619079471 0.995556951 0.016186949 -0.092759840 1.095105648
-0.093763009 0.026689991 -0.995236874 -55.195419312 -0.012379771 0.999531984 0.027971508 0.625961185 0.995517492 0.014943494 -0.093388736 1.022871494
-0.094223745 0.029522436 -0.995113194 -55.965961456 -0.011108582 0.999466956 0.030703429 0.634919763 0.995489001 0.013947289 -0.093845561 0.948871613
-0.094366893 0.033760894 -0.994964898 -56.722930908 -0.011097735 0.999327183 0.034961466 0.643477917 0.995475650 0.014341063 -0.093928717 0.873124599
-0.094860062 0.036031231 -0.994838357 -57.469917297 -0.011131701 0.999244034 0.037252221 0.649269462 0.995428383 0.014607991 -0.094387248 0.795203209
-0.095456600 0.035762060 -0.994790912 -58.209461212 -0.011252571 0.999251842 0.037002187 0.661633730 0.995369971 0.014726059 -0.094982781 0.721779346
-0.095856331 0.033928156 -0.994816780 -58.964622498 -0.009591344 0.999341071 0.035006627 0.672574878 0.995348990 0.012897237 -0.095467754 0.648667812
-0.095888630 0.030586986 -0.994922161 -59.702529907 -0.009708323 0.999451399 0.031661909 0.677360177 0.995344698 0.012695040 -0.095539063 0.570233345
-0.095713072 0.027584530 -0.995026827 -60.417175293 -0.009847209 0.999540806 0.028656894 0.688578963 0.995360255 0.012541074 -0.095397502 0.500446796
-0.094246864 0.025247825 -0.995228648 -61.135093689 -0.010723810 0.999594629 0.026374115 0.694493771 0.995491087 0.013158318 -0.093937904 0.426161289
-0.092044525 0.024334578 -0.995457411 -61.835651398 -0.012852378 0.999589026 0.025623964 0.702557206 0.995671868 0.015152544 -0.091693960 0.359200478
-0.087684825 0.025326826 -0.995826185 -62.528938293 -0.013052531 0.999561727 0.026571138 0.705092430 0.996062756 0.015327938 -0.087315790 0.287263393
-0.082147017 0.026942071 -0.996255994 -63.186149597 -0.012522238 0.999527633 0.028063077 0.708169937 0.996541560 0.014780653 -0.081770867 0.239676476
-0.074357487 0.028227052 -0.996832013 -63.835144043 -0.011704613 0.999505758 0.029175851 0.713720798 0.997162879 0.013836979 -0.073990352 0.185488224
-0.065646067 0.029613590 -0.997403443 -64.463035583 -0.012669675 0.999454200 0.030508358 0.717005730 0.997762561 0.014639533 -0.065235041 0.143852711
-0.053390194 0.031348631 -0.998081684 -65.086669922 -0.014939304 0.999370158 0.032188244 0.724336624 0.998461962 0.016629180 -0.052888248 0.104876995
-0.038498480 0.032765280 -0.998721361 -65.690872192 -0.018165290 0.999274194 0.033483639 0.731264353 0.999093533 0.019431133 -0.037875347 0.078262329
-0.019705595 0.033921521 -0.999230146 -66.278327942 -0.019614493 0.999218822 0.034307942 0.740729332 0.999613404 0.020275453 -0.019024841 0.068250418
0.002454848 0.035298143 -0.999373794 -66.843444824 -0.020838717 0.999161601 0.035239451 0.739466190 0.999779820 0.020739160 0.003188358 0.078568250
0.027711995 0.035881840 -0.998971760 -67.377769470 -0.020277135 0.999170244 0.035326462 0.742409587 0.999410272 0.019277319 0.028416578 0.113097310
0.057338361 0.034923866 -0.997743785 -67.896186829 -0.018817607 0.999248147 0.033895127 0.755029202 0.998177588 0.016831661 0.057952441 0.159831285
0.091352239 0.034826100 -0.995209396 -68.388557434 -0.017459204 0.999290705 0.033366308 0.764594913 0.995665491 0.014327477 0.091895476 0.227969170
0.129185021 0.035168916 -0.990996659 -68.862854004 -0.017198043 0.999299943 0.033221688 0.768174171 0.991471291 0.012751458 0.129699409 0.312446594
0.170307770 0.034887131 -0.984773159 -69.326377869 -0.016879367 0.999329865 0.032483678 0.774122477 0.985246360 0.011090130 0.170782492 0.411980629
0.215938136 0.035540503 -0.975759983 -69.775138855 -0.015725691 0.999334216 0.032919027 0.781703472 0.976280391 0.008236026 0.216353327 0.533638000
0.263805598 0.034311514 -0.963965416 -70.202720642 -0.012448494 0.999405026 0.032166209 0.781914473 0.964495540 0.003514294 0.264075756 0.691749573
0.313817114 0.029275006 -0.949032068 -70.608024597 -0.004788065 0.999560654 0.029250406 0.784918666 0.949471533 -0.004635251 0.313819379 0.865926743
0.365472823 0.023851920 -0.930516362 -71.008666992 0.000205373 0.999669552 0.025705187 0.789779603 0.930822015 -0.009585653 0.365347147 1.054307938
0.417863816 0.019477323 -0.908300877 -71.386459351 0.004968037 0.999706149 0.023722939 0.792153358 0.908496082 -0.014425429 0.417644292 1.268316269
0.468428701 0.018190259 -0.883314013 -71.755752563 0.005313878 0.999711871 0.023405256 0.804297924 0.883485317 -0.015657516 0.468197107 1.507949829
0.516425788 0.016920453 -0.856164753 -72.114807129 0.006732199 0.999693632 0.023817783 0.811556578 0.856305480 -0.018063992 0.516153693 1.762800217
0.560834527 0.012604251 -0.827832103 -72.448486328 0.014434153 0.999583304 0.024998028 0.816635251 0.827802062 -0.025968807 0.560418725 2.048069000
0.604382038 0.006515734 -0.796667993 -72.757438660 0.024571706 0.999338329 0.026814334 0.812728822 0.796315670 -0.035781592 0.603822052 2.347660065
0.646831632 0.001437240 -0.762631416 -73.064628601 0.026130959 0.999369264 0.024046557 0.815784752 0.762185037 -0.035482366 0.646386027 2.657459259
0.688303828 -0.002944520 -0.725416541 -73.364562988 0.022918299 0.999580860 0.017688412 0.816455901 0.725060403 -0.028800316 0.688082814 2.973171234
0.728627682 -0.010209021 -0.684833825 -73.653579712 0.019840080 0.999784052 0.006204747 0.826294541 0.684622407 -0.018108113 0.728672862 3.319175720
0.767447233 -0.012524429 -0.640989602 -73.911430359 0.015162257 0.999884009 -0.001383399 0.824679017 0.640932798 -0.008657163 0.767548323 3.680854797
0.804316580 -0.013095501 -0.594056487 -74.170448303 0.013227123 0.999903977 -0.004133353 0.824815989 0.594053507 -0.004533134 0.804412723 4.079685211
0.837870598 -0.014187018 -0.545684516 -74.406677246 0.013297499 0.999896049 -0.005578244 0.822049260 0.545706928 -0.002582395 0.837972105 4.511360168
0.868022680 -0.013001508 -0.496354252 -74.628280640 0.010531670 0.999914348 -0.007774014 0.820589662 0.496412784 0.001520582 0.868085265 4.959802628
0.893893600 -0.010985738 -0.448144585 -74.850296021 0.009218979 0.999938667 -0.006123649 0.810847938 0.448184431 0.001342455 0.893940091 5.448390961
0.914743781 -0.005534803 -0.403996527 -75.046615601 0.003794861 0.999979675 -0.005107385 0.805508077 0.404016644 0.003138838 0.914746165 5.952098846
0.932169020 -0.000208212 -0.362023294 -75.245658875 -0.002244672 0.999977291 -0.006354900 0.797385395 0.362016380 0.006736464 0.932147384 6.478410721
0.945430994 0.004668309 -0.325788707 -75.421020508 -0.006605865 0.999966443 -0.004841291 0.791845441 0.325755149 0.006729225 0.945430219 7.029806137
0.955310702 0.005547754 -0.295551986 -75.586624146 -0.006642085 0.999974310 -0.002698818 0.780718923 0.295529395 0.004541291 0.955322862 7.599248886
0.962531030 0.004559325 -0.271133333 -75.740272522 -0.005135586 0.999985814 -0.001415913 0.776514828 0.271122962 0.002755289 0.962540746 8.188219070
0.968247175 0.004524750 -0.249953836 -75.888595581 -0.004445202 0.999989748 0.000882759 0.769838393 0.249955297 0.000256367 0.968257368 8.800109863
0.972815275 0.007158508 -0.231471464 -76.035003662 -0.006478644 0.999972165 0.003697152 0.763289690 0.231491506 -0.002097025 0.972834647 9.423040390
0.976305246 0.012560113 -0.216033027 -76.178588867 -0.011712469 0.999917865 0.005203527 0.758277655 0.216080680 -0.002549951 0.976372182 10.063305855
0.979088664 0.016145816 -0.202792361 -76.312828064 -0.015146663 0.999864280 0.006478051 0.755011857 0.202869430 -0.003270959 0.979200363 10.718559265
0.981729090 0.014837095 -0.189704746 -76.437088013 -0.013848066 0.999882758 0.006538094 0.746608496 0.189779520 -0.003791593 0.981819332 11.389181137
0.984236658 0.014279518 -0.176278934 -76.553138733 -0.013442583 0.999891996 0.005941120 0.748451114 0.176344693 -0.003477825 0.984322309 12.080756187
0.986768126 0.014891850 -0.161452547 -76.662994385 -0.013982727 0.999879360 0.006765725 0.744588375 0.161533788 -0.004418656 0.986857295 12.775870323
0.988969564 0.016492277 -0.147197336 -76.766899109 -0.015598615 0.999852180 0.007223530 0.742233634 0.147294700 -0.004847775 0.989080787 13.489985466
0.990695298 0.016363224 -0.135111257 -76.853462219 -0.015876159 0.999863029 0.004681668 0.732314706 0.135169312 -0.002493059 0.990819395 14.206211090
0.992231429 0.017188750 -0.123213574 -76.956260681 -0.017412053 0.999848127 -0.000735663 0.725690305 0.123182215 0.002875349 0.992379904 14.944892883
0.993373632 0.015343026 -0.113900743 -77.032440186 -0.016241802 0.999843836 -0.006967000 0.718852520 0.113776073 0.008770787 0.993467689 15.682905197
0.994288266 0.015076479 -0.105657756 -77.114471436 -0.015882060 0.999850690 -0.006787132 0.710755050 0.105539665 0.008426425 0.994379401 16.451948166
0.994935036 0.016675672 -0.099127293 -77.187797546 -0.016857894 0.999857247 -0.001000914 0.701813698 0.099096462 0.002666922 0.995074272 17.220432281
0.995336413 0.021219039 -0.094101951 -77.264877319 -0.020638209 0.999761522 0.007141427 0.689099312 0.094231032 -0.005166028 0.995536864 17.990739822
0.995727301 0.021862363 -0.089717500 -77.336799622 -0.020972872 0.999721229 0.010845234 0.681251884 0.089929581 -0.008917262 0.995908201 18.759731293
0.996052444 0.020579277 -0.086348616 -77.403396606 -0.019805558 0.999755740 0.009807589 0.675341964 0.086529337 -0.008058689 0.996216714 19.533784866
0.996308684 0.020050269 -0.083468489 -77.463508606 -0.019389261 0.999774098 0.008722405 0.670806468 0.083624505 -0.007071816 0.996472239 20.301830292
0.996569037 0.019197445 -0.080510274 -77.522209167 -0.018357698 0.999769211 0.011157666 0.663277328 0.080705903 -0.009641402 0.996691346 21.069152832
0.996818304 0.016818726 -0.077912927 -77.580162048 -0.015811171 0.999783456 0.013530679 0.659225941 0.078123614 -0.012255729 0.996868491 21.844392776
0.997110784 0.014185709 -0.074624561 -77.650993347 -0.013083454 0.999798298 0.015238871 0.658402801 0.074825689 -0.014218497 0.997095168 22.621738434
0.997330010 0.013546016 -0.071759090 -77.708015442 -0.012771834 0.999855220 0.011236547 0.654849291 0.071900904 -0.010290050 0.997358620 23.384693146
0.997437418 0.016496001 -0.069615439 -77.777336121 -0.016271831 0.999860466 0.003785967 0.650525212 0.069668196 -0.002643495 0.997566640 24.146623611
0.997542262 0.017165031 -0.067932248 -77.832542419 -0.017448159 0.999841392 -0.003576538 0.636163414 0.067860082 0.004753042 0.997683525 24.902095795
0.997624397 0.018300135 -0.066411510 -77.894065857 -0.018862484 0.999791265 -0.007850491 0.626489937 0.066253990 0.009084527 0.997761428 25.664575577
0.997721076 0.019655704 -0.064547189 -77.945075989 -0.020097198 0.999778807 -0.006197637 0.609585583 0.064411089 0.007480730 0.997895420 26.420084000
0.997826636 0.023008505 -0.061746541 -78.005500793 -0.023173695 0.999729455 -0.001960291 0.589923084 0.061684735 0.003386925 0.998089850 27.188360214
0.997925043 0.026544854 -0.058660198 -78.070541382 -0.026393468 0.999646008 0.003354154 0.575449824 0.058728464 -0.001798949 0.998272300 27.954778671
0.998141408 0.024192452 -0.055933062 -78.118247986 -0.023930719 0.999699354 0.005344568 0.562652111 0.056045543 -0.003996115 0.998420238 28.710098267
0.998261869 0.021190828 -0.054991048 -78.158493042 -0.020953620 0.999768496 0.004886752 0.555191219 0.055081885 -0.003725998 0.998474896 29.468086243
0.998362720 0.019367481 -0.053821847 -78.200782776 -0.019117003 0.999803901 0.005164744 0.540716767 0.053911321 -0.004127375 0.998537183 30.215564728
0.998426735 0.018894689 -0.052792188 -78.242233276 -0.018753044 0.999819100 0.003177181 0.532860994 0.052842669 -0.002182169 0.998600483 30.965932846
0.998485923 0.017140590 -0.052269645 -78.279617310 -0.017059287 0.999852479 0.002001229 0.524237812 0.052296240 -0.001106516 0.998630941 31.725566864
0.998544216 0.016784925 -0.051259592 -78.323432922 -0.016694909 0.999858260 0.002183807 0.514245033 0.051288977 -0.001324854 0.998682976 32.492671967
0.998551250 0.019590870 -0.050116431 -78.371971130 -0.019465901 0.999806225 0.002980439 0.508113921 0.050165102 -0.002000560 0.998738945 33.270069122
0.998556256 0.018886046 -0.050284930 -78.412338257 -0.018813580 0.999821186 0.001914138 0.499575347 0.050312083 -0.000965335 0.998733103 34.044326782
0.998470187 0.018670104 -0.052043963 -78.452972412 -0.018595329 0.999825239 0.001920569 0.488268167 0.052070718 -0.000949856 0.998642862 34.823978424
0.998416007 0.016564716 -0.053769086 -78.503616333 -0.016463675 0.999861717 0.002321640 0.480118990 0.053800117 -0.001432725 0.998550713 35.600017548
0.998230457 0.018117294 -0.056636907 -78.556823730 -0.018025825 0.999835193 0.002125624 0.472520143 0.056666099 -0.001100936 0.998392582 36.372787476
0.998021305 0.021810690 -0.058972478 -78.625488281 -0.021742793 0.999761999 0.001792922 0.461886406 0.058997557 -0.000507148 0.998257995 37.158340454
0.997884810 0.022712488 -0.060908981 -78.691474915 -0.022944424 0.999731898 -0.003111130 0.451227427 0.060821995 0.004502072 0.998138487 37.944583893
0.997705996 0.023505822 -0.063482814 -78.746742249 -0.024004670 0.999686599 -0.007106692 0.449244738 0.063295878 0.008614275 0.997957647 38.740970612
0.997610569 0.022385571 -0.065359488 -78.801750183 -0.023010055 0.999696493 -0.008817489 0.438145995 0.065142244 0.010300348 0.997822821 39.547996521
0.997434199 0.023280362 -0.067698076 -78.858688354 -0.023829250 0.999689281 -0.007311506 0.417311370 0.067506835 0.008905941 0.997678995 40.368827820
0.997332990 0.021417666 -0.069772415 -78.916687012 -0.021940779 0.999736547 -0.006739548 0.401388347 0.069609687 0.008252434 0.997540176 41.196727753
0.997189581 0.021112362 -0.071882114 -78.970405579 -0.021523507 0.999756098 -0.004949826 0.386721551 0.071760066 0.006483071 0.997400880 42.021457672
0.997173488 0.020273788 -0.072346501 -79.037910461 -0.020419264 0.999790609 -0.001271751 0.373681962 0.072305575 0.002745419 0.997378767 42.863265991
0.997124791 0.020037672 -0.073079661 -79.103843689 -0.019851245 0.999797583 0.003276533 0.364332646 0.073130548 -0.001816390 0.997320652 43.709327698
0.997166216 0.020073676 -0.072502442 -79.163276672 -0.019728253 0.999790370 0.005477417 0.353555381 0.072597176 -0.004031552 0.997353196 44.563114166
0.997233152 0.023001999 -0.070688017 -79.224327087 -0.022692056 0.999728978 0.005184678 0.348269314 0.070788123 -0.003566277 0.997484922 45.423763275
0.997386992 0.023059571 -0.068466812 -79.288032532 -0.022831742 0.999730885 0.004108387 0.337003410 0.068543136 -0.002534434 0.997644961 46.291061401
0.997536242 0.020741343 -0.067018926 -79.341476440 -0.020694051 0.999784887 0.001399927 0.331238359 0.067033581 -0.000009585 0.997750640 47.157348633
0.997711718 0.016868766 -0.065473765 -79.394668579 -0.016918179 0.999856770 -0.000200235 0.320656121 0.065461032 0.001307474 0.997854292 48.037502289
0.997882247 0.015932336 -0.063064642 -79.456977844 -0.015980568 0.999872267 -0.000260495 0.305910379 0.063052446 0.001267752 0.998009324 48.913219452
0.997983813 0.013380496 -0.062042646 -79.511428833 -0.013268631 0.999909520 0.002214750 0.291404545 0.062066663 -0.001387064 0.998070955 49.797607422
0.998055637 0.010453652 -0.061446313 -79.562408447 -0.010188567 0.999937415 0.004625873 0.281276047 0.061490823 -0.003990829 0.998099685 50.680824280
0.998114169 0.010258523 -0.060521785 -79.616844177 -0.009979453 0.999938130 0.004911507 0.269165039 0.060568433 -0.004298273 0.998154819 51.565021515
0.998158216 0.012060866 -0.059452109 -79.671798706 -0.011990563 0.999926865 0.001539170 0.257440239 0.059466325 -0.000823471 0.998229980 52.434391022
0.998160720 0.014566053 -0.058847580 -79.728881836 -0.014837145 0.999881208 -0.004172344 0.241652012 0.058779810 0.005037801 0.998258173 53.295841217
0.998201489 0.016418021 -0.057656273 -79.783454895 -0.016990250 0.999810994 -0.009448656 0.219744265 0.057490248 0.010411259 0.998291790 54.146999359
0.998169720 0.021244699 -0.056619272 -79.848663330 -0.022140563 0.999638677 -0.015242431 0.196744621 0.056274999 0.016468119 0.998279631 54.992408752
0.998221159 0.020981200 -0.055806410 -79.899620056 -0.021916140 0.999628663 -0.016194291 0.173457682 0.055445910 0.017388545 0.998310268 55.850036621
0.998290718 0.017779965 -0.055671830 -79.941726685 -0.018368745 0.999780416 -0.010082210 0.151597500 0.055480350 0.011087599 0.998398244 56.698196411
0.998262405 0.017014196 -0.056415662 -79.989135742 -0.017111177 0.999852836 -0.001236488 0.131496251 0.056386303 0.002199678 0.998406589 57.556751251
0.998223901 0.015917068 -0.057407681 -80.044448853 -0.015544023 0.999855101 0.006938836 0.107494295 0.057509810 -0.006034167 0.998326719 58.397510529
0.998105168 0.014320342 -0.059840202 -80.092445374 -0.014090592 0.999891639 0.004259595 0.099873155 0.059894718 -0.003408340 0.998198807 59.231346130
0.998032093 0.008939031 -0.062063526 -80.138832092 -0.008923893 0.999960065 0.000521084 0.088200904 0.062065709 0.000033789 0.998072088 60.061798096
0.997882307 0.007475805 -0.064614795 -80.191986084 -0.007525226 0.999971688 -0.000521528 0.068444490 0.064609036 0.001006664 0.997910142 60.881275177
0.997648180 0.009606585 -0.067866139 -80.246391296 -0.009838745 0.999946833 -0.003087461 0.053360581 0.067832872 0.003747917 0.997689664 61.703720093
0.997410774 0.011118271 -0.071049355 -80.313690186 -0.011602234 0.999912202 -0.006402589 0.034754664 0.070971921 0.007210345 0.997452259 62.523029327
0.997109950 0.011535933 -0.075090230 -80.379783630 -0.012295453 0.999877751 -0.009660375 0.015627265 0.074969597 0.010555726 0.997129977 63.339065552
0.996841550 0.013517868 -0.078256138 -80.451164246 -0.014626081 0.999800444 -0.013605537 -0.009313583 0.078056626 0.014707145 0.996840358 64.149841309
0.996517777 0.018444004 -0.081315100 -80.529502869 -0.019594485 0.999718487 -0.013373183 -0.034533083 0.081045575 0.014919944 0.996598721 64.953804016
0.996121466 0.022101466 -0.085167937 -80.606491089 -0.023157472 0.999666393 -0.011431037 -0.055114210 0.084886879 0.013358975 0.996301174 65.755645752
0.995724499 0.024841502 -0.088969916 -80.687782288 -0.025444368 0.999660194 -0.005648203 -0.076355904 0.088799365 0.007887837 0.996018291 66.566612244
0.995352089 0.025040915 -0.092990473 -80.768379211 -0.025161361 0.999683380 -0.000122919 -0.095944375 0.092957936 0.002462115 0.995666981 67.361747742
0.994887352 0.024159407 -0.098058678 -80.850227356 -0.023936281 0.999707460 0.003451403 -0.108452439 0.098113403 -0.001086597 0.995174646 68.168746948
0.994256139 0.023623144 -0.104386941 -80.939346313 -0.023316285 0.999719501 0.004159155 -0.118838161 0.104455918 -0.001701350 0.994527996 68.957153320
0.993675411 0.021283874 -0.110255167 -81.029937744 -0.020516403 0.999756694 0.008090775 -0.129863977 0.110400572 -0.005777563 0.993870378 69.740890503
0.992929280 0.021748878 -0.116697878 -81.128051758 -0.020971911 0.999749005 0.007881841 -0.142641902 0.116839997 -0.005378732 0.993136108 70.513877869
0.992141843 0.026549870 -0.122268751 -81.243789673 -0.025863636 0.999639511 0.007196508 -0.153834581 0.122415744 -0.003977641 0.992470860 71.283355713
0.991295934 0.028474642 -0.128536344 -81.352226257 -0.028259387 0.999594510 0.003498505 -0.164090931 0.128583848 0.000164304 0.991698623 72.052085876
0.990506470 0.027161039 -0.134756207 -81.457054138 -0.027319409 0.999626458 0.000674128 -0.174974561 0.134724215 0.003013732 0.990878701 72.813613892
0.989698231 0.027979601 -0.140408397 -81.564956665 -0.028308641 0.999599159 -0.000346322 -0.187780887 0.140342444 0.004317525 0.990093529 73.573471069
0.988947332 0.030077577 -0.145184413 -81.683074951 -0.029747887 0.999547482 0.004441779 -0.192341506 0.145252317 -0.000073757 0.989394665 74.334579468
0.988062382 0.031102534 -0.150881991 -81.812683105 -0.030101847 0.999507248 0.008912277 -0.206566691 0.151084810 -0.004264060 0.988511622 75.095802307
0.987154663 0.030408338 -0.156846553 -81.942810059 -0.029065233 0.999518633 0.010850218 -0.216423213 0.157100931 -0.006152064 0.987563372 75.852737427
0.986070454 0.028229866 -0.163914546 -82.074172974 -0.027436003 0.999598324 0.007105476 -0.224754751 0.164049238 -0.002509340 0.986448944 76.592010498
0.984617591 0.025720974 -0.172819629 -82.201820374 -0.026176065 0.999657214 -0.000354434 -0.228913739 0.172751337 0.004872720 0.984953344 77.330101013
0.983042300 0.023562642 -0.181858033 -82.343818665 -0.024326237 0.999702156 -0.001969142 -0.239442155 0.181757465 0.006359673 0.983322740 78.064979553
0.981036246 0.022669472 -0.192493796 -82.493515015 -0.022866165 0.999737740 0.001199961 -0.254110157 0.192470521 0.003224391 0.981297374 78.796417236
0.978740096 0.022671597 -0.203847587 -82.655502319 -0.021722116 0.999740422 0.006894376 -0.257274747 0.203950927 -0.002319802 0.978978276 79.538658142
0.976168692 0.024136400 -0.215666309 -82.824913025 -0.021525690 0.999663830 0.014446306 -0.262924910 0.215942532 -0.009459664 0.976360261 80.271270752
0.973691940 0.024872914 -0.226506829 -83.007133484 -0.021310279 0.999607980 0.018160688 -0.270867348 0.226869762 -0.012855990 0.973840177 80.999603271
0.970847070 0.028495811 -0.237999886 -83.199386597 -0.025980489 0.999568582 0.013699314 -0.278113008 0.238287613 -0.007116585 0.971168578 81.720535278
0.967797697 0.028076857 -0.250158519 -83.396308899 -0.027849369 0.999602199 0.004449698 -0.282053083 0.250184029 0.002660351 0.968194664 82.437919617
0.964765429 0.025698135 -0.261853218 -83.605140686 -0.026747972 0.999642253 -0.000445249 -0.286499709 0.261748105 0.007433605 0.965107620 83.140174866
0.961491168 0.024370460 -0.273753256 -83.818389893 -0.024095062 0.999700129 0.004368747 -0.288853675 0.273777634 0.002395592 0.961790025 83.857658386
0.957966387 0.025581518 -0.285737664 -84.034439087 -0.023314742 0.999663949 0.011332725 -0.290754199 0.285931557 -0.004194470 0.958240867 84.581314087
0.954385638 0.025431242 -0.297491431 -84.274345398 -0.021465506 0.999631941 0.016590416 -0.295417190 0.297803819 -0.009447850 0.954580307 85.301757812
0.950394750 0.023017075 -0.310193568 -84.510276794 -0.019344164 0.999701619 0.014912040 -0.299929619 0.310444266 -0.008171888 0.950556457 86.012725830
0.946539760 0.021116944 -0.321895033 -84.756172180 -0.018782962 0.999769986 0.010355133 -0.301781774 0.322039604 -0.003755405 0.946718752 86.723373413
0.943579912 0.017148936 -0.330700487 -85.011161804 -0.016930597 0.999850392 0.003540952 -0.309504420 0.330711812 0.002257788 0.943729103 87.426116943
0.940886557 0.013475815 -0.338453680 -85.266113281 -0.015072640 0.999884129 -0.002090060 -0.319787979 0.338386327 0.007067899 0.940980732 88.131019592
0.938081920 0.013089002 -0.346165955 -85.526725769 -0.015422394 0.999873042 -0.003986900 -0.328050256 0.346069813 0.009078747 0.938164830 88.843009949
0.935123503 0.018640861 -0.353830844 -85.806121826 -0.021518325 0.999759614 -0.004199510 -0.341696978 0.353667557 0.011540912 0.935299993 89.541992188
0.932089031 0.018571598 -0.361752808 -86.085891724 -0.020659605 0.999784887 -0.001904585 -0.355487943 0.361639619 0.009248913 0.932272017 90.250091553
0.928921461 0.018798234 -0.369799137 -86.370445251 -0.018445496 0.999819756 0.004490064 -0.358516872 0.369816869 0.002650213 0.929100871 90.967468262
0.926166296 0.020930266 -0.376534015 -86.659179688 -0.017336631 0.999766111 0.012930484 -0.367361903 0.376716614 -0.005447946 0.926312447 91.676963806
0.923647404 0.030524956 -0.382025778 -86.975936890 -0.024840793 0.999495268 0.019803412 -0.374469280 0.382437468 -0.008801548 0.923939466 92.386627197
0.920783997 0.037293863 -0.388285995 -87.289085388 -0.033157110 0.999299467 0.017351119 -0.381860495 0.388661176 -0.003102190 0.921375573 93.087089539
0.918596983 0.033649527 -0.393760443 -87.596923828 -0.032643367 0.999424219 0.009254492 -0.377651691 0.393845141 0.004352517 0.919166505 93.781715393
0.916583180 0.025846051 -0.399007946 -87.897369385 -0.027510319 0.999620259 0.001555711 -0.378268361 0.398896575 0.009550898 0.916946173 94.481811523
0.914925039 0.026321296 -0.402764440 -88.218566895 -0.028451592 0.999594927 0.000694091 -0.379560202 0.402619541 0.010824249 0.915303409 95.183479309
0.912904680 0.032597322 -0.406869143 -88.554794312 -0.032892317 0.999439240 0.006271043 -0.391008854 0.406845361 0.007658005 0.913464844 95.890579224
0.910253048 0.034402177 -0.412620515 -88.875885010 -0.033115935 0.999398768 0.010269983 -0.394395113 0.412725776 0.004316035 0.910845101 96.602233887
0.907851994 0.030685382 -0.418166399 -89.193084717 -0.029959863 0.999516547 0.008301540 -0.405105710 0.418219030 0.004991639 0.908332407 97.302566528
0.906023383 0.029727750 -0.422182322 -89.543807983 -0.031686716 0.999495029 0.002377715 -0.417924911 0.422039807 0.011223307 0.906507850 98.000740051
0.904004395 0.027219485 -0.426655799 -89.885513306 -0.032183975 0.999472141 -0.004428247 -0.423350632 0.426310062 0.017734630 0.904403210 98.695373535
