1.000000000 0.000000000 0.000000000 0.000000000 0.000000000 1.000000000 0.000000000 0.000000000 0.000000000 0.000000000 1.000000000 0.000000000
0.999934077 -0.002524834 0.011200723 0.017470794 0.002512143 0.999996185 0.001147006 -0.005118313 -0.011203577 -0.001118793 0.999936640 0.293112010
0.999829948 -0.004801601 0.017803235 0.029474612 0.004784177 0.999988019 0.001021170 -0.006818158 -0.017807923 -0.000935822 0.999840975 0.586542308
0.999780297 -0.007518614 0.019565595 0.039737478 0.007524187 0.999971688 -0.000211256 -0.009986490 -0.019563457 0.000358424 0.999808550 0.884766102
0.999814510 -0.008972623 0.017048249 0.051152758 0.009007554 0.999957502 -0.001973163 -0.009418111 -0.017029822 0.002126359 0.999852717 1.188748837
0.999883890 -0.011492971 0.010006113 0.055648260 0.011524188 0.999929011 -0.003068043 -0.014841976 -0.009970143 0.003183000 0.999945223 1.498507738
0.999905348 -0.013494642 -0.002652727 0.054936204 0.013479213 0.999892533 -0.005750442 -0.009512387 0.002730042 0.005714141 0.999979913 1.808136106
0.999729991 -0.012586681 -0.019533332 0.039155506 0.012482171 0.999907196 -0.005463304 -0.021482654 0.019600283 0.005218011 0.999794304 2.137009144
0.999190867 -0.008190458 -0.039377440 0.007863805 0.007983602 0.999953449 -0.005407573 -0.027147498 0.039419893 0.005088822 0.999209702 2.477678776
0.998187065 -0.004565365 -0.060013130 -0.019760042 0.004163716 0.999968112 -0.006816041 -0.031114362 0.060042329 0.006553806 0.998174310 2.823532104
0.996748924 -0.004445074 -0.080447823 -0.062617153 0.003888016 0.999967396 -0.007079795 -0.036006950 0.080476671 0.006743996 0.996733665 3.182621956
0.994803429 -0.005550336 -0.101662792 -0.110933334 0.004861474 0.999963522 -0.007022457 -0.034139775 0.101698078 0.006491734 0.994794130 3.555003166
0.992538869 -0.007074527 -0.121723287 -0.171395868 0.006342360 0.999959409 -0.006401410 -0.038804248 0.121763632 0.005581634 0.992543578 3.937552929
0.990192592 -0.005952322 -0.139582038 -0.244410336 0.005205717 0.999970138 -0.005713354 -0.045035526 0.139611870 0.004930696 0.990194023 4.328816414
0.987899899 -0.004824556 -0.155017942 -0.323648423 0.004047681 0.999977767 -0.005326776 -0.049640089 0.155040160 0.004634859 0.987897217 4.724661350
0.985613406 -0.003930459 -0.168969214 -0.404200345 0.002936663 0.999976814 -0.006131017 -0.050820414 0.168989465 0.005546607 0.985602260 5.140551090
0.983526766 -0.005364383 -0.180682808 -0.495681584 0.004197082 0.999967933 -0.006842198 -0.060029425 0.180713713 0.005971145 0.983517766 5.563722610
0.981650889 -0.009636612 -0.190443382 -0.584192514 0.008017429 0.999924898 -0.009270846 -0.067081876 0.190518409 0.007573868 0.981654406 6.004114151
0.980082870 -0.008459725 -0.198408738 -0.679292440 0.006341747 0.999915957 -0.011307850 -0.074662730 0.198487729 0.009824372 0.980054140 6.463719845
0.978550136 -0.008240500 -0.205843955 -0.789156675 0.005831425 0.999907255 -0.012307351 -0.085993282 0.205926284 0.010842997 0.978507459 6.933798790
0.976883709 -0.008682300 -0.213594899 -0.905726075 0.005435170 0.999860644 -0.015784839 -0.090191074 0.213702217 0.014259026 0.976794779 7.416411400
0.975107133 -0.012634845 -0.221373916 -1.022055507 0.009008768 0.999808252 -0.017381957 -0.103822723 0.221551090 0.014954969 0.975033998 7.912289619
0.973306656 -0.018731881 -0.228742585 -1.145642519 0.014689964 0.999704659 -0.019360226 -0.110227272 0.229037628 0.015483218 0.973294437 8.420103073
0.971053421 -0.019662278 -0.238052338 -1.270786047 0.015077145 0.999664307 -0.021066656 -0.131954372 0.238386706 0.016867695 0.971023738 8.944577217
0.969183266 -0.015930446 -0.245824844 -1.432112217 0.010015883 0.999629855 -0.025291683 -0.144861937 0.246136770 0.022050124 0.968984246 9.468449593
0.966681600 -0.012640771 -0.255669415 -1.575090408 0.005602524 0.999585509 -0.028238313 -0.163256675 0.255920440 0.025865071 0.966351688 10.004250526
0.964633048 -0.015503037 -0.263139904 -1.741023064 0.007748425 0.999505222 -0.030481808 -0.178870112 0.263482273 0.027364839 0.964276016 10.550230026
0.962434471 -0.017971454 -0.270919114 -1.908300400 0.009391261 0.999413550 -0.032933958 -0.199521512 0.271352172 0.029152501 0.962038577 11.105600357
0.960088909 -0.017527061 -0.279145241 -2.077444792 0.008173669 0.999366581 -0.034636118 -0.229724094 0.279575527 0.030972105 0.959624171 11.679375648
0.957720637 -0.016266897 -0.287239552 -2.266130209 0.005587682 0.999263585 -0.037959546 -0.258897245 0.287645489 0.034749638 0.957106233 12.264919281
0.955407798 -0.017447134 -0.294773638 -2.457372904 0.004758217 0.999032974 -0.043708868 -0.283515930 0.295251220 0.040357202 0.954566836 12.856233597
0.953700721 -0.018863436 -0.300164819 -2.658854961 0.003777949 0.998703718 -0.050758611 -0.322054952 0.300733238 0.047274530 0.952535808 13.459908485
0.952520490 -0.019384833 -0.303856790 -2.867217302 0.001419992 0.998243213 -0.059232503 -0.358035892 0.304471254 0.055988699 0.950874627 14.059876442
0.951242864 -0.019461922 -0.307828337 -3.076366425 -0.001609801 0.997680545 -0.068051212 -0.398640275 0.308438748 0.065228775 0.949005127 14.676506042
0.950140953 -0.018464504 -0.311273456 -3.300579548 -0.005481462 0.997101963 -0.075879082 -0.458772659 0.311772496 0.073802084 0.947286129 15.294374466
0.948545218 -0.018117715 -0.316122949 -3.520832062 -0.008708037 0.996491611 -0.083240122 -0.506786585 0.316521972 0.081709847 0.945059359 15.939098358
0.947132945 -0.016264444 -0.320428878 -3.766842365 -0.013390397 0.995840192 -0.090126961 -0.566075444 0.320561767 0.089652896 0.942975342 16.598739624
0.945198536 -0.015411489 -0.326132298 -4.004619598 -0.016864991 0.995247245 -0.095908940 -0.632180095 0.326060265 0.096153215 0.940446198 17.276588440
0.943541706 -0.012950386 -0.331000477 -4.257567406 -0.021876115 0.994618177 -0.101273902 -0.705723643 0.330530584 0.102797151 0.938180327 17.938064575
0.941942930 -0.009917776 -0.335626900 -4.521032810 -0.026818290 0.994148195 -0.104643069 -0.777894735 0.334700733 0.107568726 0.936164737 18.597284317
0.940337837 -0.009172995 -0.340118527 -4.787311077 -0.028640738 0.993954539 -0.105991036 -0.854478002 0.339034617 0.109408632 0.934390306 19.277952194
0.938131034 -0.008332502 -0.346180588 -5.057265282 -0.030043105 0.993982315 -0.105340168 -0.933858633 0.344975173 0.109223224 0.932235181 19.974426270
0.935927212 -0.008425214 -0.352092743 -5.330839157 -0.030196246 0.994113028 -0.104055263 -1.009437084 0.350896657 0.108020030 0.930163026 20.673824310
0.933210731 -0.008637298 -0.359225780 -5.614478111 -0.030139567 0.994306803 -0.102205060 -1.095350742 0.358063370 0.106205769 0.927637279 21.397804260
0.930030823 -0.007970952 -0.367395014 -5.909092426 -0.030663559 0.994594872 -0.099200904 -1.174722314 0.366199940 0.103525549 0.924759388 22.112592697
0.926799297 -0.005589554 -0.375515431 -6.230524540 -0.031953640 0.995089769 -0.093675822 -1.252856255 0.374195248 0.098817751 0.922069848 22.862453461
0.923331439 -0.001881039 -0.383999169 -6.549323082 -0.034660749 0.995497823 -0.088218756 -1.337035537 0.382436275 0.094764844 0.919109404 23.598224640
0.919347405 0.001983274 -0.393441826 -6.871555328 -0.038141996 0.995726526 -0.084106378 -1.416486263 0.391593575 0.092329621 0.915494204 24.346176147
0.915400088 0.002868534 -0.402534932 -7.211476803 -0.039398037 0.995812058 -0.082498282 -1.488506913 0.400612593 0.091378011 0.911679566 25.101577759
0.911570370 0.002592592 -0.411135733 -7.572159767 -0.039758321 0.995849490 -0.081872433 -1.558935642 0.409217000 0.090978540 0.907890022 25.861179352
0.907650411 0.002703453 -0.419718295 -7.932518959 -0.040394112 0.995900214 -0.080938481 -1.628535032 0.417778760 0.090418011 0.904038429 26.623737335
0.903704345 0.003570216 -0.428141981 -8.310834885 -0.041519374 0.995983362 -0.079332039 -1.697885990 0.426138967 0.089468896 0.900222659 27.395236969
0.899767995 0.002745980 -0.436359942 -8.690659523 -0.040492471 0.996191025 -0.077225946 -1.770978451 0.434485793 0.087154731 0.896451950 28.177143097
0.895747900 0.002914193 -0.444553137 -9.084087372 -0.039534047 0.996538758 -0.073126085 -1.839078903 0.442801356 0.083077505 0.892762601 28.964944839
0.892098844 0.005345215 -0.451808751 -9.496841431 -0.040182050 0.996906698 -0.067545578 -1.908505201 0.450050056 0.078411937 0.889554083 29.756393433
0.888173401 0.005995968 -0.459469318 -9.925893784 -0.039323423 0.997238517 -0.063000090 -1.982107639 0.457822800 0.074022904 0.885956407 30.557167053
0.884805679 0.004947003 -0.465933979 -10.366113663 -0.037972167 0.997383296 -0.061519310 -2.039068222 0.464410454 0.072125159 0.882678270 31.356634140
0.881514907 0.004010434 -0.472139120 -10.807022095 -0.037115611 0.997458160 -0.060824700 -2.095758438 0.470695108 0.071141616 0.879423022 32.172355652
0.878245592 0.004941330 -0.478184193 -11.273848534 -0.037378523 0.997596800 -0.058341678 -2.160512686 0.476746708 0.069112152 0.876319647 33.008426666
0.875275075 0.003506233 -0.483612627 -11.737836838 -0.035531346 0.997737527 -0.057073355 -2.221506357 0.482318401 0.067138292 0.873419404 33.843944550
0.872815073 0.002147556 -0.488046378 -12.255002975 -0.034560032 0.997751892 -0.057416227 -2.280647039 0.486825913 0.066980638 0.870927155 34.713817596
0.870383024 0.001226399 -0.492373705 -12.718175888 -0.034248866 0.997725606 -0.058057576 -2.339199305 0.491182715 0.067395568 0.868445396 35.556228638
0.869164824 0.001492594 -0.494520068 -13.226705551 -0.035055757 0.997665703 -0.058602531 -2.399429798 0.493278265 0.068271041 0.867188334 36.424003601
0.868636370 0.001436638 -0.495448083 -13.734814644 -0.034570023 0.997734308 -0.057716206 -2.462357759 0.494242668 0.067262068 0.866717875 37.297103882
0.868123829 0.001349435 -0.496345878 -14.239086151 -0.033627864 0.997858644 -0.056103215 -2.522003651 0.495207250 0.065395601 0.866310120 38.190467834
0.868156850 0.000369856 -0.496289700 -14.759900093 -0.032359108 0.997914016 -0.055861928 -2.581432581 0.495233864 0.064556405 0.866357863 39.062023163
0.867380321 -0.001743368 -0.497642845 -15.273238182 -0.030445199 0.997934818 -0.056561328 -2.643620253 0.496713668 0.064211011 0.865535915 39.958610535
0.866352737 -0.004220193 -0.499414802 -15.807678223 -0.027872154 0.997997344 -0.056784179 -2.714374304 0.498654276 0.063114896 0.864500105 40.864139557
0.864601016 -0.004310877 -0.502440393 -16.338617325 -0.027083199 0.998109698 -0.055168509 -2.778034210 0.501728415 0.061306447 0.862849951 41.755435944
0.862408161 -0.003456041 -0.506201744 -16.875497818 -0.026131861 0.998339474 -0.051336527 -2.836962700 0.505538583 0.057501037 0.860885799 42.659988403
0.859726906 -0.003189136 -0.510744214 -17.427608490 -0.024288576 0.998593926 -0.047119863 -2.907371044 0.510176182 0.052915446 0.858440459 43.567352295
0.855688691 -0.003798600 -0.517477214 -17.972232819 -0.022788756 0.998726308 -0.045014217 -2.968009472 0.516989231 0.050310805 0.854512155 44.454380035
0.850625277 -0.007573930 -0.525717914 -18.534484863 -0.020626806 0.998645663 -0.047762036 -3.024337053 0.525367677 0.051471472 0.849317074 45.341701508
0.844373345 -0.010694016 -0.535648465 -19.094442368 -0.019935502 0.998481214 -0.051359758 -3.080982685 0.535384178 0.054045241 0.842877746 46.236865997
0.838230133 -0.010850560 -0.545208693 -19.685916901 -0.019811077 0.998536110 -0.050331041 -3.148388863 0.544956684 0.052990168 0.836788058 47.129787445
0.832145035 -0.007925860 -0.554501295 -20.276050568 -0.020655002 0.998761237 -0.045273103 -3.209469557 0.554173231 0.049127016 0.830950260 48.022182465
0.827212453 -0.002826340 -0.561882198 -20.894130707 -0.024278607 0.998873651 -0.040767830 -3.272006273 0.561364532 0.047365371 0.826212108 48.906112671
0.823286355 -0.002846763 -0.567619026 -21.508605957 -0.025609110 0.998782814 -0.042153146 -3.330502033 0.567048252 0.049240332 0.822211385 49.773563385
0.819813192 -0.004800515 -0.572610915 -22.130540848 -0.026493227 0.998576105 -0.046302263 -3.392497540 0.572017848 0.053129520 0.818518698 50.650520325
0.816927314 -0.007130438 -0.576696455 -22.751213074 -0.029149104 0.998135209 -0.053632807 -3.450165272 0.576003373 0.060624287 0.815196157 51.504726410
0.813323557 -0.008166059 -0.581754327 -23.373964310 -0.029454317 0.998041451 -0.055188168 -3.514264107 0.581065595 0.062021013 0.811490119 52.387439728
0.810210824 -0.006860660 -0.586098611 -24.015666962 -0.028318513 0.998305619 -0.050832752 -3.586726189 0.585454106 0.057782669 0.808643579 53.251518250
0.806874037 -0.004537052 -0.590706050 -24.642398834 -0.027957333 0.998556674 -0.045857929 -3.648551702 0.590061605 0.053516142 0.805582464 54.105327606
0.803945363 -0.002354456 -0.594698489 -25.285346985 -0.028693592 0.998673975 -0.042743370 -3.708698750 0.594010532 0.051427361 0.802811742 54.953468323
0.800956905 -0.002335212 -0.598717630 -25.940269470 -0.029587517 0.998616159 -0.043476760 -3.762512684 0.597990513 0.052537564 0.799779296 55.814666748
0.797356069 -0.003568746 -0.603498340 -26.587743759 -0.029407749 0.998565018 -0.044759154 -3.826589108 0.602791965 0.053436525 0.796106875 56.638618469
0.793512642 -0.006049228 -0.608523667 -27.251232147 -0.028545234 0.998480082 -0.047148596 -3.888992310 0.607883871 0.054783452 0.792133808 57.496593475
0.789300323 -0.007261419 -0.613964379 -27.914535522 -0.027894964 0.998473525 -0.047670264 -3.949981928 0.613373339 0.054752663 0.787892938 58.342117310
0.784712672 -0.007471027 -0.619814515 -28.597736359 -0.027401315 0.998531818 -0.046727218 -4.013464451 0.619253755 0.053651184 0.783355951 59.207778931
0.780020595 -0.006817678 -0.625716865 -29.292602539 -0.027988639 0.998559773 -0.045770805 -4.075406075 0.625127852 0.053215127 0.778706253 60.045295715
0.774357915 -0.008497533 -0.632690787 -29.982990265 -0.027227575 0.998536170 -0.046735294 -4.138289452 0.632161736 0.053416472 0.772993028 60.886726379
0.769064367 -0.009997995 -0.639093101 -30.683273315 -0.026667524 0.998505116 -0.047711499 -4.198300362 0.638614774 0.053736243 0.767648101 61.719680786
0.763477445 -0.010903710 -0.645742357 -31.393781662 -0.026840296 0.998458087 -0.048593447 -4.262558937 0.645276368 0.054431930 0.762007535 62.548210144
0.757716060 -0.012824258 -0.652458370 -32.120864868 -0.025710320 0.998444021 -0.049482733 -4.329585075 0.652077734 0.054268774 0.756207347 63.385723114
0.751364648 -0.014893142 -0.659719110 -32.858573914 -0.024668096 0.998412609 -0.050634023 -4.394812107 0.659425974 0.054318633 0.749804556 64.233360291
0.745661855 -0.015868736 -0.666135550 -33.605293274 -0.023734288 0.998449445 -0.050352946 -4.465908051 0.665901721 0.053356532 0.744129002 65.039093018
0.738977671 -0.016116101 -0.673536956 -34.347064972 -0.022319769 0.998579502 -0.048381936 -4.532675743 0.673359931 0.050786361 0.737568259 65.871368408
0.732919335 -0.016486345 -0.680115938 -35.128273010 -0.021966513 0.998611510 -0.047878813 -4.594100475 0.679960847 0.050031077 0.731539428 66.681686401
0.726494849 -0.018181589 -0.686931372 -35.900718689 -0.021231785 0.998578727 -0.048884835 -4.660682678 0.686843812 0.050099369 0.725076258 67.485366821
0.719975293 -0.020054419 -0.693709791 -36.680858612 -0.020705853 0.998516679 -0.050355874 -4.727352142 0.693690717 0.050618850 0.718492031 68.288383484
0.714372694 -0.018872675 -0.699510813 -37.486389160 -0.022681760 0.998486400 -0.050102632 -4.795102119 0.699397743 0.051658090 0.712863326 69.073173523
0.708905697 -0.018852355 -0.705051303 -38.298030853 -0.022068616 0.998560488 -0.048889749 -4.863457680 0.704957962 0.050217737 0.707469046 69.881866455
0.704007924 -0.017841134 -0.709967911 -39.106784821 -0.024074115 0.998510301 -0.048964087 -4.933305740 0.709783792 0.051562954 0.702529788 70.671493530
0.698630214 -0.018885536 -0.715233564 -39.931282043 -0.023832193 0.998482764 -0.049643591 -5.003372192 0.715085924 0.051728107 0.697119951 71.474700928
0.693514645 -0.020858938 -0.720140517 -40.768398285 -0.024858361 0.998292744 -0.052854907 -5.067475319 0.720013559 0.054557174 0.691812098 72.262176514
0.688651979 -0.023146972 -0.724722505 -41.617218018 -0.024032405 0.998212576 -0.054718271 -5.145402908 0.724693656 0.055098671 0.686864793 73.054840088
0.683668673 -0.023175452 -0.729424477 -42.473144531 -0.025041152 0.998162150 -0.055184193 -5.220169067 0.729362786 0.055993333 0.681831837 73.840347290
0.679225206 -0.022379030 -0.733588636 -43.323444366 -0.024778228 0.998265922 -0.053395353 -5.297631264 0.733511508 0.054444492 0.677492917 74.605621338
0.673763692 -0.022575712 -0.738601804 -44.191085815 -0.024159389 0.998326004 -0.052552849 -5.368858814 0.738551676 0.053252392 0.672090292 75.397094727
0.668751180 -0.023880720 -0.743102670 -45.062088013 -0.023370694 0.998315036 -0.053114656 -5.440999031 0.743118882 0.052887321 0.667066157 76.170700073
0.664177179 -0.025120869 -0.747152925 -45.954570770 -0.022083882 0.998339713 -0.053197641 -5.514444351 0.747248948 0.051832687 0.662519693 76.950279236
0.659223676 -0.026144659 -0.751492202 -46.857795715 -0.021015992 0.998364270 -0.053169060 -5.588742256 0.751653194 0.050843664 0.657595873 77.751899719
0.655355036 -0.026836682 -0.754844010 -47.768409729 -0.019892933 0.998408616 -0.052767076 -5.660869598 0.755058765 0.049597222 0.653778374 78.524269104
0.651447773 -0.030001445 -0.758100092 -48.670906067 -0.016915804 0.998395026 -0.054047033 -5.735220909 0.758504927 0.048032686 0.649894774 79.297943115
0.646846592 -0.034599412 -0.761834860 -49.577114105 -0.013689153 0.998282492 -0.056960866 -5.813736916 0.762497246 0.047273815 0.645262063 80.077934265
0.641921699 -0.038769487 -0.765789449 -50.498260498 -0.009881072 0.998219669 -0.058819484 -5.888885498 0.766706526 0.045324311 0.640395820 80.855895996
0.635032296 -0.042155340 -0.771334529 -51.427719116 -0.005252642 0.998251021 -0.058881335 -5.967359066 0.772467732 0.041443087 0.633700311 81.629714966
0.626255274 -0.046164230 -0.778250158 -52.361457825 0.000340905 0.998261571 -0.058940541 -6.052219391 0.779617786 0.036646519 0.625182390 82.402038574
0.617483020 -0.046873745 -0.785186291 -53.327205658 0.002682721 0.998342454 -0.057488933 -6.136008739 0.786579430 0.033392005 0.616585374 83.146560669
0.608428001 -0.045394797 -0.792309701 -54.296333313 0.002771870 0.998478174 -0.055078510 -6.214001656 0.793604255 0.031315122 0.607627928 83.888641357
0.599057138 -0.045386795 -0.799418926 -55.276668549 0.002211396 0.998482168 -0.055031400 -6.290357590 0.800703228 0.031199120 0.598248243 84.627578735
0.589657903 -0.046850387 -0.806293249 -56.261199951 0.001575840 0.998380959 -0.056859378 -6.367587090 0.807651579 0.032256994 0.588777125 85.330383301
0.579939365 -0.049037263 -0.813182354 -57.258857727 0.002281785 0.998280585 -0.058571909 -6.450440884 0.814656436 0.032112651 0.579054058 86.021759033
0.569622099 -0.050992537 -0.820323348 -58.282608032 0.002654125 0.998182476 -0.060205538 -6.527015686 0.821902454 0.032117166 0.568722129 86.737586975
0.559222460 -0.051512063 -0.827415586 -59.301380157 0.005174275 0.998264968 -0.058651444 -6.612521648 0.829001367 0.028517934 0.558518827 87.427276611
0.549436271 -0.051896129 -0.833922446 -60.345966339 0.006344095 0.998299718 -0.057945687 -6.693010807 0.835511565 0.026546976 0.548831224 88.099761963
0.538865149 -0.052192662 -0.840773642 -61.390121460 0.006789472 0.998315454 -0.057620902 -6.784546375 0.842364669 0.025341487 0.538311779 88.764663696
0.528470814 -0.053243697 -0.847280264 -62.446384430 0.005845374 0.998235822 -0.059083957 -6.867854118 0.848931313 0.026271466 0.527849615 89.422988892
0.518739998 -0.053528171 -0.853254676 -63.536109924 0.004124122 0.998183072 -0.060112845 -6.952321053 0.854922116 0.027664006 0.518018246 90.063140869
0.508684993 -0.054665700 -0.859215498 -64.618141174 0.002986138 0.998088241 -0.061733276 -7.040525436 0.860947549 0.028837051 0.507875741 90.700027466
0.499289036 -0.054836378 -0.864698350 -65.721603394 0.002140580 0.998070240 -0.062058378 -7.125958443 0.866432726 0.029134111 0.498442978 91.322731018
0.490047514 -0.052816931 -0.870094121 -66.815376282 0.001142633 0.998200655 -0.059949785 -7.211816788 0.871694982 0.028384039 0.489226133 91.941543579
0.482470602 -0.051116236 -0.874419332 -67.934844971 0.001692774 0.998348296 -0.057426784 -7.302070141 0.875910521 0.026226541 0.481760293 92.548782349
0.474734128 -0.051068392 -0.878646612 -69.054687500 0.001517393 0.998361230 -0.057206571 -7.391649246 0.880128145 0.025824646 0.474033564 93.147796631
0.467443109 -0.054261092 -0.882356226 -70.183456421 0.003281322 0.998214245 -0.059647497 -7.476295948 0.884017050 0.024986522 0.466786385 93.733489990
0.461016417 -0.057643250 -0.885517418 -71.303909302 0.006275582 0.998074830 -0.061703052 -7.569343090 0.887369394 0.022888979 0.460490614 94.305007935
0.454538614 -0.060530122 -0.888667941 -72.429016113 0.007420466 0.997911036 -0.064175583 -7.662378311 0.890696108 0.022575948 0.454038322 94.888397217
0.449363559 -0.064193301 -0.891039610 -73.570098877 0.008925986 0.997687817 -0.067375079 -7.754392624 0.893304288 0.022322506 0.448897570 95.457969666
0.444302052 -0.065015532 -0.893514812 -74.713119507 0.012009047 0.997705817 -0.066625364 -7.857635021 0.895796597 0.018871520 0.444063425 96.030342102
0.440281242 -0.062521912 -0.895680428 -75.863235474 0.013619008 0.997922778 -0.062964268 -7.955727577 0.897756636 0.015523709 0.440218210 96.592407227
0.436756551 -0.060474139 -0.897544742 -77.004386902 0.016799526 0.998112082 -0.059075233 -8.056040764 0.899422884 0.010723173 0.436947972 97.147720337
0.434036791 -0.059666339 -0.898917139 -78.148963928 0.017978087 0.998179317 -0.057574339 -8.150463104 0.900715649 0.008828575 0.434319258 97.680526733
0.431190848 -0.059677742 -0.900284886 -79.280776978 0.020059338 0.998197615 -0.056560740 -8.240125656 0.902037740 0.006329356 0.431610823 98.219642639
0.428323835 -0.059034184 -0.901694894 -80.393173218 0.021468522 0.998246849 -0.055157460 -8.326480865 0.903370142 0.004267198 0.428840339 98.758911133
0.426178604 -0.058199234 -0.902764976 -81.520065308 0.023188680 0.998303235 -0.053411424 -8.410525322 0.904341817 0.001828879 0.426805079 99.294036865
0.424105376 -0.059153609 -0.903678834 -82.651229858 0.026140193 0.998248279 -0.053076152 -8.500961304 0.905235469 -0.001112458 0.424908817 99.817344666
0.421555817 -0.059051596 -0.904877663 -83.750610352 0.027851280 0.998249769 -0.052169897 -8.589325905 0.906374633 -0.003209473 0.422462672 100.337532043
0.419992268 -0.058267303 -0.905655146 -84.872673035 0.030810403 0.998276949 -0.049938176 -8.673056602 0.907004535 -0.006929956 0.421063870 100.842712402
0.417280257 -0.057808742 -0.906937301 -85.953773499 0.033170216 0.998278737 -0.048369326 -8.746021271 0.908172309 -0.009899740 0.418479532 101.354415894
0.416163504 -0.059595589 -0.907334685 -87.041275024 0.035655305 0.998152137 -0.049206786 -8.817788124 0.908590496 -0.011873227 0.417519152 101.847648621
0.414685577 -0.060667075 -0.907940209 -88.116539001 0.036792848 0.998077035 -0.049885400 -8.897167206 0.909220636 -0.012718947 0.416120201 102.336959839
0.414737612 -0.062096648 -0.907819748 -89.204010010 0.036842316 0.997996628 -0.051433504 -8.976131439 0.909194887 -0.012114773 0.416194499 102.823341370
0.415334880 -0.062330205 -0.907530665 -90.261100769 0.035920747 0.997995436 -0.052104160 -9.061388969 0.908959091 -0.010958500 0.416741252 103.302536011
0.417906851 -0.062389832 -0.906345069 -91.303764343 0.034052659 0.998013735 -0.052998662 -9.136781693 0.907851458 -0.008714950 0.419201434 103.776000977
0.423430324 -0.061988413 -0.903805315 -92.343940735 0.031629693 0.998059571 -0.053634502 -9.222213745 0.905376256 -0.005876611 0.424569368 104.235687256
0.427809209 -0.062933214 -0.901675642 -93.377647400 0.030682348 0.998009264 -0.055099364 -9.299801826 0.903348148 -0.004093505 0.428888589 104.728286743
0.433286279 -0.063239910 -0.899034858 -94.387702942 0.030664990 0.997992158 -0.055421874 -9.377969742 0.900734544 -0.003555358 0.434355497 105.208206177
0.440370381 -0.062126365 -0.895664036 -95.390762329 0.029610531 0.998065293 -0.054670677 -9.453319550 0.897327781 -0.002445742 0.441358030 105.695861816
0.448605895 -0.060983229 -0.891646683 -96.383926392 0.028458120 0.998138249 -0.053948719 -9.527745247 0.893276393 -0.001172872 0.449506134 106.183349609
0.457513869 -0.060406718 -0.887148321 -97.339630127 0.028335761 0.998173594 -0.053353406 -9.608070374 0.888750911 -0.000728098 0.458389848 106.672042847
0.466815084 -0.060189553 -0.882304311 -98.317680359 0.027510181 0.998186707 -0.053539619 -9.678083420 0.883926928 0.000720754 0.467624456 107.182609558
0.476529062 -0.060959931 -0.877042711 -99.286201477 0.026876243 0.998136938 -0.054773916 -9.754812241 0.878747821 0.002529746 0.477279723 107.706008911
0.487088919 -0.062453929 -0.871116340 -100.258407593 0.024711706 0.998026073 -0.057734936 -9.827739716 0.873002589 0.006595274 0.487670839 108.236572266
0.498307467 -0.062775135 -0.864724755 -101.198875427 0.022795498 0.997979164 -0.059312642 -9.911592484 0.866700649 0.009844096 0.498731464 108.780036926
0.510247052 -0.061711092 -0.857810974 -102.134330750 0.021211812 0.998021901 -0.059180588 -9.984861374 0.859766245 0.012001000 0.510546744 109.332473755
0.523625791 -0.059623845 -0.849859416 -103.066566467 0.020315157 0.998138249 -0.057509858 -10.062582970 0.851706147 0.012848617 0.523862183 109.889801025
0.536736310 -0.056679655 -0.841844022 -103.986763000 0.019219745 0.998303592 -0.054959793 -10.148427963 0.843531132 0.013318892 0.536915302 110.448554993
0.548886061 -0.055874966 -0.834027648 -104.898338318 0.019049915 0.998340428 -0.054345939 -10.223766327 0.835680068 0.013941569 0.549039543 111.037712097
0.560205698 -0.056292802 -0.826438546 -105.776962280 0.018862899 0.998296440 -0.055212583 -10.298201561 0.828138709 0.015341379 0.560313225 111.630706787
0.571646273 -0.057572573 -0.818477750 -106.638534546 0.019542089 0.998207569 -0.056566250 -10.374505997 0.820267439 0.016341116 0.571746647 112.218025208
0.582369447 -0.059978411 -0.810708463 -107.480659485 0.022437423 0.998080611 -0.057722852 -10.447820663 0.812614560 0.015425821 0.582597256 112.821334839
0.593225241 -0.059504963 -0.802834272 -108.307891846 0.022729496 0.998104870 -0.057183027 -10.530398369 0.804715395 0.015674409 0.593453646 113.433700562
0.603890359 -0.057284910 -0.795006216 -109.125511169 0.022041155 0.998232722 -0.055186033 -10.606473923 0.796762586 0.015803458 0.604085803 114.049461365
0.614379585 -0.054705627 -0.787111819 -109.930824280 0.022769360 0.998407423 -0.051618405 -10.682460785 0.788681984 0.013791265 0.614646673 114.664138794
0.624766350 -0.053262692 -0.778993011 -110.715972900 0.021642141 0.998468637 -0.050911684 -10.748266220 0.780511796 0.014948827 0.624962330 115.283531189
0.634630263 -0.053109195 -0.770988941 -111.470695496 0.020186752 0.998434663 -0.052160207 -10.813079834 0.772552431 0.017538680 0.634708881 115.906364441
0.643707395 -0.052882008 -0.763442397 -112.215118408 0.019106399 0.998409092 -0.053047810 -10.886915207 0.765033185 0.019560637 0.643693745 116.552841187
0.653048694 -0.052089039 -0.755522430 -112.948570251 0.018697431 0.998436570 -0.052675173 -10.958923340 0.757085085 0.020273123 0.653001666 117.189216614
0.662529409 -0.050623592 -0.747323155 -113.682983398 0.018751439 0.998521924 -0.051015917 -11.016584396 0.748800993 0.019786164 0.662499428 117.821655273
0.671045661 -0.048521947 -0.739826500 -114.400848389 0.019132543 0.998657167 -0.048143681 -11.088835716 0.741169155 0.018151846 0.671072841 118.477752686
0.679081202 -0.048293345 -0.732472777 -115.098358154 0.019969719 0.998679638 -0.047330789 -11.150422096 0.733791471 0.017514173 0.679148912 119.132949829
0.687268555 -0.048008192 -0.724815190 -115.804122925 0.018975126 0.998659670 -0.048154116 -11.204055786 0.726155400 0.019341355 0.687258422 119.782676697
0.694844604 -0.046856616 -0.717631757 -116.490104675 0.018077385 0.998697877 -0.047704995 -11.262588501 0.718932688 0.020174652 0.694786787 120.435348511
0.702775955 -0.044158764 -0.710039437 -117.172645569 0.017217238 0.998835206 -0.045078423 -11.320278168 0.711202860 0.019455114 0.702717543 121.083961487
0.710420132 -0.040549632 -0.702608585 -117.832679749 0.015505575 0.998998165 -0.041977193 -11.382272720 0.703606963 0.018927095 0.710337162 121.735656738
0.718036115 -0.039447818 -0.694886982 -118.476974487 0.014976267 0.999037206 -0.041238844 -11.432281494 0.695844531 0.019204166 0.717935562 122.387458801
0.725464582 -0.038385354 -0.687188148 -119.102706909 0.014352671 0.999070168 -0.040654518 -11.489680290 0.688109815 0.019630432 0.725340903 123.046951294
0.733661771 -0.035312496 -0.678596497 -119.720184326 0.011674850 0.999156415 -0.039371423 -11.540693283 0.679414511 0.020962801 0.733455300 123.699012756
0.743115962 -0.032306891 -0.668382347 -120.325996399 0.010911058 0.999286056 -0.036170382 -11.593927383 0.669073701 0.019586027 0.742937922 124.346191406
0.752433598 -0.028407060 -0.658055186 -120.910995483 0.009004360 0.999419808 -0.032847390 -11.639174461 0.658606410 0.018790115 0.752252877 125.009681702
0.762863517 -0.026520936 -0.646015346 -121.481132507 0.007543957 0.999455392 -0.032122269 -11.682859421 0.646515548 0.019631397 0.762648106 125.667236328
0.772803605 -0.025396174 -0.634136856 -122.035247803 0.005935503 0.999444544 -0.032792732 -11.729655266 0.634617507 0.021578427 0.772525012 126.337043762
0.782751203 -0.026890555 -0.621753514 -122.568801880 0.006348882 0.999359250 -0.035228942 -11.763204575 0.622302353 0.023628056 0.782420278 127.002639771
0.792647719 -0.026096206 -0.609121144 -123.088035583 0.006167509 0.999375641 -0.034789875 -11.803207397 0.609648705 0.023819355 0.792313755 127.668418884
0.802804828 -0.024407212 -0.595742166 -123.584045410 0.005772001 0.999432981 -0.033168018 -11.845468521 0.596213996 0.023188822 0.802490592 128.339248657
0.813030660 -0.021947702 -0.581807077 -124.083740234 0.005611070 0.999538183 -0.029864874 -11.889041901 0.582193851 0.021016495 0.812778354 129.013565063
0.822593570 -0.020603040 -0.568256378 -124.564186096 0.005877898 0.999598086 -0.027733332 -11.922075272 0.568599343 0.019473106 0.822384059 129.700790405
0.831897020 -0.019301666 -0.554594159 -125.030998230 0.006569240 0.999667346 -0.024937725 -11.958166122 0.554890990 0.017102355 0.831747234 130.387252808
0.839660883 -0.018348306 -0.542800963 -125.482604980 0.007227074 0.999718070 -0.022613890 -11.992160797 0.543062985 0.015065133 0.839556754 131.094146729
0.846821845 -0.018967301 -0.531538308 -125.933486938 0.009015195 0.999732256 -0.021311654 -12.022980690 0.531800210 0.013255248 0.846766114 131.811386108
0.853361130 -0.018640203 -0.520986855 -126.365066528 0.008900399 0.999735773 -0.021190606 -12.048276901 0.521244228 0.013446246 0.853301644 132.526718140
0.859990358 -0.018200083 -0.509985626 -126.791198730 0.008549653 0.999737322 -0.021260757 -12.077850342 0.510238647 0.013923847 0.859920144 133.248947144
0.866674900 -0.016598729 -0.498597145 -127.216033936 0.007173226 0.999757648 -0.020814100 -12.102210045 0.498821765 0.014462505 0.866583824 133.973968506
0.872622430 -0.015566340 -0.488147259 -127.629745483 0.006480592 0.999773026 -0.020296533 -12.130370140 0.488352478 0.014547721 0.872525215 134.716567993
0.878444195 -0.016065108 -0.477574766 -128.033523560 0.007240940 0.999767482 -0.020312237 -12.159846306 0.477790087 0.014385081 0.878356278 135.457885742
0.883511603 -0.016818756 -0.468107045 -128.440750122 0.007915506 0.999748468 -0.020980421 -12.193112373 0.468342245 0.014831144 0.883422673 136.218429565
0.887862921 -0.017327338 -0.459781379 -128.838836670 0.008366427 0.999733329 -0.021519961 -12.218118668 0.460031688 0.015260049 0.887771368 136.982604980
0.891249001 -0.016563121 -0.453211814 -129.232818604 0.008114976 0.999755442 -0.020578908 -12.251482010 0.453441709 0.014663130 0.891165316 137.757751465
0.894397020 -0.014461149 -0.447040170 -129.627151489 0.007440961 0.999819934 -0.017455650 -12.273423195 0.447212040 0.012285870 0.894343555 138.542755127
0.897823930 -0.010457641 -0.440230280 -130.029556274 0.005232652 0.999900758 -0.013080886 -12.296995163 0.440323353 0.009440761 0.897789598 139.335800171
0.901004136 -0.008069825 -0.433735460 -130.416168213 0.004065332 0.999940276 -0.010159327 -12.320690155 0.433791488 0.007390318 0.900982976 140.137847900
0.904390991 -0.005234579 -0.426672518 -130.814743042 0.001999415 0.999965906 -0.008029917 -12.336090088 0.426700056 0.006409091 0.904370427 140.953964233
0.907471657 -0.003745420 -0.420096666 -131.208831787 0.001422892 0.999981940 -0.005841794 -12.353096962 0.420110881 0.004703512 0.907460570 141.799743652
0.910915434 -0.002123419 -0.412587643 -131.611343384 0.000996807 0.999995172 -0.002945802 -12.363462448 0.412591904 0.002272106 0.910913169 142.663299561
0.914358974 -0.002359803 -0.404897600 -132.008407593 0.002052070 0.999997199 -0.001194046 -12.374001503 0.404899269 0.000260908 0.914361238 143.540176392
0.917984724 -0.002343691 -0.396608859 -132.393692017 0.002500853 0.999996781 -0.000120872 -12.386745453 0.396607906 -0.000880902 0.917987704 144.417114258
0.921396554 -0.003390379 -0.388608992 -132.777893066 0.003523782 0.999993742 -0.000369412 -12.389796257 0.388607740 -0.001028999 0.921402693 145.339736938
0.925355494 -0.005388578 -0.379062235 -133.153625488 0.005543154 0.999984324 -0.000683547 -12.405595779 0.379060090 -0.001468677 0.925370932 146.246139526
0.929205775 -0.007411600 -0.369488448 -133.523437500 0.007089665 0.999972522 -0.002229132 -12.407919884 0.369494766 -0.000548227 0.929232657 147.181152344
0.933705866 -0.008371030 -0.357943118 -133.898223877 0.007324721 0.999963999 -0.004278869 -12.422457695 0.357966065 0.001373371 0.933733582 148.135147095
0.938756347 -0.006826929 -0.344513983 -134.266235352 0.005182845 0.999970376 -0.005692943 -12.422510147 0.344542623 0.003558724 0.938763916 149.099411011
0.944696069 -0.003110305 -0.327932447 -134.616256714 0.001896635 0.999990046 -0.004020739 -12.441867828 0.327941716 0.003176408 0.944692612 150.084136963
0.951028407 -0.000216962 -0.309103519 -134.960708618 -0.000322616 0.999998510 -0.001694509 -12.446871758 0.309103340 0.001711248 0.951026917 151.096237183
0.957342207 0.003584902 -0.288934410 -135.280670166 -0.003653106 0.999993265 0.000303201 -12.467224121 0.288933516 0.000765241 0.957349002 152.128234863
0.963562250 0.004658770 -0.267443657 -135.579330444 -0.004588008 0.999989092 0.000889493 -12.472496986 0.267444819 0.000369951 0.963573098 153.163940430
0.969259441 0.006688365 -0.245949984 -135.852386475 -0.006204085 0.999976993 0.002743816 -12.488139153 0.245962664 -0.001133575 0.969278634 154.195953369
0.974496424 0.007067293 -0.224292263 -136.096572876 -0.006097618 0.999968827 0.005015634 -12.485631943 0.224320784 -0.003520069 0.974509001 155.263259888
0.979361773 0.009522209 -0.201890811 -136.335983276 -0.007933686 0.999930918 0.008675990 -12.492419243 0.201959401 -0.006895196 0.979369760 156.346511841
0.983737946 0.011441989 -0.179245725 -136.546264648 -0.009353258 0.999878228 0.012493704 -12.489000320 0.179366827 -0.010613999 0.983725011 157.466308594
0.987594604 0.012914309 -0.156493127 -136.740097046 -0.010672151 0.999828160 0.015159328 -12.473156929 0.156662002 -0.013301152 0.987562716 158.599380493
0.990839899 0.015008151 -0.134204611 -136.905731201 -0.013042554 0.999794602 0.015513492 -12.476943970 0.134409860 -0.013621015 0.990832210 159.757934570
0.993663490 0.014214086 -0.111493535 -137.059204102 -0.012833816 0.999831915 0.013087795 -12.468168259 0.111660831 -0.011573976 0.993678987 160.927886963
0.995793760 0.014603445 -0.090450920 -137.169479370 -0.013534406 0.999831259 0.012421091 -12.463852882 0.090617038 -0.011144646 0.995823443 162.096420288
0.997478783 0.013463978 -0.069676355 -137.268035889 -0.012496111 0.999819458 0.014308210 -12.460074425 0.069856428 -0.013401452 0.997467041 163.293807983
0.998686433 0.014159009 -0.049244195 -137.345169067 -0.013387885 0.999783099 0.015953949 -12.451870918 0.049459402 -0.015273718 0.998659253 164.497238159
0.999469101 0.015061611 -0.028895559 -137.394058228 -0.014570395 0.999746919 0.017135711 -12.448998451 0.029146340 -0.016705599 0.999435544 165.705154419
0.999825537 0.016625952 -0.008529570 -137.418762207 -0.016475577 0.999712646 0.017407069 -12.435609818 0.008816529 -0.017263500 0.999812245 166.929351807
0.999776185 0.017209528 0.012305014 -137.418228149 -0.017430183 0.999685049 0.018055568 -12.427495956 -0.011990410 -0.018266005 0.999761283 168.169006348
0.999266028 0.019243177 0.033123132 -137.398635864 -0.019827515 0.999651909 0.017404087 -12.412786484 -0.032776695 -0.018048059 0.999299645 169.431625366
0.998361468 0.020819144 0.053299043 -137.357574463 -0.021719091 0.999630213 0.016361661 -12.407597542 -0.052938696 -0.017492460 0.998444557 170.706024170
0.997134387 0.020784320 0.072739601 -137.273773193 -0.021867262 0.999661267 0.014123318 -12.405651093 -0.072421424 -0.015673464 0.997250974 171.966339111
0.995528400 0.022883078 0.091649070 -137.163101196 -0.024022289 0.999646962 0.011346198 -12.396327019 -0.091357090 -0.013497083 0.995726645 173.271072388
0.993558764 0.023248402 0.110907786 -137.036895752 -0.024464227 0.999654472 0.009614051 -12.396019936 -0.110645942 -0.012265398 0.993784130 174.542480469
0.991195917 0.023698963 0.130265355 -136.892654419 -0.024766764 0.999671578 0.006582979 -12.399635315 -0.130066544 -0.009751274 0.991457224 175.846847534
0.988640010 0.024785178 0.148244530 -136.698562622 -0.025254780 0.999680221 0.001286007 -12.408445358 -0.148165300 -0.005015282 0.988949895 177.138839722
0.985721171 0.026311617 0.166317254 -136.489410400 -0.025741700 0.999653041 -0.005581826 -12.417771339 -0.166406423 0.001220836 0.986056507 178.458435059
0.982648909 0.028433181 0.183283195 -136.250076294 -0.026974503 0.999581456 -0.010447357 -12.446920395 -0.183503553 0.005322109 0.983004630 179.784866333
0.979166389 0.030945141 0.200687811 -135.990310669 -0.028530251 0.999481797 -0.014914873 -12.472393990 -0.201045290 0.008878470 0.979541719 181.105987549
0.975302815 0.032657810 0.218444318 -135.701416016 -0.029533707 0.999409676 -0.017552413 -12.507546425 -0.218888581 0.010667446 0.975691557 182.450500488
0.971220970 0.032114305 0.236005887 -135.395538330 -0.028862009 0.999435008 -0.017223222 -12.546203613 -0.236425653 0.009915950 0.971598983 183.803817749
0.966984749 0.031362187 0.252896935 -135.062988281 -0.027670467 0.999452472 -0.018142143 -12.582849503 -0.253327519 0.010545398 0.967323124 185.132431030
0.962436795 0.031650994 0.269654661 -134.694458008 -0.026293710 0.999379039 -0.023457086 -12.624407768 -0.270229638 0.015485743 0.962671340 186.489959717
0.957657933 0.032777119 0.286036611 -134.298370361 -0.025929285 0.999280035 -0.027696231 -12.667704582 -0.286738455 0.019106789 0.957818329 187.851043701
0.952663004 0.034901965 0.302017987 -133.870407104 -0.027797773 0.999227226 -0.027789980 -12.721590042 -0.302754551 0.018079059 0.952897072 189.206939697
0.946774006 0.037324455 0.319727808 -133.442199707 -0.029858770 0.999155760 -0.028222216 -12.775095940 -0.320511222 0.017173380 0.947089016 190.567077637
0.940470397 0.041107748 0.337380469 -132.985244751 -0.032353938 0.998978913 -0.031530753 -12.826583862 -0.338332146 0.018738151 0.940840185 191.922866821
0.934314251 0.041830264 0.353987455 -132.483657837 -0.031235967 0.998878062 -0.035592005 -12.887974739 -0.355079144 0.022196973 0.934572697 193.273193359
0.927696407 0.042911842 0.370861083 -131.959014893 -0.030964091 0.998793483 -0.038113460 -12.953004837 -0.372049183 0.023874342 0.927905917 194.623046875
0.920601249 0.043366302 0.388088554 -131.408386230 -0.028758569 0.998644948 -0.043372482 -13.022308350 -0.389443576 0.028767889 0.920600951 195.967315674
0.912348270 0.046661712 0.406747162 -130.840591431 -0.029157745 0.998366714 -0.049129985 -13.109977722 -0.408375382 0.032963827 0.912218690 197.282318115
0.902580500 0.050617255 0.427535206 -130.219924927 -0.031110534 0.998136520 -0.052494310 -13.197593689 -0.429395616 0.034079488 0.902473271 198.633544922
0.890900552 0.053159710 0.451076806 -129.581756592 -0.032425322 0.998037100 -0.053577624 -13.301160812 -0.453039557 0.033106033 0.890875518 199.954055786
