1.000000000 0.000000000 0.000000000 0.000000000 0.000000000 1.000000000 0.000000000 0.000000000 0.000000000 0.000000000 1.000000000 0.000000000
0.999874055 0.001550707 0.015795724 0.009872027 -0.001535244 0.999998450 -0.000991013 -0.001823609 -0.015797231 0.000966638 0.999874771 0.122575857
0.999298096 0.004362035 0.037206426 0.025019007 -0.004342585 0.999990344 -0.000603561 -0.001270022 -0.037208699 0.000441565 0.999307334 0.269885600
0.997913480 0.006349343 0.064252257 0.053664006 -0.006409108 0.999979138 0.000724096 -0.002555072 -0.064246312 -0.001134385 0.997933388 0.433913767
0.995122612 0.005943986 0.098467030 0.096766196 -0.006283055 0.999975324 0.003133744 -0.004970809 -0.098445944 -0.003737133 0.995135486 0.610187292
0.990627527 0.002638598 0.136565447 0.159602314 -0.003415480 0.999979258 0.005454713 -0.010231000 -0.136548221 -0.005870026 0.990616024 0.802804887
0.984334469 -0.000210864 0.176311865 0.233830661 -0.000790755 0.999983966 0.005610669 -0.008102633 -0.176310241 -0.005662193 0.984318376 1.007001519
0.975446641 -0.000268393 0.220235750 0.316268742 -0.001222033 0.999977291 0.006631141 -0.004268346 -0.220232531 -0.006737460 0.975424051 1.221563458
0.963318527 -0.000042766 0.268360674 0.415047824 -0.002515692 0.999954581 0.009189782 0.002793863 -0.268348873 -0.009527799 0.963274658 1.448967814
0.948644161 -0.003978861 0.316320151 0.535260975 -0.001200278 0.999868453 0.016176566 0.003061133 -0.316342950 -0.015725477 0.948514462 1.683272839
0.931657791 -0.013930810 0.363069594 0.690333366 0.005479803 0.999689698 0.024296127 -0.001510330 -0.363295466 -0.020646125 0.931445181 1.912358046
0.910195351 -0.018576555 0.413762391 0.852686226 0.007597427 0.999574423 0.028164728 0.006227341 -0.414109588 -0.022491869 0.909949124 2.148997307
0.884921849 -0.020362040 0.465294242 1.027894855 0.005918014 0.999454796 0.032482579 0.005702123 -0.465701967 -0.025990924 0.884559870 2.377637386
0.856502593 -0.022602141 0.515647590 1.227128386 0.004186142 0.999312222 0.036849096 0.012461156 -0.516125739 -0.029402765 0.856007993 2.609404564
0.824171245 -0.027058771 0.565693915 1.438715816 0.004650085 0.999147534 0.041017301 0.020595573 -0.566321611 -0.031174762 0.823594570 2.832609653
0.787717164 -0.032510791 0.615178645 1.680672407 0.006652293 0.998997152 0.044276658 0.026924744 -0.616001189 -0.030785143 0.787143469 3.061241627
0.749894500 -0.036744274 0.660536230 1.940055370 0.007313651 0.998855770 0.047261242 0.027735516 -0.661517024 -0.030610006 0.749305189 3.268434048
0.709785461 -0.040258963 0.703266561 2.209179878 0.008408144 0.998778582 0.048689663 0.029944003 -0.704367757 -0.028646048 0.709257007 3.472339630
0.667773306 -0.041895863 0.743184745 2.521567106 0.007684750 0.998749554 0.049397957 0.054246843 -0.744325042 -0.027275443 0.667260289 3.693688631
0.625225306 -0.042131472 0.779306471 2.852267981 0.002844621 0.998658180 0.051708050 0.067104146 -0.780439317 -0.030112341 0.624505997 3.910618544
0.583022356 -0.042843491 0.811325729 3.195081234 0.000139049 0.998613894 0.052633647 0.085564911 -0.812456310 -0.030573774 0.582220078 4.118988514
0.542526960 -0.043622706 0.838904977 3.577208757 -0.002224090 0.998572588 0.053363703 0.107889906 -0.840035439 -0.030817050 0.541655600 4.333714008
0.504026651 -0.045888655 0.862468302 3.996899128 -0.003661331 0.998465061 0.055264216 0.123464450 -0.863680303 -0.031012416 0.503084838 4.536191940
0.466171741 -0.045581374 0.883519292 4.431031704 -0.006878877 0.998454928 0.055140480 0.142619446 -0.884667516 -0.031782556 0.465137839 4.744926929
0.429758787 -0.044956535 0.901823878 4.891506195 -0.007709179 0.998540699 0.053451698 0.163193867 -0.902910829 -0.029923663 0.428785056 4.936348915
0.396330357 -0.043410845 0.917081058 5.396193504 -0.006286207 0.998729825 0.049992442 0.191083267 -0.918086469 -0.025578482 0.395553946 5.121011734
0.366920054 -0.041494898 0.929326475 5.917145729 -0.004231047 0.998919904 0.046272796 0.217589781 -0.930242777 -0.020910436 0.366348088 5.298130989
0.341799319 -0.039640136 0.938936472 6.459572792 -0.003092009 0.999057174 0.043303892 0.241479665 -0.939767778 -0.017704444 0.341354489 5.477371216
0.321793318 -0.039071701 0.946003437 7.038572788 -0.001804663 0.999121070 0.041879434 0.265875429 -0.946808219 -0.015183739 0.321439952 5.654325008
0.306818604 -0.039679449 0.950940549 7.641045094 -0.000884693 0.999118268 0.041975185 0.289086759 -0.951767623 -0.013720060 0.306512982 5.844206333
0.296128303 -0.041064315 0.954265177 8.279119492 0.000178891 0.999077678 0.042937208 0.317262143 -0.955148160 -0.012544211 0.295862526 6.017648697
0.285230517 -0.042870071 0.957499743 8.927669525 -0.000885695 0.998986900 0.044991422 0.341789067 -0.958458543 -0.013680981 0.284903616 6.209131718
0.275097758 -0.044548564 0.960383594 9.599177361 -0.002154492 0.998894811 0.046952099 0.369077265 -0.961413860 -0.014985554 0.274697751 6.390985966
0.265110046 -0.046461407 0.963098049 10.297938347 -0.003311808 0.998788655 0.049094804 0.392702699 -0.964212477 -0.016205119 0.264634997 6.578158379
0.254926056 -0.048292194 0.965754032 11.015578270 -0.004263257 0.998686254 0.051064327 0.422278315 -0.966951132 -0.017134883 0.254385322 6.766619682
0.243916392 -0.049473964 0.968533635 11.755791664 -0.004651590 0.998626709 0.052182626 0.460019201 -0.969785094 -0.017233418 0.243351296 6.958959579
0.234101072 -0.050763626 0.970886052 12.514069557 -0.004511963 0.998568416 0.053298961 0.494454890 -0.972201705 -0.016857944 0.233536899 7.130887032
0.223979190 -0.053732440 0.973111570 13.287349701 -0.006382333 0.998376727 0.056596510 0.522723317 -0.974573016 -0.018887164 0.223272666 7.300131798
0.212497801 -0.057352599 0.975476921 14.068617821 -0.007526262 0.998150408 0.060325176 0.560055375 -0.977132559 -0.020160666 0.211673141 7.470227718
0.199966416 -0.061132222 0.977893949 14.865326881 -0.008623993 0.997903228 0.064146608 0.599381745 -0.979764819 -0.021260517 0.199019954 7.636281967
0.187223658 -0.063679330 0.980251133 15.666049957 -0.009338823 0.997736275 0.066598862 0.633521199 -0.982272923 -0.021623276 0.186205119 7.784976482
0.173328891 -0.063825622 0.982793689 16.474319458 -0.009927624 0.997733831 0.066546768 0.675698519 -0.984813988 -0.021291286 0.172302470 7.922695160
0.158424959 -0.062836327 0.985369563 17.282602310 -0.011514285 0.997787416 0.065479435 0.716480017 -0.987303793 -0.021719400 0.157350942 8.059971809
0.142373309 -0.061846547 0.987878978 18.095014572 -0.011993500 0.997864962 0.064200230 0.755248010 -0.989740372 -0.020988526 0.141327545 8.169282913
0.122318603 -0.060201459 0.990663409 18.916387558 -0.014387579 0.997946143 0.062420480 0.792630613 -0.992386520 -0.021888433 0.121201225 8.259349823
0.096540295 -0.058572564 0.993604183 19.745464325 -0.018933712 0.997978270 0.060670052 0.834793091 -0.995148957 -0.024669718 0.095236108 8.340778351
0.066261135 -0.058326568 0.996096134 20.572593689 -0.023000227 0.997935653 0.059964269 0.867820621 -0.997537196 -0.026883736 0.064782813 8.393400192
0.033250798 -0.057739500 0.997777939 21.410821915 -0.025889076 0.997945070 0.058611929 0.908090651 -0.999111593 -0.027780445 0.031687666 8.412478447
-0.001230177 -0.057498869 0.998344839 22.250616074 -0.027973246 0.997956872 0.057442058 0.937881112 -0.999607921 -0.027856281 -0.002836094 8.404961586
-0.035355695 -0.056058798 0.997801304 23.083671570 -0.028779380 0.998068511 0.055054057 0.969600201 -0.998960316 -0.026769632 -0.036900736 8.371712685
-0.068019293 -0.054143794 0.996213734 23.921577454 -0.030931843 0.998160779 0.052137662 0.999417663 -0.997204304 -0.027268363 -0.069568947 8.309158325
-0.100804470 -0.051484179 0.993573248 24.761558533 -0.033782352 0.998261452 0.048299666 1.024087191 -0.994332552 -0.028696422 -0.102368452 8.224139214
-0.133242384 -0.046776172 0.989979029 25.608015060 -0.030938763 0.998594999 0.043019190 1.049505830 -0.990600467 -0.024896754 -0.134502381 8.100933075
-0.164535597 -0.041141368 0.985512793 26.442253113 -0.025379887 0.998975575 0.037466116 1.065389156 -0.986044586 -0.018847693 -0.165411204 7.945102215
-0.195037797 -0.034603328 0.980185270 27.274719238 -0.019093914 0.999321997 0.031479590 1.080048919 -0.980609834 -0.012575860 -0.195566267 7.761867046
-0.224045575 -0.029301273 0.974138021 28.099361420 -0.013037235 0.999548614 0.027067116 1.086610675 -0.974491477 -0.006635802 -0.224326432 7.556808949
-0.252124995 -0.022956809 0.967422247 28.915157318 -0.004512789 0.999735594 0.022547495 1.093092680 -0.967684150 0.001319016 -0.252161980 7.324490547
-0.277905554 -0.012708457 0.960524261 29.718427658 0.001567120 0.999905169 0.013682907 1.086424828 -0.960607111 0.005307813 -0.277859181 7.068334579
-0.303159475 0.002659242 0.952936113 30.512035370 0.006010710 0.999981463 -0.000878327 1.073359132 -0.952920794 0.005461550 -0.303169817 6.800601006
-0.327471018 0.019760327 0.944654703 31.294811249 0.006695511 0.999804735 -0.018592913 1.055106401 -0.944837511 0.000236305 -0.327539414 6.518925667
-0.352728814 0.035255499 0.935061216 32.072162628 0.006849913 0.999360502 -0.035095878 1.033330441 -0.935700536 -0.005974242 -0.352744669 6.222520828
-0.376828223 0.045871306 0.925146639 32.840347290 0.011053748 0.998924553 -0.045027051 0.992038608 -0.926217198 -0.006741121 -0.376929969 5.889887810
-0.400028557 0.050088886 0.915133059 33.605045319 0.014391251 0.998725653 -0.048373457 0.942692518 -0.916389704 -0.006180857 -0.400239676 5.535965919
-0.422532231 0.049696960 0.904984415 34.354763031 0.017378096 0.998756170 -0.046732664 0.895053148 -0.906181276 -0.004019158 -0.422870338 5.180041313
-0.442808092 0.045430239 0.895464718 35.098949432 0.020860126 0.998967171 -0.040365960 0.844094753 -0.896373749 0.000805136 -0.443298429 4.801318169
-0.460655540 0.043777596 0.886498749 35.827323914 0.027824970 0.999004185 -0.034874585 0.796278954 -0.887142658 0.008601625 -0.461414933 4.409080505
-0.474316925 0.044138733 0.879246950 36.548049927 0.030316181 0.998968899 -0.033794533 0.750188231 -0.879832029 0.010626090 -0.475165963 4.009022713
-0.485266238 0.048397541 0.873026013 37.259552002 0.034001779 0.998756349 -0.036467899 0.709390402 -0.873705089 0.011987798 -0.486308217 3.604554176
-0.495162278 0.051048275 0.867299497 37.954071045 0.035096165 0.998632669 -0.038741160 0.663966537 -0.868091345 0.011255722 -0.496276885 3.202438354
-0.506134748 0.050064486 0.861000061 38.654998779 0.028603284 0.998738885 -0.041259270 0.616836667 -0.861979783 0.003744674 -0.506928623 2.796762466
-0.517046034 0.048674826 0.854572475 39.343101501 0.028001767 0.998809338 -0.039948240 0.570185065 -0.855499327 0.003274454 -0.517793477 2.376945496
-0.526149392 0.050051268 0.848917961 40.029563904 0.030091442 0.998736978 -0.040234119 0.528065562 -0.849859595 0.004376010 -0.526991010 1.954832077
-0.533479154 0.052908383 0.844156802 40.706932068 0.032791805 0.998585045 -0.041864000 0.485550642 -0.845177293 0.005347849 -0.534459293 1.523424149
-0.537022948 0.055682521 0.841727734 41.404899597 0.033813685 0.998438060 -0.044476163 0.441086411 -0.842889667 0.004577204 -0.538066864 1.074224472
-0.536635935 0.058096088 0.841811419 42.107444763 0.033900846 0.998305976 -0.047285244 0.397428036 -0.843132615 0.003163161 -0.537696302 0.627073288
-0.532890439 0.058333110 0.844171226 42.830528259 0.036121290 0.998279810 -0.046180297 0.347937822 -0.845412910 0.005883515 -0.534080863 0.161035538
-0.527303278 0.057060234 0.847759068 43.582824707 0.033954814 0.998360574 -0.046077013 0.301111698 -0.848998427 0.004488946 -0.528376281 -0.299068451
-0.520322382 0.055979464 0.852133095 44.341297150 0.031765152 0.998427331 -0.046193842 0.252853155 -0.853378952 0.003032447 -0.521282196 -0.757007599
-0.512993395 0.055421408 0.856601596 45.124916077 0.030284578 0.998460829 -0.046463046 0.203847408 -0.857858181 0.002106583 -0.513882220 -1.222745895
-0.507231355 0.053604390 0.860141098 45.920295715 0.026989745 0.998562217 -0.046314809 0.149647474 -0.861387074 -0.000277337 -0.507948816 -1.672210693
-0.502464890 0.051373240 0.863070011 46.738265991 0.022970472 0.998673975 -0.046071883 0.096286774 -0.864292443 -0.003324375 -0.502978683 -2.147211075
-0.501323044 0.048861548 0.863879502 47.569160461 0.018532073 0.998781741 -0.045737226 0.048908830 -0.865061700 -0.006919647 -0.501617730 -2.616575241
-0.502128363 0.046138469 0.863561392 48.416015625 0.015285673 0.998893261 -0.044480946 -0.006087303 -0.864657879 -0.009135032 -0.502277970 -3.095273972
-0.503113329 0.045212362 0.863037109 49.278144836 0.014557034 0.998932183 -0.043845456 -0.062958717 -0.864097834 -0.009495980 -0.503234386 -3.590040207
-0.503853798 0.044487379 0.862642586 50.139854431 0.014200711 0.998964429 -0.043223262 -0.113730788 -0.863672197 -0.009528068 -0.503963828 -4.083772659
-0.504007816 0.043644067 0.862595618 51.011844635 0.013983638 0.999003887 -0.042375270 -0.169685245 -0.863585889 -0.009295239 -0.504115999 -4.585744858
-0.503937721 0.042778056 0.862680018 51.899185181 0.013814998 0.999044240 -0.041469913 -0.224163294 -0.863629520 -0.008980333 -0.504047036 -5.104104996
-0.503912330 0.042695571 0.862698972 52.794715881 0.014204623 0.999052167 -0.041146714 -0.281280994 -0.863638043 -0.008480020 -0.504041135 -5.626338959
-0.504222929 0.041121099 0.862593949 53.687080383 0.012621116 0.999109805 -0.040251434 -0.335884809 -0.863481283 -0.009408799 -0.504293084 -6.141601562
-0.504292786 0.040277433 0.862592876 54.580238342 0.011949843 0.999141514 -0.039667200 -0.395417213 -0.863450050 -0.009696033 -0.504341185 -6.660261154
-0.503945470 0.039645508 0.862825155 55.479782104 0.010890321 0.999158263 -0.039549150 -0.452331424 -0.863666832 -0.010534175 -0.503953040 -7.178033829
-0.502886355 0.037939046 0.863519490 56.379791260 0.010451068 0.999230087 -0.037815168 -0.509849548 -0.864289343 -0.009992036 -0.502895713 -7.689809799
-0.500580072 0.036217060 0.864932299 57.270267487 0.010646458 0.999306500 -0.035682037 -0.562263846 -0.865624785 -0.008653251 -0.500618458 -8.210592270
-0.498134106 0.035069231 0.866390586 58.158622742 0.011711960 0.999362767 -0.033717759 -0.616160393 -0.867021084 -0.006648837 -0.498227328 -8.717552185
-0.495836049 0.034442961 0.867733002 59.063442230 0.011490041 0.999385893 -0.033103079 -0.670989871 -0.868340135 -0.006443417 -0.495927304 -9.226732254
-0.493874669 0.034594946 0.868844628 59.946022034 0.012170945 0.999385297 -0.032874413 -0.725247979 -0.869447827 -0.005661185 -0.493992150 -9.725698471
-0.492789060 0.035247236 0.869434595 60.829162598 0.012486508 0.999362826 -0.033437327 -0.778080583 -0.870059192 -0.005621344 -0.492915243 -10.228994370
-0.493803829 0.036544871 0.868805051 61.704750061 0.011359155 0.999302268 -0.035577804 -0.830920219 -0.869499028 -0.007699568 -0.493874550 -10.720506668
-0.496419609 0.038573645 0.867225170 62.573829651 0.010498489 0.999205887 -0.038434502 -0.885531664 -0.868019223 -0.009975085 -0.496430427 -11.222183228
-0.501149297 0.038801543 0.864490509 63.452461243 0.008532389 0.999167264 -0.039900079 -0.941954613 -0.865318775 -0.012619726 -0.501063049 -11.719375610
-0.506537318 0.037440233 0.861404717 64.326126099 0.009998210 0.999244630 -0.037552021 -0.996704102 -0.862160087 -0.010408989 -0.506528974 -12.230525970
-0.512127399 0.034823701 0.858203411 65.194900513 0.011129955 0.999363065 -0.033909868 -1.056584954 -0.858837366 -0.007814407 -0.512188792 -12.744989395
-0.517609954 0.032573398 0.854996443 66.052253723 0.008637193 0.999423087 -0.032846816 -1.109134912 -0.855573118 -0.009617077 -0.517592669 -13.254722595
-0.522663713 0.036162466 0.851771653 66.909759521 0.011094794 0.999303877 -0.035618052 -1.157754183 -0.852466762 -0.009166033 -0.522701085 -13.776020050
-0.527553439 0.037855513 0.848677993 67.760971069 0.011533235 0.999233663 -0.037401833 -1.209416151 -0.849443555 -0.009943459 -0.527585804 -14.302350998
-0.532353938 0.038683459 0.845637560 68.577468872 0.010525659 0.999180615 -0.039081041 -1.269757986 -0.846456409 -0.011904052 -0.532324910 -14.818077087
-0.535852015 0.038843378 0.843417883 69.408477783 0.009370684 0.999153256 -0.040062215 -1.322818518 -0.844259799 -0.013564019 -0.535762370 -15.343317032
-0.539303064 0.037974227 0.841255248 70.238609314 0.010191231 0.999203920 -0.038570758 -1.381340384 -0.842050076 -0.012227899 -0.539260805 -15.872774124
-0.541446030 0.031177722 0.840157211 71.067001343 0.010987421 0.999489248 -0.030009503 -1.430413842 -0.840663731 -0.007017363 -0.541512012 -16.407802582
-0.543972969 0.022386076 0.838803947 71.891220093 0.010460566 0.999747217 -0.019897560 -1.477299213 -0.839037538 -0.002049367 -0.544069588 -16.932924271
-0.545195162 0.021310611 0.838038206 72.695510864 0.012157201 0.999772727 -0.017514378 -1.517683029 -0.838220835 0.000639447 -0.545330346 -17.460662842
-0.546479166 0.025648035 0.837079942 73.495399475 0.012076068 0.999668360 -0.022745997 -1.555757880 -0.837385833 -0.002321579 -0.546607554 -17.978519440
-0.547547936 0.032247346 0.836152732 74.296875000 0.013468420 0.999467254 -0.029726110 -1.589620113 -0.836665928 -0.005014815 -0.547690570 -18.504007339
-0.547781110 0.036063522 0.835844040 75.095695496 0.019189259 0.999349177 -0.030542234 -1.633392572 -0.836401582 -0.000691230 -0.548116684 -19.035667419
-0.547727048 0.037521269 0.835815251 75.888908386 0.023211613 0.999290824 -0.029648939 -1.681577206 -0.836335063 0.003161099 -0.548209488 -19.558233261
-0.547249019 0.034078285 0.836275756 76.684387207 0.021423878 0.999413729 -0.026706623 -1.719840050 -0.836695611 0.003301094 -0.547658265 -20.078384399
-0.546727300 0.029237160 0.836800218 77.482276917 0.019509323 0.999563694 -0.022177488 -1.750971556 -0.837083220 0.004200365 -0.547059298 -20.591766357
-0.545704782 0.022451082 0.837676704 78.280700684 0.016718585 0.999733746 -0.015903147 -1.791788101 -0.837810695 0.005326346 -0.545934856 -21.110441208
-0.545456469 0.016987359 0.837966979 79.083122253 0.007961500 0.999854505 -0.015086796 -1.820664644 -0.838101327 -0.001557716 -0.545512378 -21.607057571
-0.543758094 0.011836750 0.839158535 79.881134033 0.000267046 0.999902904 -0.013931090 -1.845869541 -0.839241982 -0.007351048 -0.543708444 -22.111829758
-0.542024255 0.012291783 0.840272963 80.684471130 0.003597648 0.999917805 -0.012306429 -1.880746603 -0.840355158 -0.003647377 -0.542023897 -22.626636505
-0.538804471 0.015658872 0.842285335 81.474128723 0.007829669 0.999877155 -0.013580062 -1.914113641 -0.842394471 -0.000722183 -0.538860857 -23.137140274
-0.533308625 0.018971587 0.845708013 82.266639709 0.010610348 0.999819875 -0.015737796 -1.944459438 -0.845854223 0.000580153 -0.533413827 -23.640619278
-0.525027573 0.021287695 0.850818992 83.053848267 0.015752807 0.999758959 -0.015293385 -1.973940253 -0.850939393 0.005373344 -0.525236189 -24.143495560
-0.516582727 0.024617095 0.855883360 83.850486755 0.023208631 0.999621928 -0.014743373 -2.010234118 -0.855922699 0.012247708 -0.516958714 -24.636196136
-0.506524205 0.023632711 0.861901760 84.661369324 0.020493580 0.999671876 -0.015366554 -2.036934853 -0.861982048 0.009879921 -0.506842375 -25.112203598
-0.496146798 0.021156164 0.867980838 85.479278564 0.018443028 0.999734342 -0.013825299 -2.064751625 -0.868042648 0.009148816 -0.496405184 -25.564020157
-0.484824449 0.017958492 0.874427140 86.294685364 0.018798931 0.999772310 -0.010109726 -2.093545675 -0.874409616 0.011536852 -0.485051513 -26.006942749
-0.473742992 0.016734499 0.880504131 87.117866516 0.017860582 0.999796391 -0.009392081 -2.121409893 -0.880482018 0.011276883 -0.473945409 -26.443572998
-0.462210536 0.016185664 0.886622488 87.942321777 0.017731044 0.999802232 -0.009008328 -2.138494253 -0.886592925 0.011556998 -0.462406099 -26.860485077
-0.449655443 0.017791769 0.893024862 88.755645752 0.019695986 0.999755979 -0.010000867 -2.161282778 -0.892984927 0.013092063 -0.449896157 -27.275247574
-0.437439919 0.021256628 0.898996353 89.582435608 0.018374778 0.999723136 -0.014697368 -2.191703558 -0.899059892 0.010089643 -0.437709391 -27.676044464
-0.425561607 0.030596830 0.904412031 90.399345398 0.021306755 0.999489963 -0.023787702 -2.220926523 -0.904678583 0.009146952 -0.425996423 -28.059791565
-0.413463891 0.035233084 0.909838498 91.232147217 0.021132829 0.999353349 -0.029095968 -2.254743338 -0.910275221 0.007197332 -0.413940996 -28.429599762
-0.401756704 0.031763554 0.915195405 92.075164795 0.019576728 0.999467790 -0.026094498 -2.293913364 -0.915537179 0.007432895 -0.402164698 -28.792736053
-0.390025347 0.027766727 0.920385361 92.921752930 0.018662507 0.999578297 -0.022247385 -2.340005875 -0.920614958 0.008499655 -0.390379012 -29.147375107
-0.379916012 0.028447436 0.924583435 93.765258789 0.015605099 0.999581873 -0.024342766 -2.379393578 -0.924889326 0.005180011 -0.380201101 -29.493225098
-0.372938812 0.032572851 0.927284002 94.605361938 0.010559323 0.999467909 -0.030861672 -2.422428370 -0.927795887 -0.001718024 -0.373084247 -29.823505402
-0.367724061 0.037618492 0.929173768 95.446914673 0.004639281 0.999243140 -0.038619302 -2.462164164 -0.929923296 -0.009890548 -0.367620289 -30.147319794
-0.364212930 0.039608732 0.930472970 96.278045654 0.001382741 0.999117017 -0.041989554 -2.508555412 -0.931314647 -0.014006536 -0.363946140 -30.461750031
-0.360406429 0.039500311 0.931958675 97.127365112 0.000136430 0.999105155 -0.042293500 -2.561563969 -0.932795346 -0.015115702 -0.360089332 -30.784988403
-0.355506182 0.039548136 0.933836877 97.968185425 -0.000525704 0.999095738 -0.042512000 -2.611484528 -0.934673786 -0.015604202 -0.355163932 -31.098602295
-0.349747181 0.035381012 0.936175764 98.823608398 -0.003359010 0.999232829 -0.039019033 -2.660923481 -0.936838031 -0.016791424 -0.349360079 -31.412899017
-0.344940931 0.031309247 0.938102007 99.668952942 -0.004768292 0.999372184 -0.035107445 -2.709650755 -0.938612282 -0.016583143 -0.344575047 -31.711322784
-0.340175182 0.028139355 0.939941108 100.512702942 -0.008198416 0.999425590 -0.032887258 -2.755350590 -0.940326333 -0.018893452 -0.339749068 -32.001033783
-0.334570915 0.026318898 0.942003012 101.352035522 -0.017123764 0.999275088 -0.034000885 -2.796895266 -0.942215145 -0.027506346 -0.333877653 -32.276710510
-0.328046411 0.026660865 0.944285274 102.200218201 -0.024290342 0.999033093 -0.036645129 -2.838306427 -0.944349170 -0.034958318 -0.327081710 -32.551040649
-0.321277410 0.030763192 0.946485221 103.034934998 -0.022608448 0.998938143 -0.040142313 -2.889419556 -0.946715117 -0.034295395 -0.320240736 -32.821727753
-0.313818187 0.034367785 0.948860884 103.880928040 -0.021211451 0.998841524 -0.043193392 -2.933110714 -0.949246049 -0.033681590 -0.312725693 -33.102954865
-0.307560414 0.032556780 0.950971425 104.733779907 -0.022669647 0.998880088 -0.041528691 -2.981909752 -0.951258481 -0.034330767 -0.306477994 -33.364826202
-0.300681084 0.027625818 0.953324556 105.601119995 -0.022700755 0.999089897 -0.036111899 -3.030420780 -0.953454554 -0.032499351 -0.299780220 -33.626678467
-0.293233454 0.024715098 0.955721378 106.458702087 -0.023502326 0.999177337 -0.033049833 -3.083439827 -0.955751956 -0.032152988 -0.292411357 -33.890666962
-0.287141830 0.028059674 0.957477033 107.323150635 -0.025707658 0.998984993 -0.036985677 -3.125602722 -0.957543075 -0.035234634 -0.286128968 -34.134788513
-0.280481607 0.030978465 0.959359288 108.190513611 -0.024956342 0.998905838 -0.039551768 -3.173585176 -0.959534824 -0.035035640 -0.279401600 -34.384513855
-0.273818493 0.031522114 0.961264610 109.047492981 -0.026877526 0.998821616 -0.040409822 -3.220225334 -0.961405754 -0.036901366 -0.272648484 -34.618431091
-0.267277777 0.030887861 0.963124514 109.913116455 -0.027974233 0.998816192 -0.039795678 -3.267529011 -0.963213384 -0.037579168 -0.266097277 -34.845550537
-0.258823872 0.030482125 0.965443373 110.747604370 -0.023785790 0.998997688 -0.037918217 -3.319487333 -0.965631604 -0.032777973 -0.257839441 -35.068237305
-0.251353353 0.032035686 0.967365086 111.597343445 -0.020614343 0.999048233 -0.038441204 -3.360438108 -0.967675865 -0.029603917 -0.250453740 -35.286796570
-0.243854910 0.033504173 0.969232738 112.450935364 -0.018310720 0.999065876 -0.039142337 -3.402276516 -0.969638824 -0.027292402 -0.243013650 -35.504501343
-0.237746701 0.031477172 0.970817029 113.315048218 -0.025004596 0.998945177 -0.038512651 -3.458490849 -0.971005261 -0.033431139 -0.236708879 -35.697017670
-0.232018515 0.030102326 0.972245455 114.178489685 -0.030211585 0.998815775 -0.038134731 -3.496289253 -0.972242057 -0.038221043 -0.230834320 -35.890140533
-0.227121726 0.030433733 0.973390758 115.035896301 -0.027393933 0.998916447 -0.037623651 -3.542914867 -0.973480999 -0.035210144 -0.226041928 -36.089775085
-0.222703949 0.030510714 0.974408567 115.897651672 -0.025340421 0.998991251 -0.037072077 -3.593764782 -0.974556744 -0.032948028 -0.221706137 -36.278617859
-0.218352333 0.032147132 0.975340366 116.756874084 -0.024220811 0.998970866 -0.038348377 -3.638569117 -0.975569367 -0.031996988 -0.217348948 -36.458011627
-0.211718097 0.031469472 0.976823926 117.623519897 -0.017667580 0.999194920 -0.036019474 -3.686010838 -0.977171063 -0.024884092 -0.210991666 -36.661960602
-0.206385672 0.030211750 0.978004217 118.488220215 -0.010537817 0.999396563 -0.033096358 -3.728289366 -0.978413999 -0.017136641 -0.205942795 -36.852352142
-0.201647893 0.029489253 0.979013979 119.359054565 -0.009444465 0.999441624 -0.032049831 -3.768286943 -0.979412496 -0.015709048 -0.201256797 -37.034107208
-0.197510138 0.031205133 0.979804039 120.226211548 -0.011251876 0.999355316 -0.034095969 -3.811860561 -0.980236292 -0.017758936 -0.197031692 -37.201095581
-0.193986416 0.032706756 0.980458856 121.082778931 -0.012759517 0.999275386 -0.035858963 -3.858070374 -0.980921149 -0.019466331 -0.193428516 -37.367439270
-0.192437693 0.032402948 0.980773985 121.948730469 -0.014979188 0.999241233 -0.035952136 -3.904367208 -0.981194854 -0.021609742 -0.191806287 -37.528907776
-0.191280738 0.031186404 0.981039941 122.814895630 -0.015519550 0.999274075 -0.034792017 -3.947878122 -0.981412768 -0.021880336 -0.190657914 -37.693004608
-0.190413475 0.026505576 0.981346071 123.675468445 -0.014420612 0.999452055 -0.029792681 -3.989768982 -0.981598079 -0.019824540 -0.189926952 -37.853839874
-0.189105526 0.021281062 0.981726170 124.534469604 -0.015274357 0.999580443 -0.024610320 -4.033006668 -0.981837988 -0.019649183 -0.188701138 -38.018009186
-0.188048124 0.019298064 0.981970191 125.390510559 -0.014868697 0.999636352 -0.022492617 -4.072460651 -0.982047260 -0.018830314 -0.187692821 -38.178894043
-0.186654881 0.024069766 0.982130647 126.229957581 -0.015126874 0.999510884 -0.027370585 -4.109413147 -0.982309103 -0.019965420 -0.186199456 -38.337371826
-0.186880097 0.027800640 0.981989384 127.071601868 -0.015096456 0.999400198 -0.031166522 -4.147436619 -0.982266724 -0.020648960 -0.186348304 -38.491371155
-0.186972454 0.026797703 0.981999516 127.918312073 -0.018818937 0.999346733 -0.030854205 -4.184392452 -0.982184887 -0.024249077 -0.186345980 -38.643215179
-0.186721414 0.025697108 0.982076764 128.772689819 -0.020575445 0.999336302 -0.030060710 -4.230550766 -0.982197404 -0.025819644 -0.186068714 -38.795734406
-0.186001390 0.026706444 0.982186437 129.611663818 -0.016110057 0.999413252 -0.030225702 -4.271803856 -0.982417405 -0.021445103 -0.185462013 -38.954235077
-0.185090840 0.029173492 0.982288420 130.446395874 -0.017713616 0.999297738 -0.033016406 -4.309668064 -0.982561886 -0.023510911 -0.184444115 -39.108009338
-0.185582623 0.030030524 0.982169628 131.284057617 -0.026520306 0.999015689 -0.035556652 -4.353548527 -0.982270718 -0.032646127 -0.184603482 -39.247417450
-0.185105368 0.031506773 0.982213497 132.119491577 -0.032211676 0.998754323 -0.038107879 -4.398314953 -0.982190609 -0.038692717 -0.183859929 -39.389495850
-0.184770554 0.035344522 0.982145905 132.941009521 -0.029723791 0.998694956 -0.041531999 -4.441550732 -0.982332110 -0.036866993 -0.183478847 -39.539882660
-0.184490263 0.036130223 0.982169986 133.769409180 -0.027917799 0.998728335 -0.041983400 -4.494159698 -0.982437730 -0.035165563 -0.183246955 -39.690994263
-0.182760850 0.037253696 0.982451439 134.587509155 -0.029451206 0.998625875 -0.043345697 -4.540484428 -0.982716203 -0.036856279 -0.181412578 -39.833473206
-0.180765778 0.036223851 0.982858837 135.403518677 -0.020415105 0.998968005 -0.040572278 -4.590614319 -0.983314216 -0.027399248 -0.179839745 -39.987701416
-0.177210450 0.033001687 0.983619452 136.209747314 -0.016043020 0.999208093 -0.036415026 -4.637868881 -0.984042227 -0.022233354 -0.176540673 -40.141895294
-0.175627902 0.027908590 0.984060943 137.023162842 -0.012082812 0.999461591 -0.030501811 -4.684428692 -0.984382451 -0.017247196 -0.175196186 -40.282821655
-0.172030717 0.027474089 0.984708369 137.828018188 -0.010429817 0.999504149 -0.029709009 -4.725546360 -0.985036373 -0.015381189 -0.171658844 -40.420864105
-0.167226493 0.032448694 0.985384405 138.611984253 -0.010416248 0.999344349 -0.034676109 -4.766534805 -0.985863507 -0.016062772 -0.166778848 -40.548706055
-0.160975605 0.035403755 0.986323118 139.393630981 -0.009187620 0.999259293 -0.037367586 -4.810130119 -0.986915588 -0.015077231 -0.160531119 -40.666816711
-0.152622879 0.036458898 0.987611890 140.192871094 -0.009713339 0.999215662 -0.038388349 -4.844065189 -0.988236725 -0.015451945 -0.152149066 -40.786464691
-0.143335462 0.031806059 0.989162862 140.989288330 -0.007150866 0.999424040 -0.033172205 -4.890744686 -0.989648283 -0.011828126 -0.143025443 -40.894763947
-0.131452426 0.030300561 0.990859210 141.773223877 -0.003539347 0.999512076 -0.031034712 -4.932472229 -0.991316199 -0.007586583 -0.131281048 -40.994491577
-0.117357865 0.033100754 0.992537916 142.581634521 0.000355554 0.999445677 -0.033289079 -4.969622612 -0.993089616 -0.003553837 -0.117304578 -41.092445374
-0.102956325 0.034396745 0.994090974 143.375869751 -0.000285526 0.999400973 -0.034610044 -5.007674217 -0.994685829 -0.003847162 -0.102884822 -41.170986176
-0.089467354 0.034432605 0.995394349 144.166061401 0.001127099 0.999405086 -0.034470033 -5.047387600 -0.995989144 -0.001962034 -0.089452930 -41.234214783
-0.075940430 0.035813380 0.996469021 144.953826904 0.001181997 0.999357343 -0.035827108 -5.089875698 -0.997111619 -0.001542902 -0.075933956 -41.289176941
-0.062043667 0.042065963 0.997186482 145.720733643 -0.001620906 0.999105811 -0.042247780 -5.138891697 -0.998072267 -0.004237553 -0.061919995 -41.329990387
-0.050366174 0.050957460 0.997429907 146.500747681 -0.009301251 0.998630285 -0.051488459 -5.198980331 -0.998687506 -0.011870624 -0.049823213 -41.336063385
-0.035808221 0.059768196 0.997569799 147.284805298 -0.012377983 0.998106897 -0.060244687 -5.240550995 -0.999281943 -0.014505156 -0.035000626 -41.362724304
-0.023304464 0.060428824 0.997900426 148.055007935 -0.013578046 0.998060167 -0.060755607 -5.292133808 -0.999636233 -0.014965413 -0.022438755 -41.366199493
-0.010890469 0.056546204 0.998340607 148.836242676 -0.016727820 0.998249769 -0.056723539 -5.349706173 -0.999800682 -0.017317809 -0.009925513 -41.369670868
-0.000462587 0.054357179 0.998521328 149.617538452 -0.020095853 0.998319328 -0.054355487 -5.409019470 -0.999797940 -0.020091286 0.000630544 -41.355514526
0.008043613 0.061341058 0.998084426 150.377899170 -0.024680810 0.997824788 -0.061126199 -5.465031624 -0.999662995 -0.024141857 0.009540065 -41.331527710
0.016280588 0.069941022 0.997418284 151.217971802 -0.027709026 0.997198880 -0.069473334 -5.518262863 -0.999483466 -0.026506426 0.018172981 -41.336494446
0.019100143 0.072119661 0.997213006 151.968307495 -0.029890437 0.996990323 -0.071531050 -5.580930233 -0.999370694 -0.028440874 0.021198345 -41.311351776
0.019049713 0.068030976 0.997501254 152.744186401 -0.032913186 0.997184455 -0.067380764 -5.637087822 -0.999276638 -0.031547356 0.021235188 -41.298023224
0.017171394 0.063524917 0.997832537 153.506805420 -0.033789169 0.997446418 -0.062918864 -5.708117485 -0.999281466 -0.032635514 0.019273996 -41.277999878
0.014363150 0.061254594 0.998018742 154.262863159 -0.032459427 0.997624278 -0.060763236 -5.759963036 -0.999369860 -0.031522367 0.016317319 -41.266925812
0.012145394 0.061438050 0.998036981 155.015350342 -0.030482948 0.997669458 -0.061044469 -5.815952301 -0.999461412 -0.029681699 0.013989902 -41.264366150
0.008491808 0.061570574 0.998066604 155.763015747 -0.028896393 0.997700870 -0.061302144 -5.872965813 -0.999546349 -0.028319964 0.010251451 -41.258396149
0.003285147 0.060157049 0.998183429 156.510406494 -0.030021183 0.997744918 -0.060031816 -5.930214882 -0.999543786 -0.029769434 0.005083723 -41.249557495
-0.001696218 0.060583901 0.998161674 157.253372192 -0.030888185 0.997683644 -0.060607377 -5.980732441 -0.999521554 -0.030934202 0.000179038 -41.247798920
-0.007977158 0.058758821 0.998240352 157.990737915 -0.032253735 0.997737706 -0.058986973 -6.034477234 -0.999447882 -0.032667533 -0.006063918 -41.243000031
-0.014203873 0.055900671 0.998335302 158.729202271 -0.030034708 0.997961640 -0.056307077 -6.093386650 -0.999447942 -0.030784488 -0.012495962 -41.247020721
-0.019617215 0.056066159 0.998234332 159.459594727 -0.031748749 0.997887909 -0.056670636 -6.141113281 -0.999303341 -0.032804407 -0.017795753 -41.253578186
-0.025154650 0.057123940 0.998050153 160.192214966 -0.033339728 0.997762680 -0.057947785 -6.194805622 -0.999127388 -0.034732375 -0.023193873 -41.263751984
-0.029727150 0.059479028 0.997786820 160.912673950 -0.034274653 0.997580290 -0.060487866 -6.250514984 -0.998970389 -0.035996933 -0.027616596 -41.274528503
-0.032530684 0.061656781 0.997567058 161.633468628 -0.033992216 0.997449875 -0.062758014 -6.305932999 -0.998892546 -0.035951085 -0.030351872 -41.290088654
-0.034312893 0.062971085 0.997425318 162.343276978 -0.030989975 0.997466028 -0.064039759 -6.360089302 -0.998930573 -0.033107582 -0.032274481 -41.308856964
-0.033775970 0.061912343 0.997509837 163.056289673 -0.028003542 0.997628927 -0.062867925 -6.411486626 -0.999037027 -0.030057237 -0.031962115 -41.329551697
-0.029801629 0.058141980 0.997863412 163.776000977 -0.025139332 0.997947454 -0.058897682 -6.469768047 -0.999239564 -0.026840869 -0.028278805 -41.348659515
-0.022262014 0.058107655 0.998062074 164.480590820 -0.025298463 0.997956991 -0.058665834 -6.524256706 -0.999431968 -0.026555458 -0.020746507 -41.356357574
-0.010778924 0.058844086 0.998209000 165.177658081 -0.021927873 0.998013020 -0.059069317 -6.579620838 -0.999701381 -0.022525305 -0.009467184 -41.362220764
0.004189711 0.059758693 0.998204052 165.874572754 -0.019908654 0.998019874 -0.059664097 -6.625933647 -0.999793172 -0.019622924 0.005371131 -41.361454010
0.019923734 0.057058193 0.998172045 166.566802979 -0.020559859 0.998182476 -0.056648411 -6.677373409 -0.999590099 -0.019393623 0.021060631 -41.343669891
0.035860449 0.052137487 0.997995853 167.258026123 -0.025673429 0.998356640 -0.051233824 -6.727231026 -0.999026895 -0.023784705 0.037140060 -41.301887512
0.052165013 0.045369543 0.997607350 167.940719604 -0.026787804 0.998671710 -0.044017211 -6.772939205 -0.998279274 -0.024427557 0.053311069 -41.255886078
0.069171481 0.038079042 0.996877789 168.615982056 -0.027159628 0.998972714 -0.036274500 -6.811329365 -0.997234941 -0.024565669 0.070134625 -41.200233459
0.086708263 0.030642014 0.995762408 169.290725708 -0.027669089 0.999215364 -0.028338917 -6.847275257 -0.995849431 -0.025094619 0.087488048 -41.131977081
0.103672326 0.024725443 0.994304121 169.956283569 -0.028951889 0.999342382 -0.021832025 -6.879652977 -0.994190037 -0.026523611 0.104319997 -41.047698975
0.121655241 0.022228684 0.992323458 170.604690552 -0.030042594 0.999373615 -0.018703494 -6.911059380 -0.992117584 -0.027536595 0.122246869 -40.957984924
0.139907718 0.020754861 0.989947021 171.249679565 -0.028317040 0.999455154 -0.016952204 -6.934583187 -0.989759564 -0.025660623 0.140419260 -40.863655090
0.157227755 0.020249881 0.987354875 171.887420654 -0.029119028 0.999450088 -0.015860995 -6.954391479 -0.987132967 -0.026257021 0.157730967 -40.750465393
0.173445076 0.019507775 0.984650254 172.525970459 -0.033890527 0.999329865 -0.013828826 -6.970984459 -0.984260261 -0.030971780 0.173989952 -40.624954224
0.188108414 0.015671199 0.982023239 173.155899048 -0.035918232 0.999313593 -0.009066913 -6.992622852 -0.981491268 -0.033566974 0.188542217 -40.494132996
0.200315937 0.011534440 0.979663432 173.786972046 -0.032660849 0.999453545 -0.005089147 -7.009644032 -0.979186952 -0.030977199 0.200583205 -40.363651276
0.211576805 0.010320928 0.977306783 174.417129517 -0.030250812 0.999534309 -0.004006675 -7.025547028 -0.976893127 -0.028716605 0.211790547 -40.232078552
0.221324772 0.013978680 0.975099981 175.032302856 -0.034147646 0.999395192 -0.006576254 -7.044725895 -0.974602044 -0.031841885 0.221668229 -40.079860687
0.230465725 0.021439681 0.972844243 175.639617920 -0.038431596 0.999177754 -0.012915621 -7.061528206 -0.972321153 -0.034411352 0.231100172 -39.923683167
0.239666998 0.030829839 0.970365524 176.234481812 -0.037651844 0.999038756 -0.022441342 -7.082563400 -0.970124781 -0.031157594 0.240597457 -39.769996643
0.248240337 0.036439233 0.968012869 176.829162598 -0.032518420 0.999042511 -0.029268170 -7.100881577 -0.968152523 -0.024212705 0.249187633 -39.625373840
0.254520595 0.034624372 0.966447294 177.436401367 -0.032090057 0.999110818 -0.027343458 -7.118785381 -0.966534793 -0.024053877 0.255405396 -39.458587646
0.260266066 0.027640847 0.965141237 178.044845581 -0.034531500 0.999217153 -0.019304769 -7.134415627 -0.964919269 -0.028303409 0.261016816 -39.283054352
0.264355600 0.017161706 0.964272559 178.651123047 -0.038635507 0.999227405 -0.007191887 -7.154680252 -0.963651001 -0.035353936 0.264814407 -39.103546143
0.266061693 0.009417841 0.963909924 179.262069702 -0.039125022 0.999233782 0.001036448 -7.173232079 -0.963161588 -0.037988752 0.266226232 -38.920684814
0.267502785 0.008598773 0.963518739 179.862197876 -0.035894983 0.999355018 0.001046975 -7.187814713 -0.962888181 -0.034865551 0.267638862 -38.761203766
0.268589526 0.010477782 0.963197708 180.466064453 -0.032066114 0.999483883 -0.001930810 -7.197560787 -0.962720752 -0.030367417 0.268786907 -38.595970154
0.270443261 0.010309652 0.962680697 181.070739746 -0.029132703 0.999572396 -0.002520567 -7.202178955 -0.962295175 -0.027363822 0.270628005 -38.434631348
0.272322625 0.008075884 0.962172091 181.682540894 -0.031303126 0.999509752 0.000470420 -7.207575321 -0.961696684 -0.030247102 0.272442013 -38.255725861
0.274895191 0.004744033 0.961462498 182.299407959 -0.031631332 0.999491155 0.004112156 -7.213378429 -0.960953712 -0.031542752 0.274905443 -38.069236755
0.277279526 -0.000231931 0.960789263 182.907546997 -0.031083625 0.999474347 0.009211864 -7.220568180 -0.960286498 -0.032419067 0.277126521 -37.879402161
0.281990200 -0.002678958 0.959413409 183.534027100 -0.029908482 0.999485493 0.011581530 -7.221138954 -0.958950996 -0.031960476 0.281764954 -37.696769714
0.288443685 -0.004838721 0.957484663 184.156463623 -0.028176431 0.999511182 0.013539298 -7.220292568 -0.957082212 -0.030883823 0.288166374 -37.509956360
0.296253771 -0.008202425 0.955073953 184.777603149 -0.026548287 0.999506056 0.016819019 -7.223880291 -0.954740226 -0.030338282 0.295889646 -37.312088013
0.306057870 -0.010074384 0.951959610 185.391113281 -0.023942502 0.999546289 0.018275570 -7.227100372 -0.951711714 -0.028385675 0.305677772 -37.115867615
0.317181438 -0.008191320 0.948329508 186.007202148 -0.025309725 0.999533415 0.017098775 -7.230177879 -0.948027015 -0.029425375 0.316826075 -36.902439117
0.328806072 -0.004520636 0.944386542 186.626495361 -0.026536331 0.999549389 0.014023819 -7.230557442 -0.944024563 -0.029671671 0.328538030 -36.674747467
0.340286911 -0.001163600 0.940320909 187.253067017 -0.027581917 0.999556601 0.011218353 -7.226395607 -0.939917028 -0.029753307 0.340104014 -36.437862396
0.352082849 -0.001329385 0.935967922 187.879150391 -0.025939405 0.999601007 0.011177383 -7.227209568 -0.935609341 -0.028213816 0.351907879 -36.195957184
0.363375783 -0.004209321 0.931633055 188.512069702 -0.025169404 0.999580443 0.014333438 -7.225837708 -0.931302607 -0.028657077 0.363117367 -35.944721222
0.374453098 -0.005939238 0.927226841 189.144454956 -0.026028847 0.999518096 0.016913831 -7.227987289 -0.926880479 -0.030468082 0.374118060 -35.674907684
