1.000000000 0.000000000 0.000000000 0.000000000 0.000000000 1.000000000 0.000000000 0.000000000 0.000000000 0.000000000 1.000000000 0.000000000
0.999999523 0.000960939 -0.000081497 0.010806443 -0.000961025 0.999998987 -0.001059430 0.008046277 0.000080479 0.001059508 0.999999464 0.421896309
0.999986112 0.000859641 -0.005204692 0.177040786 -0.000875338 0.999995053 -0.003014494 -0.009999637 0.005202075 0.003019008 0.999981940 1.091419816
0.999957561 0.000100395 -0.009213269 0.316513091 -0.000149519 0.999985754 -0.005331359 -0.027471893 0.009212603 0.005332510 0.999943256 1.792129397
0.999948204 0.000053378 -0.010174979 0.353065670 -0.000107354 0.999985874 -0.005304305 -0.040866170 0.010174552 0.005305123 0.999934077 2.176363945
0.999916732 0.001527866 -0.012814258 0.445319504 -0.001558638 0.999995887 -0.002391675 -0.092169717 0.012810553 0.002411448 0.999915063 2.932088614
0.999883831 -0.000059668 -0.015239378 0.523384273 0.000080014 0.999999106 0.001334499 -0.121425927 0.015239281 -0.001335563 0.999882996 3.709522009
0.999881864 -0.000341301 -0.015362988 0.531732976 0.000384844 0.999995947 0.002831394 -0.126748547 0.015361959 -0.002836972 0.999877930 4.150385380
0.999828517 -0.000717308 -0.018505091 0.623157978 0.000807680 0.999987781 0.004876603 -0.144167677 0.018501371 -0.004890713 0.999816895 4.947287083
0.999802768 -0.002384966 -0.019717392 0.659433126 0.002468901 0.999988019 0.004233622 -0.134938031 0.019707058 -0.004281468 0.999796629 5.820646763
0.999796569 -0.002150191 -0.020055711 0.667073905 0.002219636 0.999991536 0.003440975 -0.121516779 0.020048143 -0.003484791 0.999792933 6.256263733
0.999763608 -0.002200398 -0.021630056 0.701232255 0.002262044 0.999993443 0.002825992 -0.106154293 0.021623695 -0.002874252 0.999762058 7.113194942
0.999718726 -0.005054681 -0.023171267 0.734172463 0.005094671 0.999985635 0.001667155 -0.084854640 0.023162505 -0.001784736 0.999730051 7.972499371
0.999786973 -0.002859929 -0.020443922 0.665810943 0.002900983 0.999993801 0.001978730 -0.085299537 0.020438137 -0.002037616 0.999789059 8.504212379
0.999676526 -0.003552583 -0.025183896 0.799825251 0.003600538 0.999991775 0.001859137 -0.081351593 0.025177088 -0.001949212 0.999681115 9.228038788
0.999667823 -0.007295029 -0.024715787 0.796712756 0.007320753 0.999972761 0.000950455 -0.059375871 0.024708182 -0.001131078 0.999694049 10.111396790
0.999700010 -0.005789651 -0.023798067 0.768249750 0.005823760 0.999982119 0.001364201 -0.062285960 0.023789749 -0.001502386 0.999715865 10.584268570
0.999663532 -0.007324576 -0.024882708 0.786434412 0.007300009 0.999972701 -0.001077997 -0.035806492 0.024889927 0.000895990 0.999689937 11.447105408
0.999666452 -0.007086645 -0.024834530 0.771255732 0.007046930 0.999973893 -0.001686264 -0.032294203 0.024845826 0.001510694 0.999690294 12.328954697
0.999707997 -0.005051141 -0.023627739 0.747050643 0.005032344 0.999986887 -0.000854965 -0.033995666 0.023631746 0.000735812 0.999720395 12.789964676
0.999689817 -0.003398098 -0.024672497 0.753265738 0.003409818 0.999994099 0.000432974 -0.025847325 0.024670880 -0.000516968 0.999695480 13.612803459
0.999664068 -0.004161384 -0.025581267 0.756298006 0.004222927 0.999988258 0.002352197 -0.023927722 0.025571188 -0.002459435 0.999669969 14.468070984
0.999663651 -0.003280912 -0.025724867 0.751242161 0.003359277 0.999989808 0.003003671 -0.018399615 0.025714753 -0.003089077 0.999664485 14.892852783
0.999643326 -0.001940438 -0.026632279 0.750914216 0.001994973 0.999995887 0.002021304 -0.013040502 0.026628252 -0.002073714 0.999643266 15.739715576
0.999638021 -0.003545021 -0.026672844 0.741626322 0.003529069 0.999993503 -0.000645092 -0.012617772 0.026674964 0.000550728 0.999643922 16.583257675
0.999627948 -0.004158188 -0.026956351 0.738836408 0.004092034 0.999988437 -0.002508817 -0.010488737 0.026966469 0.002397577 0.999633491 17.007991791
0.999617040 -0.005156593 -0.027192594 0.737815022 0.005062526 0.999980927 -0.003527042 -0.004120670 0.027210267 0.003388027 0.999623954 17.845746994
0.999610722 -0.005778182 -0.027294494 0.733183503 0.005703346 0.999979854 -0.002818858 -0.000729822 0.027310226 0.002662091 0.999623477 18.690935135
0.999613404 -0.005889569 -0.027172819 0.729257405 0.005831104 0.999980450 -0.002230361 -0.001324955 0.027185425 0.002071050 0.999628246 19.106264114
0.999620736 -0.007530101 -0.026489424 0.725787282 0.007472961 0.999969542 -0.002255413 0.004475899 0.026505599 0.002056603 0.999646485 19.951871872
0.999627233 -0.009616547 -0.025552643 0.722227991 0.009571796 0.999952435 -0.001873055 0.007061310 0.025569441 0.001627772 0.999671698 20.789358139
0.999621570 -0.011396401 -0.025037779 0.722760320 0.011369815 0.999934554 -0.001203992 0.005675461 0.025049862 0.000918861 0.999685764 21.201099396
0.999622583 -0.012517467 -0.024453068 0.722105622 0.012490029 0.999921203 -0.001274538 0.010163361 0.024467096 0.000968638 0.999700189 22.025669098
0.999640226 -0.011675847 -0.024147488 0.715200841 0.011652531 0.999931455 -0.001106088 0.016237956 0.024158750 0.000824310 0.999707818 22.846860886
0.999630570 -0.012039145 -0.024367802 0.715371907 0.012035169 0.999927521 -0.000309844 0.018638905 0.024369765 0.000016459 0.999702990 23.269098282
0.999630392 -0.012191924 -0.024298752 0.707227349 0.012232549 0.999924004 0.001523941 0.025767516 0.024278330 -0.001820613 0.999703586 24.087091446
0.999633491 -0.011101834 -0.024690870 0.700702608 0.011184603 0.999932289 0.003216686 0.035246942 0.024653487 -0.003491665 0.999689937 24.901458740
0.999643862 -0.009583519 -0.024906358 0.697092414 0.009673371 0.999947131 0.003489622 0.036505349 0.024871599 -0.003729308 0.999683678 25.299051285
0.999665439 -0.007490077 -0.024753559 0.687871814 0.007614872 0.999958694 0.004951078 0.042161793 0.024715457 -0.005137918 0.999681294 26.092517853
0.999661565 -0.008238135 -0.024672061 0.680529714 0.008340916 0.999956906 0.004065839 0.048679419 0.024637507 -0.004270251 0.999687314 26.880441666
0.999642372 -0.009082895 -0.025149031 0.680494666 0.009163540 0.999953210 0.003093272 0.048717722 0.025119761 -0.003322619 0.999678910 27.259687424
0.999621093 -0.009439080 -0.025856720 0.674402893 0.009429261 0.999955475 -0.000501747 0.057181090 0.025860308 0.000257748 0.999665558 28.047986984
0.999587476 -0.012048840 -0.026070390 0.681977510 0.011965159 0.999922752 -0.003363344 0.046861507 0.026108900 0.003050021 0.999654472 28.820945740
0.999608517 -0.010854724 -0.025787136 0.667011440 0.010772910 0.999936521 -0.003309539 0.053150237 0.025821419 0.003030441 0.999662042 29.239692688
0.999557793 -0.012299656 -0.027070809 0.664210320 0.012263991 0.999923766 -0.001483120 0.066721499 0.027086984 0.001150468 0.999632418 30.023382187
0.999496222 -0.015708996 -0.027578635 0.659561455 0.015788117 0.999871850 0.002653556 0.065863043 0.027533416 -0.003087634 0.999616086 30.820877075
0.999470353 -0.017002752 -0.027746156 0.662771404 0.017148511 0.999840319 0.005024022 0.064544782 0.027656302 -0.005497168 0.999602377 31.187995911
0.999446332 -0.017110633 -0.028535154 0.664349079 0.017361321 0.999812663 0.008560722 0.061698511 0.028383330 -0.009051389 0.999556124 31.910602570
0.999430299 -0.017297324 -0.028982071 0.650953293 0.017511094 0.999821126 0.007138404 0.087255076 0.028853411 -0.007641844 0.999554455 32.721427917
0.999408185 -0.017806934 -0.029431492 0.669062257 0.018011397 0.999815345 0.006696499 0.075304136 0.029306818 -0.007222639 0.999544382 33.074924469
0.999451280 -0.016657714 -0.028629791 0.597300172 0.016814506 0.999844849 0.005244436 0.063744307 0.028537992 -0.005722954 0.999576330 33.733337402
0.999376535 -0.017331891 -0.030758711 0.649091005 0.017416032 0.999845266 0.002469701 0.111541413 0.030711154 -0.003003857 0.999523759 34.562324524
0.999387681 -0.017243382 -0.030446209 0.623907924 0.017334523 0.999846041 0.002732088 0.097821489 0.030394413 -0.003258186 0.999532640 34.922676086
0.999442041 -0.014839450 -0.029923907 0.583271027 0.014958010 0.999881089 0.003742060 0.084780671 0.029864822 -0.004187574 0.999545097 35.611228943
0.999542654 -0.015260004 -0.026106941 0.415901482 0.015370939 0.999873638 0.004053823 0.091740869 0.026041782 -0.004453257 0.999650955 36.229202271
0.999616623 -0.015363070 -0.023033515 0.269973636 0.015451658 0.999873877 0.003673054 0.103934035 0.022974178 -0.004027551 0.999727905 36.510414124
0.999597907 -0.014784169 -0.024197098 0.318284631 0.014840953 0.999887586 0.002168845 0.161792338 0.024162309 -0.002527081 0.999704838 36.955814362
0.999559581 -0.015059409 -0.025571618 0.347555280 0.015162492 0.999877632 0.003842025 0.096089922 0.025510633 -0.004228063 0.999665558 37.349102020
0.999552369 -0.015653394 -0.025493028 0.344244421 0.015751781 0.999869227 0.003663207 0.095675364 0.025432354 -0.004063128 0.999668300 37.599613190
0.999584556 -0.013640490 -0.025387965 0.331262827 0.013751312 0.999896586 0.004195643 0.108957186 0.025328111 -0.004543018 0.999668896 38.105716705
0.999577165 -0.012689202 -0.026159506 0.341526270 0.012833788 0.999903262 0.005366674 0.098464206 0.026088877 -0.005700130 0.999643326 38.577556610
0.999584615 -0.012199805 -0.026108813 0.328180909 0.012356161 0.999906659 0.005835818 0.107958652 0.026035177 -0.006155998 0.999642074 38.859901428
0.999577045 -0.011180756 -0.026842916 0.331670642 0.011355789 0.999915183 0.006377173 0.106950879 0.026769336 -0.006679298 0.999619305 39.329277039
0.999570727 -0.010540353 -0.027333234 0.312565446 0.010681038 0.999930441 0.005006173 0.116056271 0.027278563 -0.005295971 0.999613822 39.805191040
0.999563396 -0.010028928 -0.027789867 0.323972940 0.010158836 0.999938190 0.004537377 0.111757070 0.027742637 -0.004817709 0.999603450 40.057750702
0.999585748 -0.010040292 -0.026972439 0.303356647 0.010139954 0.999942243 0.003560772 0.117051028 0.026935128 -0.003832796 0.999629796 40.514533997
0.999577641 -0.009849845 -0.027340980 0.295955181 0.009959430 0.999942899 0.003874882 0.122603387 0.027301250 -0.004145546 0.999618590 40.995010376
0.999567211 -0.009655355 -0.027788715 0.293691993 0.009797502 0.999939561 0.004983696 0.120195650 0.027738914 -0.005253798 0.999601364 41.249111176
0.999585569 -0.008475575 -0.027510673 0.274421334 0.008641383 0.999945164 0.005913782 0.132056922 0.027459042 -0.006149061 0.999604106 41.694774628
0.999591112 -0.007721691 -0.027531266 0.271632314 0.007902226 0.999947906 0.006454719 0.148161203 0.027479995 -0.006669638 0.999600172 42.182918549
0.999573529 -0.008201026 -0.028024897 0.262059569 0.008425473 0.999933302 0.007900188 0.145017013 0.027958233 -0.008132941 0.999576151 42.403491974
0.999581456 -0.007935310 -0.027820868 0.258460164 0.008193506 0.999924242 0.009178941 0.145627320 0.027745925 -0.009403049 0.999570787 42.877765656
0.999610722 -0.006836045 -0.027050115 0.241338253 0.007095446 0.999929667 0.009505305 0.156651616 0.026983237 -0.009693537 0.999588847 43.337505341
0.999616683 -0.004888284 -0.027251109 0.240154624 0.005148438 0.999941766 0.009484597 0.159175873 0.027203158 -0.009621263 0.999583542 43.564296722
0.999648035 -0.004520126 -0.026146883 0.227484107 0.004767887 0.999944270 0.009421166 0.165185690 0.026102845 -0.009542516 0.999613702 44.016933441
0.999665380 -0.005750294 -0.025219455 0.224616170 0.005971951 0.999944091 0.008722632 0.167437360 0.025167886 -0.008870321 0.999643862 44.458019257
0.999673367 -0.006770047 -0.024644392 0.219340563 0.006975080 0.999941707 0.008243253 0.173456073 0.024587145 -0.008412459 0.999662220 44.681705475
0.999703109 -0.006876072 -0.023375060 0.215692878 0.007057720 0.999945462 0.007697442 0.180269793 0.023320859 -0.007860131 0.999697089 45.131092072
0.999731421 -0.005129910 -0.022599360 0.214072347 0.005284140 0.999963105 0.006770127 0.185443819 0.022563800 -0.006887728 0.999721706 45.571922302
0.999744117 -0.005437584 -0.021958753 0.207547784 0.005575574 0.999965072 0.006227668 0.186542124 0.021924123 -0.006348506 0.999739468 45.774887085
0.999762654 -0.007131774 -0.020587601 0.201054871 0.007247144 0.999958396 0.005534663 0.190242201 0.020547271 -0.005682549 0.999772787 46.223628998
0.999734402 -0.009978054 -0.020773904 0.208146632 0.010073771 0.999939084 0.004507992 0.194367468 0.020727657 -0.004716067 0.999774039 46.622787476
0.999748111 -0.010140859 -0.020022055 0.202094078 0.010223215 0.999939680 0.004015368 0.199108317 0.019980131 -0.004219047 0.999791443 46.846801758
0.999781847 -0.010037093 -0.018317202 0.195274174 0.010118417 0.999939322 0.004352399 0.200347155 0.018272409 -0.004536791 0.999822736 47.250473022
0.999790668 -0.011046892 -0.017229583 0.194713891 0.011127760 0.999927461 0.004604577 0.202607736 0.017177468 -0.004795340 0.999840975 47.657272339
0.999791324 -0.011561663 -0.016849188 0.194159627 0.011643827 0.999920726 0.004786573 0.201165780 0.016792517 -0.004981764 0.999846518 47.856914520
0.999790609 -0.013494455 -0.015384773 0.193200588 0.013588761 0.999889374 0.006041932 0.206886202 0.015301537 -0.006249727 0.999863386 48.257575989
0.999771059 -0.015940730 -0.014267243 0.195604503 0.016036456 0.999849498 0.006620502 0.210262209 0.014159559 -0.006847783 0.999876320 48.641357422
0.999762475 -0.016978482 -0.013664017 0.194974720 0.017065264 0.999834776 0.006259802 0.213129401 0.013555478 -0.006491494 0.999887049 48.831668854
0.999748409 -0.018121488 -0.013213142 0.196625292 0.018206848 0.999813974 0.006368701 0.216864139 0.013095272 -0.006607670 0.999892414 49.203281403
0.999783278 -0.017638730 -0.011055741 0.185253859 0.017712079 0.999821424 0.006571901 0.220314115 0.010937849 -0.006766297 0.999917209 49.580806732
0.999799192 -0.016852546 -0.010840682 0.187948406 0.016918581 0.999838531 0.006028376 0.220777050 0.010737339 -0.006210573 0.999923050 49.747814178
0.999817014 -0.015574914 -0.011101926 0.191420972 0.015625268 0.999867737 0.004463117 0.226579741 0.011030945 -0.004635770 0.999928355 50.090286255
0.999768555 -0.018582564 -0.010840533 0.195901752 0.018641535 0.999811828 0.005364460 0.226619259 0.010738809 -0.005565303 0.999926865 50.445842743
0.999762654 -0.019580461 -0.009555137 0.169797868 0.019635813 0.999790788 0.005733640 0.232205749 0.009440871 -0.005919902 0.999937952 50.645011902
0.999720693 -0.021307170 -0.010225760 0.200324714 0.021367110 0.999754906 0.005788777 0.232612252 0.010099911 -0.006005654 0.999930978 50.947597504
0.999733090 -0.021387422 -0.008730323 0.196350604 0.021435663 0.999755323 0.005470352 0.241149276 0.008611189 -0.005656032 0.999946952 51.293731689
0.999763668 -0.019809855 -0.008955317 0.198922694 0.019863097 0.999785304 0.005896001 0.240113750 0.008836595 -0.006072487 0.999942541 51.446773529
0.999813259 -0.017185746 -0.008839624 0.200440913 0.017240833 0.999832153 0.006193460 0.228879645 0.008731702 -0.006344707 0.999941826 51.703872681
0.999816537 -0.017083393 -0.008670516 0.197564483 0.017121907 0.999843776 0.004387300 0.234327316 0.008594213 -0.004534950 0.999952912 52.006561279
0.999810576 -0.017194835 -0.009117825 0.197193831 0.017229553 0.999844491 0.003743141 0.244527638 0.009052046 -0.003899529 0.999951422 52.197055817
0.999792576 -0.018239198 -0.009078851 0.201056302 0.018283900 0.999821007 0.004865353 0.248419121 0.008988487 -0.005030338 0.999946952 52.494712830
0.999785006 -0.018748088 -0.008856972 0.201289892 0.018792946 0.999810874 0.005008810 0.251144916 0.008761391 -0.005174182 0.999948204 52.777778625
0.999786794 -0.018699642 -0.008760286 0.201769352 0.018743845 0.999811888 0.004991163 0.251963973 0.008665306 -0.005154301 0.999949157 52.918087006
0.999797642 -0.018164702 -0.008645693 0.202651531 0.018203927 0.999824226 0.004479892 0.254431963 0.008562798 -0.004636370 0.999952614 53.198272705
0.999817848 -0.017184203 -0.008296138 0.201687068 0.017233489 0.999834001 0.005906339 0.254716069 0.008193265 -0.006048236 0.999948144 53.463882446
0.999819696 -0.017023878 -0.008412748 0.203372478 0.017081313 0.999830902 0.006803306 0.254911065 0.008295507 -0.006945781 0.999941468 53.599163055
0.999812543 -0.017577609 -0.008111676 0.204529792 0.017633246 0.999821126 0.006839490 0.259331822 0.007990004 -0.006981244 0.999943733 53.861320496
0.999798357 -0.018442947 -0.007959907 0.207555532 0.018500865 0.999802589 0.007264962 0.261778265 0.007824348 -0.007410762 0.999941885 54.112911224
0.999805868 -0.018168373 -0.007617806 0.206305444 0.018227218 0.999804139 0.007727727 0.264208049 0.007475912 -0.007865080 0.999941111 54.242019653
0.999826849 -0.017144822 -0.007237844 0.206611216 0.017211504 0.999809027 0.009253519 0.267041147 0.007077812 -0.009376488 0.999930978 54.480972290
0.999862015 -0.015107423 -0.006904119 0.204407066 0.015187493 0.999816358 0.011696011 0.272905588 0.006726154 -0.011799257 0.999907792 54.728229523
0.999870420 -0.014785746 -0.006367048 0.201156884 0.014864623 0.999811053 0.012524407 0.272432983 0.006180663 -0.012617431 0.999901295 54.844406128
0.999865055 -0.015111447 -0.006439746 0.202322841 0.015193852 0.999800742 0.012945729 0.274031162 0.006242835 -0.013041832 0.999895394 55.070606232
0.999833465 -0.017260140 -0.005931277 0.204996586 0.017339099 0.999758124 0.013529069 0.275892258 0.005696329 -0.013629658 0.999890804 55.293563843
0.999830067 -0.017763266 -0.004913499 0.205183417 0.017832143 0.999737978 0.014348729 0.277070880 0.004657331 -0.014433909 0.999884963 55.603099823
0.999844134 -0.017203029 -0.004005830 0.207866937 0.017257340 0.999753892 0.013941386 0.285850286 0.003765010 -0.014008339 0.999894798 55.822593689
0.999850631 -0.016750615 -0.004261534 0.216053396 0.016804092 0.999776363 0.012838836 0.295260012 0.004045523 -0.012908527 0.999908507 55.939445496
0.999843955 -0.017217372 -0.003949161 0.229562894 0.017258272 0.999795318 0.010567925 0.306863815 0.003766400 -0.010634433 0.999936342 56.164524078
0.999841571 -0.017501516 -0.003250790 0.238219097 0.017527154 0.999814212 0.008032403 0.324139535 0.003109608 -0.008088109 0.999962389 56.368438721
0.999824464 -0.018396322 -0.003553123 0.250655591 0.018422646 0.999801993 0.007523557 0.328712910 0.003414014 -0.007587695 0.999965370 56.473373413
0.999787092 -0.020307172 -0.003634873 0.273034632 0.020333024 0.999767184 0.007222069 0.339113712 0.003487366 -0.007294442 0.999967277 56.677074432
0.999790907 -0.019970883 -0.004382613 0.286717415 0.020006044 0.999766767 0.008131962 0.345604956 0.004219188 -0.008217941 0.999957323 56.851737976
0.999780834 -0.020401200 -0.004680329 0.300696433 0.020439200 0.999757171 0.008222487 0.352432609 0.004511444 -0.008316346 0.999955237 56.947914124
0.999777019 -0.020381805 -0.005513305 0.322821409 0.020431101 0.999750257 0.009037163 0.355335385 0.005327734 -0.009147790 0.999943912 57.126956940
0.999773145 -0.020762047 -0.004749196 0.317901552 0.020806158 0.999738932 0.009434099 0.357228518 0.004552085 -0.009530771 0.999944210 57.280624390
0.999782741 -0.020273147 -0.004832203 0.325891495 0.020318765 0.999747574 0.009586491 0.359815866 0.004636634 -0.009682593 0.999942362 57.358852386
0.999807239 -0.019005870 -0.004922466 0.338032901 0.019053189 0.999770880 0.009750164 0.361750811 0.004736029 -0.009842073 0.999940336 57.496257782
0.999809146 -0.018727956 -0.005554271 0.344088256 0.018778704 0.999781132 0.009229403 0.364398658 0.005380208 -0.009331947 0.999941885 57.636123657
0.999795377 -0.019473366 -0.005478580 0.345819384 0.019522762 0.999767840 0.009110766 0.364100814 0.005299891 -0.009215858 0.999943495 57.699581146
0.999756634 -0.021503111 -0.004945928 0.354120076 0.021546550 0.999728143 0.008903482 0.368113011 0.004753130 -0.009007882 0.999948204 57.820053101
0.999699891 -0.023993773 -0.004948836 0.372335106 0.024036827 0.999671996 0.008832041 0.371936023 0.004735299 -0.008948345 0.999948800 57.933002472
0.999684930 -0.024666307 -0.004652101 0.365247309 0.024707420 0.999654293 0.008995754 0.370556682 0.004428600 -0.009107862 0.999948800 57.983211517
0.999673784 -0.024938129 -0.005518266 0.387018323 0.024986604 0.999648213 0.008896726 0.374422610 0.005294457 -0.009031706 0.999945283 58.076782227
0.999678731 -0.024902243 -0.004715994 0.372479111 0.024945455 0.999645233 0.009337551 0.369488716 0.004481794 -0.009452194 0.999945283 58.163295746
0.999664307 -0.025494900 -0.004596168 0.373464525 0.025536781 0.999630690 0.009297336 0.373638541 0.004357435 -0.009411588 0.999946237 58.205978394
0.999627650 -0.026862891 -0.004794769 0.379783124 0.026908789 0.999590099 0.009780129 0.373850912 0.004530081 -0.009905511 0.999940634 58.283828735
0.999601126 -0.027889889 -0.004453206 0.380682021 0.027934009 0.999558032 0.010175060 0.371195495 0.004167456 -0.010295399 0.999938250 58.327774048
0.999592364 -0.028271439 -0.003997137 0.376583844 0.028312163 0.999543726 0.010530303 0.370576978 0.003697606 -0.010639179 0.999936521 58.355800629
0.999577224 -0.028791683 -0.004059031 0.382121086 0.028832980 0.999529064 0.010514839 0.370633006 0.003754379 -0.010627427 0.999936461 58.403923035
0.999585271 -0.028501129 -0.004140398 0.382944673 0.028544268 0.999534607 0.010764261 0.366689354 0.003831676 -0.010877982 0.999933481 58.431053162
0.999576032 -0.028824998 -0.004107455 0.382244796 0.028866636 0.999528527 0.010468128 0.371176958 0.003803774 -0.010582260 0.999936759 58.445163727
0.999583721 -0.028524315 -0.004337147 0.386015683 0.028569005 0.999535501 0.010620422 0.370839685 0.004032192 -0.010739909 0.999934137 58.458770752
0.999596179 -0.028130494 -0.004023965 0.385223746 0.028171694 0.999547064 0.010577695 0.368671894 0.003724586 -0.010686787 0.999935865 58.450546265
0.999610662 -0.027634021 -0.003880771 0.379809856 0.027672151 0.999565601 0.010142432 0.370033324 0.003598808 -0.010245873 0.999940991 58.450298309
0.999577284 -0.028757982 -0.004294993 0.384339273 0.028793324 0.999550045 0.008407362 0.368256211 0.004051282 -0.008527475 0.999955475 58.439426422
0.999586046 -0.028442575 -0.004344451 0.385150880 0.028468251 0.999576986 0.005967645 0.367470890 0.004172877 -0.006088854 0.999972761 58.434913635
0.999599099 -0.028038353 -0.003962181 0.381878853 0.028058566 0.999593139 0.005142656 0.368169606 0.003816376 -0.005251768 0.999978960 58.429428101
0.999575436 -0.028831407 -0.004207010 0.385268420 0.028847724 0.999576330 0.003870563 0.375520885 0.004093634 -0.003990283 0.999983668 58.418735504
0.999574244 -0.028871866 -0.004210496 0.385115087 0.028890185 0.999573112 0.004356804 0.375600934 0.004082909 -0.004476591 0.999981642 58.419395447
0.999580741 -0.028642356 -0.004242180 0.385017484 0.028660815 0.999579728 0.004356225 0.375197738 0.004115624 -0.004475983 0.999981523 58.421360016
0.999572515 -0.028934002 -0.004189803 0.385008335 0.028950697 0.999572873 0.003980159 0.375141174 0.004072852 -0.004099755 0.999983311 58.420074463
0.999570847 -0.029003071 -0.004123133 0.385345280 0.029018961 0.999571621 0.003848681 0.374371469 0.004009741 -0.003966680 0.999984086 58.426734924
0.999577105 -0.028789537 -0.004094278 0.384514183 0.028806334 0.999576628 0.004103568 0.372975051 0.003974406 -0.004219774 0.999983251 58.435977936
0.999577701 -0.028873598 -0.003305297 0.364689827 0.028886184 0.999575436 0.003825730 0.372487366 0.003193431 -0.003919592 0.999987245 58.434890747
0.999572158 -0.029031197 -0.003600567 0.367833734 0.029045811 0.999569833 0.004075227 0.368531555 0.003480709 -0.004178065 0.999985218 58.449520111
0.999571323 -0.029028563 -0.003838165 0.369985044 0.029043512 0.999570549 0.003898413 0.369688869 0.003723351 -0.004008216 0.999985039 58.454784393
0.999580860 -0.028731111 -0.003585580 0.370209873 0.028744247 0.999580145 0.003666776 0.370344579 0.003478724 -0.003768304 0.999986827 58.468296051
0.999591887 -0.028362691 -0.003430967 0.368441224 0.028374188 0.999591827 0.003350422 0.370745540 0.003334538 -0.003446406 0.999988496 58.485908508
0.999602497 -0.027970951 -0.003533443 0.380280644 0.027982702 0.999602973 0.003321819 0.373054475 0.003439124 -0.003419374 0.999988198 58.502227783
0.999604523 -0.027858200 -0.003838269 0.386087298 0.027867470 0.999608815 0.002383870 0.375077993 0.003770356 -0.002489890 0.999989748 58.523094177
0.999614775 -0.027515043 -0.003637164 0.385915488 0.027521256 0.999619842 0.001670403 0.376237452 0.003589819 -0.001769859 0.999992013 58.552730560
0.999612093 -0.027608369 -0.003704280 0.390574098 0.027613629 0.999617875 0.001374865 0.376254678 0.003664906 -0.001476621 0.999992251 58.564842224
0.999628544 -0.027041063 -0.003425001 0.390003443 0.027044173 0.999634027 0.000866649 0.377343178 0.003400313 -0.000958954 0.999993742 58.601291656
0.999632776 -0.026907612 -0.003222973 0.392023027 0.026908707 0.999637961 0.000298269 0.379807234 0.003213781 -0.000384886 0.999994755 58.647464752
0.999636471 -0.026780002 -0.003155513 0.393654227 0.026780643 0.999641418 0.000162639 0.378595054 0.003150026 -0.000247088 0.999995053 58.672851562
0.999643862 -0.026521912 -0.002954225 0.395571500 0.026521716 0.999648213 -0.000105668 0.376997620 0.002955989 0.000027280 0.999995649 58.728092194
0.999643743 -0.026594786 -0.002310690 0.394859433 0.026594102 0.999646366 -0.000324973 0.379428059 0.002318515 0.000263406 0.999997199 58.795989990
0.999644697 -0.026563380 -0.002203199 0.401655197 0.026562400 0.999647021 -0.000471316 0.380440176 0.002214942 0.000412626 0.999997437 58.821990967
0.999639809 -0.026818182 -0.001059005 0.404410273 0.026817460 0.999640107 -0.000690931 0.380924523 0.001077154 0.000662282 0.999999225 58.894489288
0.999656141 -0.026220348 -0.000209942 0.412018210 0.026220242 0.999656200 -0.000473405 0.378885776 0.000222283 0.000467737 0.999999881 58.973838806
0.999653697 -0.026304163 0.000720446 0.412222356 0.026304755 0.999653637 -0.000825336 0.379921705 -0.000698487 0.000844002 0.999999344 59.028713226
0.999659836 -0.026006900 0.001970132 0.420414418 0.026009647 0.999660671 -0.001383226 0.384283364 -0.001933490 0.001433998 0.999997079 59.116306305
0.999666452 -0.025547385 0.003798327 0.424150348 0.025554344 0.999671698 -0.001794836 0.383507848 -0.003751227 0.001891301 0.999991179 59.222969055
0.999660313 -0.025519304 0.005285734 0.426000446 0.025531933 0.999671280 -0.002336050 0.385300577 -0.005224383 0.002470212 0.999983251 59.274490356
0.999636173 -0.025962973 0.007308574 0.452325374 0.025984379 0.999658287 -0.002849310 0.390629441 -0.007232100 0.003038183 0.999969244 59.392692566
0.999619067 -0.025597796 0.010308783 0.464601576 0.025640890 0.999662995 -0.004070350 0.397190899 -0.010201116 0.004333125 0.999938667 59.512279510
0.999570966 -0.026656248 0.012134879 0.466374248 0.026709646 0.999634087 -0.004260058 0.396909565 -0.012016881 0.004582348 0.999917328 59.574584961
0.999504924 -0.027655354 0.015004179 0.486585945 0.027727393 0.999604881 -0.004614875 0.401881844 -0.014870624 0.005028617 0.999876797 59.707935333
0.999370277 -0.029950988 0.019027155 0.508536458 0.030031657 0.999541044 -0.003968099 0.406483322 -0.018899573 0.004537017 0.999811232 59.854545593
0.999335468 -0.029657738 0.021189744 0.513008773 0.029744152 0.999550343 -0.003774577 0.403461754 -0.021068269 0.004402340 0.999768376 59.941947937
0.999179840 -0.031913575 0.024921618 0.541382074 0.032027677 0.999478161 -0.004192562 0.412618876 -0.024774818 0.004987305 0.999680638 60.087081909
0.998993039 -0.033960704 0.029318729 0.566664219 0.034117587 0.999405980 -0.004867349 0.426856786 -0.029136015 0.005862732 0.999558270 60.256736755
0.998921514 -0.034482259 0.031093227 0.580834508 0.034656756 0.999386311 -0.005090221 0.428536862 -0.030898627 0.006162320 0.999503553 60.347553253
0.998690665 -0.036590904 0.035748627 0.598020077 0.036808800 0.999307454 -0.005456075 0.429546714 -0.035524219 0.006764795 0.999345899 60.520584106
0.998473823 -0.038294222 0.039794620 0.630254388 0.038559072 0.999238968 -0.005908993 0.439285904 -0.039538048 0.007434419 0.999190390 60.720355988
0.998364687 -0.038461782 0.042292312 0.647307992 0.038743135 0.999232054 -0.005853036 0.444483072 -0.042034715 0.007482000 0.999088109 60.825298309
0.998160183 -0.037177004 0.047896709 0.671550512 0.037500396 0.999279380 -0.005870721 0.451599568 -0.047643941 0.007656067 0.998834968 61.023941040
0.998014510 -0.033953063 0.053047970 0.698567390 0.034279160 0.999398649 -0.005249251 0.458889365 -0.052837826 0.007057270 0.998578131 61.239459991
0.997937799 -0.032699253 0.055235412 0.715125084 0.033004552 0.999444425 -0.004623920 0.460564166 -0.055053517 0.006437404 0.998462796 61.344936371
0.997657359 -0.030944360 0.061010472 0.744669914 0.031264663 0.999501884 -0.004302140 0.467707217 -0.060846955 0.006199533 0.998127878 61.569992065
0.997225404 -0.031558640 0.067422807 0.778902531 0.031958405 0.999477386 -0.004858563 0.476988971 -0.067234233 0.006999807 0.997712672 61.799556732
0.996968925 -0.032038793 0.070897669 0.796005964 0.032472581 0.999460161 -0.004974060 0.477681845 -0.070700034 0.007261213 0.997471213 61.916542053
0.996497571 -0.032027613 0.077244572 0.826838255 0.032557994 0.999454081 -0.005616420 0.480329156 -0.077022508 0.008111677 0.996996284 62.142017365
0.995961607 -0.032735344 0.083599374 0.875522137 0.033424512 0.999417841 -0.006857243 0.489894658 -0.083326221 0.009623820 0.996475875 62.398807526
0.995627761 -0.033617746 0.087151974 0.896194458 0.034409828 0.999378800 -0.007601613 0.494344085 -0.086842321 0.010567260 0.996166050 62.534461975
0.995023966 -0.034120012 0.093611456 0.940858841 0.035063885 0.999349177 -0.008456164 0.501992643 -0.093262024 0.011696465 0.995572984 62.808097839
0.994410872 -0.033839796 0.100009710 0.986922741 0.034820728 0.999360919 -0.008078630 0.506815374 -0.099672407 0.011515888 0.994953632 63.083332062
0.994103909 -0.032817516 0.103346020 1.006390095 0.033801630 0.999398410 -0.007785198 0.507607877 -0.103028320 0.011232562 0.994615018 63.220443726
0.993535280 -0.031076593 0.109187230 1.057074547 0.032137040 0.999451697 -0.007965486 0.506367743 -0.108879812 0.011422944 0.993989408 63.507789612
0.992802322 -0.031127736 0.115648568 1.108321667 0.032438561 0.999428868 -0.009469450 0.513223469 -0.115287766 0.013152767 0.993245065 63.829658508
0.992425680 -0.030914037 0.118892953 1.133560658 0.032326546 0.999427617 -0.009969916 0.511532903 -0.118516691 0.013737800 0.992857039 63.986766815
0.991544247 -0.033250831 0.125436828 1.194105148 0.034856170 0.999335885 -0.010624304 0.512656093 -0.125000224 0.014906712 0.992044747 64.307014465
0.990770876 -0.033364829 0.131375834 1.258514881 0.034971934 0.999338806 -0.009944092 0.509018183 -0.130957201 0.014446788 0.991282761 64.639457703
0.990305603 -0.034898657 0.134450465 1.295399666 0.036503665 0.999288559 -0.009490239 0.511107028 -0.134023622 0.014306174 0.990874827 64.817008972
0.989410520 -0.036497250 0.140480489 1.359505177 0.038207065 0.999224722 -0.009492556 0.510683835 -0.140025094 0.014759382 0.990037918 65.158592224
0.988388479 -0.038473949 0.146996558 1.430778503 0.040587060 0.999111056 -0.011401904 0.511669278 -0.146427169 0.017235670 0.989071310 65.511573792
0.987842441 -0.038387053 0.150643885 1.462666512 0.040826634 0.999079943 -0.013133997 0.510449350 -0.150001138 0.019124601 0.988500774 65.702743530
0.986975551 -0.041845713 0.155332625 1.542664528 0.044676121 0.998892188 -0.014773940 0.514168084 -0.154542372 0.021521173 0.987751722 66.074668884
0.986288548 -0.045527197 0.158625752 1.617872238 0.048299387 0.998739421 -0.013663122 0.513868034 -0.157803774 0.021137310 0.987244189 66.447677612
0.985960543 -0.047531113 0.160070583 1.661744118 0.050289951 0.998647034 -0.013226007 0.513456523 -0.159225389 0.021090262 0.987016857 66.647407532
0.985078514 -0.054188844 0.163351864 1.744153976 0.056976907 0.998298168 -0.012427833 0.516275287 -0.162400395 0.021549676 0.986489594 67.043266296
0.984580517 -0.057216618 0.165309951 1.828162193 0.060257122 0.998092532 -0.013432397 0.517720461 -0.164226085 0.023186378 0.986150205 67.443222046
0.984340847 -0.059590541 0.165897906 1.870260239 0.062840462 0.997919738 -0.014405714 0.518673003 -0.164694324 0.024605239 0.986037850 67.631866455
0.984388173 -0.059484165 0.165654540 1.948218346 0.062722050 0.997927368 -0.014379137 0.511786938 -0.164455876 0.024544846 0.986078918 68.045562744
0.984213710 -0.058699585 0.166966259 2.017016411 0.062120691 0.997950792 -0.015336833 0.506344676 -0.165723830 0.025466781 0.985843301 68.467460632
0.984110177 -0.059378128 0.167335942 2.062108040 0.063071415 0.997866929 -0.016838929 0.504329443 -0.165979117 0.027125480 0.985756040 68.673286438
0.983997583 -0.059030544 0.168119341 2.146474838 0.063192770 0.997810543 -0.019511230 0.502140999 -0.166599497 0.029822931 0.985573530 69.102996826
0.983890831 -0.061672781 0.167795315 2.233647346 0.066233672 0.997567773 -0.021716462 0.501454473 -0.166047886 0.032480329 0.985582650 69.536735535
0.983779132 -0.063785098 0.167660743 2.276403427 0.068263993 0.997444510 -0.021081785 0.498829365 -0.165887594 0.032185014 0.985619247 69.758514404
0.983346224 -0.068895727 0.168177098 2.362702370 0.073129550 0.997139454 -0.019104978 0.498126149 -0.166379765 0.031085525 0.985571623 70.202117920
0.983251989 -0.068905503 0.168723091 2.443678856 0.072764702 0.997207761 -0.016790420 0.492964268 -0.167095065 0.028786300 0.985520422 70.653350830
0.983368635 -0.068348892 0.168269381 2.485976219 0.072123647 0.997260511 -0.016416827 0.491652727 -0.166686341 0.028279990 0.985604286 70.888122559
0.983853400 -0.066266879 0.166256413 2.566446304 0.069908246 0.997422874 -0.016139921 0.483083248 -0.164758384 0.027502010 0.985950410 71.346229553
0.984410107 -0.064356752 0.163691714 2.654066086 0.067943901 0.997554183 -0.016404754 0.477220535 -0.162235633 0.027270863 0.986375153 71.811698914
0.984559715 -0.063711569 0.163042456 2.689866066 0.067338966 0.997588456 -0.016813563 0.476351857 -0.161578044 0.027533071 0.986475766 72.040550232
0.985116422 -0.062634252 0.160070390 2.774046898 0.066333242 0.997637510 -0.017865228 0.475887418 -0.158573255 0.028217316 0.986943901 72.517570496
0.985698581 -0.062775150 0.156389281 2.849781990 0.066398226 0.997630000 -0.018046390 0.475222826 -0.154885754 0.028172268 0.987530768 73.007621765
0.985986888 -0.064228162 0.153962836 2.898180962 0.067652158 0.997562408 -0.017098572 0.473271370 -0.152489319 0.027274886 0.987928689 73.234390259
