1.000000000 0.000000000 0.000000000 0.000000000 0.000000000 1.000000000 0.000000000 0.000000000 0.000000000 0.000000000 1.000000000 0.000000000
0.999987185 0.004877051 -0.001365367 -0.028853424 -0.004874248 0.999986053 0.002048313 -0.006046832 0.001375338 -0.002041631 0.999996960 0.268864304
0.999859869 0.015644997 -0.005941488 -0.074481174 -0.015645545 0.999877512 -0.000045574 -0.016946454 0.005940048 0.000138526 0.999982357 0.743826747
0.999957204 0.002259051 -0.008961944 -0.129976511 -0.002319082 0.999974906 -0.006693691 -0.030511335 0.008946599 0.006714188 0.999937415 1.212383747
0.999884844 -0.011087081 -0.010356170 -0.143976256 0.010974203 0.999880433 -0.010893472 -0.042861432 0.010475707 0.010778567 0.999887049 1.458830595
0.999878347 -0.009424175 -0.012424470 -0.213918403 0.009113525 0.999650240 -0.024826746 -0.069787949 0.012654097 0.024710493 0.999614537 1.935345173
0.999899805 0.003030451 -0.013834924 -0.277090967 -0.003497247 0.999421000 -0.033841766 -0.098423541 0.013724359 0.033886760 0.999331415 2.480581284
0.999846935 0.006636374 -0.016187433 -0.311264127 -0.007180471 0.999403179 -0.033789065 -0.116628647 0.015953533 0.033900119 0.999297857 2.751240730
0.999778807 0.000531329 -0.021023236 -0.396473974 -0.001214108 0.999471664 -0.032477930 -0.129544556 0.020994872 0.032496270 0.999251306 3.272696495
0.999710143 -0.003358208 -0.023838615 -0.452508777 0.002760217 0.999681771 -0.025073761 -0.153060749 0.023915231 0.025000691 0.999401331 3.791605234
0.999713957 -0.002948054 -0.023735667 -0.478395760 0.002448804 0.999775767 -0.021035437 -0.155549228 0.023792358 0.020971294 0.999496937 4.082435608
0.999711990 -0.002050745 -0.023908105 -0.574129879 0.001661890 0.999866128 -0.016273122 -0.188862681 0.023938278 0.016228702 0.999581695 4.547301769
0.999671280 0.003881169 -0.025347225 -0.655884326 -0.004299687 0.999854982 -0.016477823 -0.199262738 0.025279600 0.016581390 0.999542892 5.084866524
0.999654651 0.004722636 -0.025848351 -0.711014509 -0.005150444 0.999850392 -0.016509261 -0.213304803 0.025766525 0.016636690 0.999529541 5.352434158
0.999648035 0.005841997 -0.025877893 -0.740876317 -0.006288403 0.999832273 -0.017202787 -0.219241202 0.025773050 0.017359463 0.999517083 5.978521824
0.999623835 0.005100517 -0.026947577 -0.736996412 -0.005582979 0.999824882 -0.017858911 -0.219914049 0.026851770 0.018002644 0.999477327 6.685501575
0.999575377 0.004631197 -0.028766794 -0.723122358 -0.005135994 0.999833643 -0.017498877 -0.225098073 0.028680967 0.017639188 0.999432981 7.047455788
0.999546289 0.002608691 -0.030006535 -0.737922907 -0.003129969 0.999844790 -0.017338311 -0.227330476 0.029956648 0.017424367 0.999399304 7.728850365
0.999498129 0.002053977 -0.031611398 -0.748018086 -0.002642453 0.999823809 -0.018585443 -0.233627751 0.031567648 0.018659649 0.999327362 8.422965050
0.999466479 0.001886973 -0.032607574 -0.750770688 -0.002505757 0.999817371 -0.018946305 -0.239280522 0.032565866 0.019017899 0.999288619 8.762621880
0.999430120 0.002680562 -0.033648368 -0.764653921 -0.003339738 0.999803305 -0.019549245 -0.245875210 0.033589348 0.019650485 0.999242544 9.462386131
0.999388158 0.003066044 -0.034841251 -0.770063519 -0.003747089 0.999802887 -0.019498629 -0.255904198 0.034774598 0.019617252 0.999202609 10.133749008
0.999372184 0.003005453 -0.035299923 -0.782401800 -0.003675961 0.999813795 -0.018945092 -0.255570501 0.035236407 0.019062961 0.999197185 10.500755310
0.999333322 0.003314473 -0.036358785 -0.793275356 -0.003927661 0.999851048 -0.016806480 -0.266142607 0.036297660 0.016938077 0.999197423 11.190426826
0.999319077 0.000899167 -0.036885984 -0.801037788 -0.001518115 0.999858439 -0.016755460 -0.271898031 0.036865700 0.016800048 0.999179006 11.900880814
0.999303341 0.000459724 -0.037317328 -0.808985829 -0.001105674 0.999849796 -0.017290886 -0.275518835 0.037303772 0.017320098 0.999153793 12.247761726
0.999275923 -0.000118566 -0.038047176 -0.818459392 -0.000556997 0.999842346 -0.017744826 -0.285286754 0.038043268 0.017753169 0.999118388 12.945120811
0.999266267 0.000746237 -0.038293943 -0.827160358 -0.001443076 0.999833763 -0.018172663 -0.294052690 0.038274027 0.018214587 0.999101281 13.626000404
0.999262512 0.001465676 -0.038370404 -0.831114411 -0.002159393 0.999834776 -0.018044271 -0.296575934 0.038337618 0.018113820 0.999100566 13.961350441
0.999272048 0.001385409 -0.038124956 -0.848523140 -0.001995376 0.999870539 -0.015965752 -0.300688028 0.038097903 0.016030209 0.999145389 14.642083168
0.999267340 -0.000668207 -0.038266007 -0.851098537 0.000115598 0.999895573 -0.014441640 -0.306341827 0.038271666 0.014426637 0.999163330 15.339555740
0.999264657 -0.001125161 -0.038325433 -0.866167307 0.000596229 0.999904454 -0.013809689 -0.308153719 0.038337305 0.013776685 0.999169827 15.670103073
0.999223471 -0.000785620 -0.039391808 -0.872969031 0.000252973 0.999908507 -0.013524924 -0.303682446 0.039398834 0.013504458 0.999132276 16.399965286
0.999162495 -0.000693538 -0.040912684 -0.884272635 0.000147942 0.999911010 -0.013337156 -0.312851161 0.040918294 0.013319932 0.999073684 17.076395035
0.999123633 -0.000817126 -0.041847583 -0.890621901 0.000257569 0.999910533 -0.013374953 -0.314917654 0.041854762 0.013352453 0.999034464 17.428426743
0.999025047 -0.000661372 -0.044140693 -0.907517076 0.000095631 0.999917865 -0.012817655 -0.315004557 0.044145547 0.012800938 0.998943090 18.129533768
0.998930156 -0.000102250 -0.046244454 -0.922396898 -0.000434334 0.999932706 -0.011592996 -0.317583501 0.046242528 0.011600678 0.998862863 18.834949493
0.998892367 0.000031829 -0.047053412 -0.932059646 -0.000557385 0.999937594 -0.011156269 -0.319981605 0.047050118 0.011170140 0.998830020 19.176807404
0.998796761 -0.000241159 -0.049040347 -0.943340838 -0.000279168 0.999943733 -0.010603058 -0.317939341 0.049040139 0.010603989 0.998740613 19.898363113
0.998716652 -0.000494783 -0.050645854 -0.963491797 0.000012817 0.999954700 -0.009516274 -0.319080830 0.050648276 0.009503411 0.998671353 20.623884201
0.998673975 -0.000412319 -0.051479734 -0.971917987 -0.000073718 0.999955475 -0.009439076 -0.318432033 0.051481329 0.009430356 0.998629391 20.985279083
0.998592615 -0.000153389 -0.053034302 -0.994826317 -0.000386294 0.999948263 -0.010165705 -0.322075486 0.053033113 0.010171886 0.998540938 21.715162277
0.998537123 -0.000764531 -0.054065391 -1.016530156 0.000239755 0.999952793 -0.009712150 -0.324250609 0.054070264 0.009684983 0.998490155 22.443286896
0.998460352 -0.001159070 -0.055460040 -1.010067582 0.000612925 0.999951065 -0.009863540 -0.329148203 0.055468764 0.009814362 0.998412192 22.793001175
0.998387635 -0.001048167 -0.056754097 -1.046437263 0.000401589 0.999934912 -0.011402829 -0.330644399 0.056762356 0.011361651 0.998323083 23.526124954
0.998275638 0.000311018 -0.058699854 -1.066849470 -0.001018457 0.999927223 -0.012022267 -0.336562335 0.058691844 0.012061317 0.998203278 24.275644302
0.998240709 0.000340413 -0.059289910 -1.086906791 -0.001094051 0.999918997 -0.012679075 -0.336597234 0.059280794 0.012721635 0.998160303 24.641536713
0.998166084 0.001306292 -0.060519774 -1.109169483 -0.002106854 0.999911070 -0.013166185 -0.343194693 0.060497191 0.013269546 0.998080194 25.397714615
0.998097360 0.003057814 -0.061581925 -1.130413532 -0.003618450 0.999953032 -0.008994440 -0.352589428 0.061551537 0.009200159 0.998061478 26.123991013
0.998087883 0.004417545 -0.061653912 -1.165464759 -0.004930172 0.999954522 -0.008164945 -0.335741341 0.061615054 0.008453296 0.998064160 26.536626816
0.998024464 0.005851619 -0.062553488 -1.185303688 -0.006189599 0.999967277 -0.005210643 -0.357395351 0.062520944 0.005587530 0.998028040 27.282188416
0.997934699 0.006655587 -0.063889265 -1.205619812 -0.006846271 0.999972820 -0.002766161 -0.359490871 0.063869119 0.003197852 0.997953176 28.035741806
0.997926295 0.005362118 -0.064144388 -1.217390537 -0.005526314 0.999981880 -0.002382658 -0.357228547 0.064130448 0.002732199 0.997937739 28.424318314
0.997918844 0.007199112 -0.064079709 -1.271497369 -0.007295892 0.999972582 -0.001276428 -0.401035756 0.064068757 0.001741291 0.997943938 29.175376892
0.997948647 0.003028891 -0.063947886 -1.321419716 -0.003103968 0.999994636 -0.001074731 -0.388083905 0.063944288 0.001271019 0.997952580 29.977766037
0.997906506 -0.000632457 -0.064669162 -1.321328163 0.000581666 0.999999523 -0.000804218 -0.395603567 0.064669631 0.000764919 0.997906446 30.324018478
0.997938395 -0.005273048 -0.063962393 -1.379851222 0.005246215 0.999985993 -0.000587469 -0.417996585 0.063964613 0.000250698 0.997952163 31.059022903
0.997982681 -0.008019192 -0.062979251 -1.439197540 0.008098831 0.999966681 0.001009342 -0.437908888 0.062969051 -0.001517364 0.998014331 31.846239090
0.998028159 -0.005191805 -0.062552884 -1.470965147 0.005202712 0.999986470 0.000011477 -0.447298110 0.062551983 -0.000336899 0.998041689 32.204254150
0.997906804 -0.001459874 -0.064652354 -1.460832596 0.001093579 0.999983251 -0.005700622 -0.435404509 0.064659581 0.005617987 0.997891545 32.959480286
0.997816563 -0.002116177 -0.066011049 -1.490788221 0.001566326 0.999963641 -0.008380314 -0.451158106 0.066026375 0.008258622 0.997783720 33.704860687
0.997784138 -0.003497846 -0.066441938 -1.508456469 0.002918197 0.999956787 -0.008819196 -0.451792270 0.066469908 0.008605763 0.997751296 34.077651978
0.997762084 -0.001703061 -0.066842519 -1.537214041 0.001385987 0.999987483 -0.004789681 -0.461078584 0.066849858 0.004686317 0.997752070 34.826023102
0.997914135 0.001530163 -0.064537451 -1.613729239 -0.001530288 0.999998808 0.000047490 -0.459427744 0.064537451 0.000051370 0.997915268 35.656024933
0.997848868 0.002984792 -0.065488361 -1.594429731 -0.002862093 0.999994099 0.001967332 -0.467531443 0.065493822 -0.001775666 0.997851372 36.056777954
0.997881770 0.004344306 -0.064909548 -1.654722095 -0.004193470 0.999988258 0.002459863 -0.470723420 0.064919472 -0.002182456 0.997888088 36.892608643
0.997780025 0.002232959 -0.066558629 -1.657715082 -0.002147636 0.999996781 0.001353453 -0.458958238 0.066561446 -0.001207505 0.997781694 37.706745148
0.997763395 0.000768654 -0.066841424 -1.673582315 -0.000708339 0.999999344 0.000926054 -0.458096266 0.066842102 -0.000876636 0.997763157 38.119499207
0.997686386 -0.000778293 -0.067980051 -1.697414875 0.000787977 0.999999702 0.000115644 -0.460343242 0.067979954 -0.000168943 0.997686684 38.933185577
0.997572184 -0.000312739 -0.069639079 -1.727535844 0.000314699 0.999999881 0.000017171 -0.452509761 0.069639072 -0.000039044 0.997572243 39.755142212
0.997561693 -0.001801612 -0.069766611 -1.747994542 0.001859275 0.999997973 0.000761578 -0.446669042 0.069765098 -0.000889436 0.997563064 40.169719696
0.997463465 -0.004923044 -0.071008720 -1.770217299 0.005130343 0.999983132 0.002737262 -0.439002037 0.070994057 -0.003094618 0.997471929 40.980052948
0.997432411 -0.001992401 -0.071586788 -1.831704497 0.002173315 0.999994576 0.002449386 -0.436329514 0.071581528 -0.002598677 0.997431338 41.784805298
0.997355700 -0.004619630 -0.072527729 -1.829550862 0.004604940 0.999989331 -0.000369748 -0.433351874 0.072528653 0.000034784 0.997366309 42.193656921
0.997222304 -0.011447460 -0.073598132 -1.868554711 0.011026418 0.999920428 -0.006124584 -0.437134385 0.073662393 0.005296047 0.997269094 42.993263245
0.997178555 -0.008509901 -0.074582130 -1.909569383 0.007641386 0.999899685 -0.011922709 -0.441937625 0.074676111 0.011319159 0.997143626 43.786243439
0.997234404 -0.004455085 -0.074186467 -1.919885159 0.003479510 0.999905825 -0.013274366 -0.440598488 0.074238636 0.012979522 0.997155964 44.220993042
0.997188330 -0.004772855 -0.074784271 -1.978480816 0.003747121 0.999897003 -0.013850211 -0.444959402 0.074842677 0.013531044 0.997103572 44.991191864
0.997146726 -0.005777846 -0.075266317 -2.018535376 0.004918233 0.999920607 -0.011601293 -0.442864418 0.075327374 0.011198013 0.997096002 45.809444427
0.997150242 -0.006450988 -0.075165100 -2.036730766 0.005812773 0.999945164 -0.008706524 -0.449127972 0.075217158 0.008244795 0.997133017 46.193069458
0.997274518 -0.005315833 -0.073588967 -2.085200310 0.004878983 0.999969423 -0.006114839 -0.450066209 0.073619224 0.005739134 0.997269869 46.993312836
0.997333467 0.000235411 -0.072979234 -2.139117241 -0.000792814 0.999970734 -0.007608952 -0.455938071 0.072975300 0.007646521 0.997304440 47.794834137
0.997288048 0.002341450 -0.073560230 -2.156773567 -0.003029447 0.999952674 -0.009242658 -0.459646791 0.073535107 0.009440439 0.997247934 48.191848755
0.997270763 0.000601966 -0.073827602 -2.193657875 -0.001528786 0.999920726 -0.012497976 -0.462201536 0.073814236 0.012576732 0.997192681 48.987903595
0.997342229 -0.000757138 -0.072854638 -2.234743595 -0.000149965 0.999922514 -0.012444583 -0.461018145 0.072858430 0.012422433 0.997264922 49.779445648
0.997381687 -0.000398083 -0.072316401 -2.258138895 -0.000390750 0.999940574 -0.010893613 -0.464476794 0.072316438 0.010893346 0.997322261 50.187301636
0.997461855 0.002044775 -0.071172655 -2.302452326 -0.002673337 0.999958277 -0.008737375 -0.463095039 0.071151830 0.008905467 0.997425675 50.977020264
0.997470200 0.002740133 -0.071031921 -2.340227604 -0.003306381 0.999963701 -0.007855399 -0.468549460 0.071007818 0.008070385 0.997443080 51.776706696
0.997538686 0.000785625 -0.070113160 -2.409913778 -0.001469840 0.999951780 -0.009707674 -0.468236983 0.070102148 0.009786837 0.997491956 52.950927734
0.997601390 -0.001280027 -0.069208823 -2.439159155 0.000589429 0.999949872 -0.009997969 -0.464363635 0.069218144 0.009933194 0.997552097 53.729564667
0.997668862 -0.000162339 -0.068240501 -2.469418526 -0.000522999 0.999949634 -0.010024989 -0.464430332 0.068238698 0.010037312 0.997618496 54.134296417
0.997741044 0.001490144 -0.067160785 -2.506398201 -0.002112514 0.999955475 -0.009196801 -0.461567193 0.067144088 0.009317904 0.997699797 54.902481079
0.997736275 0.003876656 -0.067138448 -2.548236370 -0.004514329 0.999946117 -0.009348758 -0.467121184 0.067098603 0.009630679 0.997699797 55.702926636
0.997737706 0.004128000 -0.067100354 -2.561461449 -0.004852185 0.999931753 -0.010633178 -0.469372272 0.067051880 0.010934706 0.997689605 56.096065521
0.997777462 0.001944109 -0.066607192 -2.601401329 -0.002792468 0.999916077 -0.012646014 -0.478412986 0.066577017 0.012803907 0.997699082 56.849712372
0.997823119 0.002165675 -0.065911606 -2.586230755 -0.002982432 0.999919891 -0.012295824 -0.476506829 0.065879688 0.012465633 0.997749686 57.606803894
0.997866333 0.003312391 -0.065205745 -2.601689339 -0.004029995 0.999932706 -0.010876772 -0.480438560 0.065165341 0.011116344 0.997812569 57.992092133
0.997906148 0.005534083 -0.064441226 -2.632441044 -0.006101172 0.999944270 -0.008606642 -0.487866104 0.064390026 0.008981789 0.997884393 58.752182007
0.997906148 0.005245131 -0.064464547 -2.663833618 -0.005643480 0.999966085 -0.005998808 -0.486544222 0.064430900 0.006350053 0.997901917 59.529060364
0.997927606 0.005714751 -0.064091243 -2.681375980 -0.006035327 0.999970317 -0.004809372 -0.485943437 0.064061843 0.005186217 0.997932434 59.916591644
0.997951508 0.004534076 -0.063813962 -2.704105377 -0.004828971 0.999978364 -0.004467699 -0.488271832 0.063792333 0.004766703 0.997951806 60.682292938
0.997997522 0.006045423 -0.062962644 -2.736496449 -0.006443147 0.999960542 -0.006115707 -0.491589814 0.062923178 0.006509139 0.997997165 61.448822021
0.998051822 0.006785648 -0.062019397 -2.765170574 -0.007252317 0.999947071 -0.007302567 -0.489622802 0.061966546 0.007738126 0.998048186 61.836872101
0.998038113 0.007448413 -0.062165111 -2.783839703 -0.008057156 0.999921918 -0.009547382 -0.497882187 0.062089145 0.010029524 0.998020232 62.599502563
0.998072445 0.008051499 -0.061535265 -2.816264153 -0.008702266 0.999908924 -0.010314845 -0.499952644 0.061446603 0.010830458 0.998051584 63.362144470
0.998078287 0.008777483 -0.061339457 -2.831186533 -0.009438088 0.999900520 -0.010488244 -0.501132607 0.061241280 0.011047016 0.998061895 63.753330231
0.998093724 0.009808981 -0.060930587 -2.861132145 -0.010391129 0.999903262 -0.009244781 -0.506272972 0.060834005 0.009860295 0.998099327 64.493736267
0.998070180 0.014077916 -0.060479529 -2.901992321 -0.014587884 0.999861538 -0.007998834 -0.502255261 0.060358554 0.008865668 0.998137414 65.256660461
0.998081267 0.014968352 -0.060081329 -2.920300961 -0.015383890 0.999860764 -0.006459648 -0.502148390 0.059976276 0.007371537 0.998172641 65.644020081
0.998059690 0.017919017 -0.059630699 -2.954567432 -0.018095484 0.999833345 -0.002420663 -0.498144656 0.059577383 0.003495013 0.998217583 66.407402039
0.998113990 0.017889582 -0.058724687 -2.990423203 -0.018169671 0.999825895 -0.004238992 -0.495238841 0.058638629 0.005298005 0.998265207 67.170883179
0.998139799 0.018018071 -0.058243245 -3.004589796 -0.018443899 0.999806881 -0.006781960 -0.499223411 0.058109798 0.007843577 0.998279393 67.538291931
0.998185515 0.018681167 -0.057244807 -3.036515713 -0.019434873 0.999731243 -0.012637997 -0.505049825 0.056993335 0.013727609 0.998280168 68.278152466
0.998234451 0.018888982 -0.056313179 -3.062379837 -0.019826064 0.999673307 -0.016128454 -0.506809890 0.055990133 0.017216448 0.998282909 69.011787415
0.998285949 0.018895835 -0.055390500 -3.081640005 -0.019767324 0.999688625 -0.015228047 -0.508668363 0.055085510 0.016296867 0.998348653 69.374237061
0.998399675 0.017980099 -0.053615812 -3.105243683 -0.018535189 0.999779463 -0.009873926 -0.510273099 0.053426445 0.010851904 0.998512745 70.118469238
0.998578310 0.015632978 -0.050960839 -3.131205797 -0.016032299 0.999843836 -0.007436554 -0.511312962 0.050836615 0.008243001 0.998672962 70.869461060
0.998645067 0.014887292 -0.049863838 -3.135494947 -0.015321169 0.999848008 -0.008330352 -0.509244502 0.049732234 0.009083036 0.998721242 71.250740051
0.998832107 0.014121786 -0.046205081 -3.170613527 -0.014593593 0.999844491 -0.009889738 -0.518044531 0.046058234 0.010552485 0.998883009 71.976821899
0.998982370 0.014026726 -0.042865384 -3.190691471 -0.014517080 0.999832451 -0.011149545 -0.518812656 0.042701803 0.011760479 0.999018669 72.708389282
0.999063492 0.014545957 -0.040749401 -3.197966337 -0.015017518 0.999823511 -0.011290066 -0.517787337 0.040577985 0.011891446 0.999105692 73.076644897
0.999267757 0.014100691 -0.035568431 -3.225363255 -0.014437097 0.999853194 -0.009218920 -0.523198843 0.035433222 0.009725676 0.999324739 73.805610657
0.999454319 0.014280560 -0.029785439 -3.231225014 -0.014519841 0.999863923 -0.007832780 -0.521286964 0.029669529 0.008260983 0.999525607 74.553382874
0.999565482 0.013448383 -0.026229132 -3.235594273 -0.013666506 0.999873281 -0.008154647 -0.518653512 0.026116148 0.008509563 0.999622703 74.932067871
0.999720812 0.014188671 -0.018889699 -3.237476110 -0.014344260 0.999864101 -0.008126706 -0.516146004 0.018771823 0.008395397 0.999788463 75.674850464
0.999864697 0.011894413 -0.011363014 -3.228593349 -0.011993360 0.999890387 -0.008679880 -0.516510129 0.011258529 0.008814989 0.999897778 76.395599365
0.999916315 0.010731786 -0.007224629 -3.222381353 -0.010794522 0.999903798 -0.008701294 -0.517802119 0.007130554 0.008778552 0.999936044 76.769470215
0.999968171 0.007976040 0.000123359 -3.198457718 -0.007974705 0.999931931 -0.008508735 -0.521007419 -0.000191217 0.008507480 0.999963820 77.493896484
0.999940217 0.006962480 0.008432675 -3.167000055 -0.006888105 0.999937415 -0.008817088 -0.515381515 -0.008493535 0.008758476 0.999925494 78.229408264
0.999896646 0.005739303 0.013182616 -3.159868717 -0.005630036 0.999949634 -0.008310903 -0.517859578 -0.013229650 0.008235823 0.999878585 78.585517883
0.999762774 0.003250191 0.021537643 -3.130542278 -0.003116474 0.999975681 -0.006239132 -0.518015265 -0.021557398 0.006170531 0.999748588 79.302467346
0.999560356 0.001916677 0.029587328 -3.085492611 -0.001757929 0.999983907 -0.005390488 -0.516178131 -0.029597191 0.005336106 0.999547601 80.026008606
0.999408245 0.002356281 0.034313828 -3.067807674 -0.002183574 0.999984682 -0.005069749 -0.512180388 -0.034325242 0.004991822 0.999398172 80.390960693
0.999089956 0.001620250 0.042622626 -3.013759851 -0.001406300 0.999986291 -0.005049131 -0.513203382 -0.042630222 0.004984597 0.999078512 81.106658936
0.998696566 0.001757906 0.051013220 -2.956669331 -0.001438746 0.999979079 -0.006292460 -0.509001613 -0.051023230 0.006210862 0.998678088 81.827354431
0.998438120 0.001921688 0.055836007 -2.932410240 -0.001527380 0.999973595 -0.007103721 -0.512760103 -0.055848185 0.007007344 0.998414695 82.173591614
0.997975409 0.001456347 0.063584097 -2.859639645 -0.000833687 0.999951601 -0.009818142 -0.515804052 -0.063595310 0.009745254 0.997928202 82.881683350
0.997398913 0.003491656 0.071994245 -2.788969994 -0.002663945 0.999929428 -0.011589714 -0.521582067 -0.072029620 0.011367781 0.997337699 83.591567993
0.997026086 0.005855135 0.076842390 -2.758800030 -0.004911290 0.999910235 -0.012466103 -0.523100436 -0.076908484 0.012051634 0.996965289 83.960113525
0.996362507 0.007992979 0.084840551 -2.679168701 -0.006919561 0.999892354 -0.012938702 -0.526107669 -0.084934838 0.012304577 0.996310532 84.660812378
0.995624244 0.008375810 0.093071319 -2.595686436 -0.007210771 0.999891400 -0.012846938 -0.530149162 -0.093168803 0.012119606 0.995576560 85.365699768
0.995440960 0.008618142 0.094989710 -2.383704185 -0.007416919 0.999888122 -0.012991648 -0.520949602 -0.095091030 0.012227891 0.995393395 85.930717468
0.994743109 0.011565610 0.101746507 -2.169830322 -0.010454987 0.999879897 -0.011442119 -0.545436859 -0.101866625 0.010318212 0.994744480 86.797622681
0.994389057 0.012647416 0.105025902 -1.717875481 -0.011661703 0.999882042 -0.009994237 -0.557142258 -0.105139934 0.008713379 0.994419277 87.847709656
0.994246006 0.014012327 0.106199756 -1.493519783 -0.013179203 0.999876678 -0.008542658 -0.582348704 -0.106306352 0.007093875 0.994308114 88.381820679
0.993353963 0.011615955 0.114511140 -1.391736031 -0.010855892 0.999914646 -0.007258858 -0.589522541 -0.114585683 0.005967496 0.993395448 89.076156616
0.992384732 0.007948041 0.122920327 -1.278080940 -0.007071172 0.999946356 -0.007568233 -0.591086566 -0.122973889 0.006641408 0.992387712 89.789421082
0.992174447 0.005294821 0.124747619 -1.068250656 -0.004142124 0.999946237 -0.009497786 -0.592641234 -0.124791212 0.008906739 0.992143035 90.400833130
0.990773082 0.009586941 0.135191768 -1.077245712 -0.008067619 0.999898076 -0.011781662 -0.587827444 -0.135290936 0.010582276 0.990749419 90.885726929
0.989588261 0.008947116 0.143649057 -0.960632324 -0.007369313 0.999906600 -0.011512042 -0.592980981 -0.143738642 0.010333586 0.989561737 91.575340271
0.989229679 0.008248431 0.146139264 -0.744366646 -0.006580816 0.999907732 -0.011890916 -0.582964540 -0.146223843 0.010801133 0.989192605 92.200561523
0.987677753 0.012281393 0.156018719 -0.619200706 -0.011027627 0.999899507 -0.008899051 -0.545210838 -0.156112328 0.007068881 0.987713933 92.836036682
0.985880494 0.015643977 0.166718125 -0.492808342 -0.014694507 0.999868035 -0.006927174 -0.555756569 -0.166804492 0.004379525 0.985980272 93.488548279
0.985588491 0.015754294 0.168425545 -0.224368095 -0.014598192 0.999860644 -0.008100243 -0.568585396 -0.168529645 0.005524799 0.985681117 94.058227539
0.983521879 0.021889199 0.179458722 -0.116992950 -0.019172654 0.999674201 -0.016858134 -0.543981075 -0.179769218 0.013139648 0.983621061 94.674720764
0.981791437 0.026872559 0.188051283 0.068706512 -0.022111168 0.999380767 -0.027372120 -0.568163276 -0.188670412 0.022715677 0.981777728 95.358718872
0.980823874 0.029535448 0.192644805 0.153841019 -0.024100572 0.999244332 -0.030495053 -0.573081017 -0.193399861 0.025267430 0.980794609 95.698226929
0.978557825 0.033938237 0.203157157 0.301618576 -0.028159264 0.999114156 -0.031269889 -0.580513239 -0.204038456 0.024878632 0.978646696 96.324607849
0.976150632 0.033924945 0.214427203 0.459571838 -0.029291067 0.999264419 -0.024751969 -0.592911720 -0.215109140 0.017880850 0.976426303 96.951980591
0.974668920 0.034997705 0.220896989 0.536916733 -0.030975090 0.999285698 -0.021649202 -0.598304272 -0.221496880 0.014258501 0.975056827 97.268028259
0.971833169 0.037148103 0.232722819 0.704551697 -0.033720825 0.999256551 -0.018689439 -0.610088587 -0.233244032 0.010315417 0.972363532 97.887420654
0.968985260 0.036162045 0.244458258 0.877126694 -0.032524332 0.999292314 -0.018902395 -0.624801636 -0.244968787 0.010365301 0.969475567 98.512260437
0.967667580 0.035301540 0.249746099 0.972711563 -0.031257991 0.999308407 -0.020139562 -0.626800299 -0.250284314 0.011681836 0.968101919 98.826171875
0.964947164 0.034285728 0.260195017 1.158023834 -0.029538419 0.999318540 -0.022134710 -0.639021754 -0.260776550 0.013673074 0.965302348 99.438224792
0.960360408 0.036024574 0.276423782 1.443964005 -0.029825084 0.999201119 -0.026600342 -0.653946161 -0.277161181 0.017301556 0.960667610 100.360092163
0.957235873 0.035881929 0.287074834 1.652542114 -0.028842498 0.999171555 -0.028714191 -0.670133352 -0.287867308 0.019206304 0.957477689 100.997604370
0.953604400 0.035857469 0.298919469 1.870529175 -0.028511574 0.999175489 -0.028901249 -0.683343172 -0.299709439 0.019037692 0.953840554 101.618225098
0.951494157 0.036673162 0.305473328 1.981647491 -0.029451132 0.999167800 -0.028218707 -0.695220470 -0.306254059 0.017853398 0.951782405 101.935600281
0.947009027 0.036469411 0.319129854 2.222141266 -0.028761584 0.999170363 -0.028833633 -0.710172892 -0.319916576 0.018127030 0.947272301 102.559921265
0.942175508 0.038004842 0.332957864 2.466382980 -0.030207774 0.999135315 -0.028565058 -0.725795746 -0.333755583 0.016855381 0.942508936 103.187500000
0.939688861 0.038356397 0.339873075 2.597406387 -0.030317955 0.999121487 -0.028932137 -0.733572960 -0.340684205 0.016882952 0.940026224 103.492996216
0.934246302 0.037432667 0.354658574 2.861118317 -0.028964581 0.999155045 -0.029157596 -0.748011827 -0.355450302 0.016967840 0.934541166 104.129058838
0.928687394 0.037675064 0.368944913 3.152355194 -0.028924650 0.999154389 -0.029221831 -0.770807028 -0.369733840 0.016466344 0.928991795 104.745819092
0.925833642 0.037651017 0.376051188 3.288959503 -0.028377542 0.999141872 -0.030170958 -0.773189068 -0.376864374 0.017261881 0.926107585 105.053771973
0.919581175 0.040106222 0.390847713 3.580986023 -0.030019678 0.999040604 -0.031885084 -0.794097185 -0.391751558 0.017587801 0.919902861 105.677703857
0.913097322 0.040908415 0.405684263 3.888954163 -0.029718304 0.998985052 -0.033847008 -0.812546015 -0.406657100 0.018849360 0.913386285 106.299934387
0.909934282 0.041213289 0.412699640 4.062484741 -0.029785220 0.998974860 -0.034088824 -0.822745562 -0.413681477 0.018726239 0.910229087 106.589363098
0.902599454 0.041841898 0.428443104 4.375003815 -0.029503586 0.998937547 -0.035401493 -0.839644432 -0.429469168 0.019312760 0.902875006 107.222778320
0.895102382 0.042867884 0.443794936 4.708274841 -0.030168122 0.998909116 -0.035641611 -0.870110035 -0.444838703 0.018514434 0.895419300 107.819511414
0.891340137 0.042244460 0.451362610 4.887165070 -0.029428245 0.998940527 -0.035379820 -0.880092382 -0.452379048 0.018252645 0.891638994 108.105453491
0.883802414 0.041748077 0.465993971 5.247585297 -0.029896896 0.999014735 -0.032798700 -0.906206369 -0.466904104 0.015055793 0.884179711 108.719253540
0.876193941 0.040838018 0.480225563 5.627929688 -0.030148711 0.999096572 -0.029954679 -0.930451393 -0.481014967 0.011767922 0.876633406 109.260116577
0.871976674 0.041880455 0.487752706 5.807411194 -0.032566279 0.999089360 -0.027565792 -0.952017188 -0.488462955 0.008152436 0.872546554 109.603179932
0.864224315 0.038614422 0.501622617 6.210693359 -0.029520517 0.999224424 -0.026059698 -0.973916292 -0.502239823 0.007713265 0.864693999 110.187538147
0.855394900 0.037037063 0.516650558 6.597507477 -0.025831165 0.999249578 -0.028865574 -1.001831293 -0.517331958 0.011345780 0.855709553 110.762802124
0.850861251 0.037104752 0.524078608 6.810615540 -0.025224620 0.999237776 -0.029792884 -1.017460585 -0.524784684 0.012129927 0.851148605 111.056877136
0.840844810 0.037202872 0.539996207 7.228862762 -0.024030274 0.999217272 -0.031422477 -1.032019138 -0.540742457 0.013445172 0.841080666 111.662750244
0.831119359 0.035361346 0.554968715 7.696537018 -0.022008797 0.999285996 -0.030711927 -1.038530707 -0.555658400 0.013311080 0.831304133 112.244995117
0.825672686 0.034053531 0.563120544 7.891487122 -0.021337645 0.999347508 -0.029147219 -1.052755833 -0.563745618 0.012050397 0.825860441 112.544082642
0.814734697 0.033793624 0.578848422 8.342311859 -0.021932373 0.999381840 -0.027474683 -1.070852041 -0.579419017 0.009689058 0.814972162 113.121902466
0.803663373 0.033976164 0.594113588 8.838073730 -0.020114655 0.999349177 -0.029941494 -1.081624627 -0.594744325 0.012112487 0.803823769 113.685791016
0.797630906 0.036147382 0.602061689 9.041400909 -0.021301841 0.999268055 -0.031774018 -1.104088187 -0.602769554 0.012518916 0.797817111 113.963035583
0.786070168 0.039475948 0.616875410 9.515235901 -0.022019161 0.999113619 -0.035878159 -1.142288923 -0.617744982 0.014619668 0.786242604 114.461074829
0.772376239 0.042623460 0.633733451 10.021747589 -0.023104915 0.998970926 -0.039028883 -1.154093504 -0.634744942 0.015502619 0.772566140 115.093490601
0.765703499 0.044244163 0.641670108 10.332851410 -0.024281563 0.998908579 -0.039901182 -1.158421516 -0.642735243 0.014971715 0.765942097 115.419799805
0.751868367 0.044393044 0.657816947 10.793895721 -0.024564959 0.998924077 -0.039335657 -1.190129042 -0.658855379 0.013415994 0.752149940 115.916564941
0.737658978 0.043771423 0.673753262 11.333663940 -0.023450285 0.998955250 -0.039224125 -1.218351603 -0.674766183 0.013134326 0.737914681 116.457839966
0.730162680 0.044213872 0.681841254 11.591320038 -0.023807380 0.998944461 -0.039281789 -1.236364841 -0.682858288 0.012449244 0.730444729 116.707817078
0.715129137 0.045108125 0.697535396 12.153774261 -0.023454046 0.998902202 -0.040551249 -1.268958330 -0.698598802 0.012639350 0.715401947 117.229400635
0.699834645 0.044764634 0.712900817 12.702072144 -0.021769036 0.998907328 -0.041353583 -1.292769670 -0.713973105 0.013421508 0.700044513 117.725387573
0.693258107 0.045002747 0.719282925 12.940303802 -0.021846628 0.998902023 -0.041441247 -1.310512781 -0.720358193 0.013015580 0.693480074 117.820968628
0.676926613 0.043229397 0.734779954 13.557785034 -0.016682429 0.998918474 -0.043400560 -1.339993477 -0.735861421 0.017121078 0.676915646 118.444107056
0.661101818 0.042377848 0.749098361 14.146034241 -0.013967606 0.998925686 -0.044184197 -1.370427847 -0.750166118 0.018747138 0.660983503 118.911888123
0.652993441 0.042454146 0.756172717 14.447563171 -0.013341299 0.998917580 -0.044561785 -1.384553194 -0.757246017 0.019010225 0.652852952 119.145004272
0.637131095 0.042213403 0.769598603 15.027824402 -0.012861931 0.998942316 -0.044145118 -1.415851831 -0.770648122 0.018227706 0.637000203 119.575096130
0.620782673 0.041885462 0.782863081 15.622173309 -0.013250387 0.998989642 -0.042941790 -1.449346542 -0.783870697 0.016284281 0.620710492 120.020523071
0.612654209 0.042489424 0.789208233 15.938671112 -0.014231688 0.998984993 -0.042735498 -1.456265211 -0.790222943 0.014950319 0.612637222 120.240142822
0.596080542 0.040095165 0.801923037 16.561420441 -0.010531450 0.999056876 -0.042123448 -1.482758522 -0.802855730 0.016663555 0.595940530 120.653106689
0.579020083 0.037154898 0.814466238 17.189167023 -0.001479795 0.999007344 -0.044521414 -1.505485773 -0.815311968 0.024573544 0.578500271 121.032058716
0.569856465 0.036936712 0.820913613 17.500003815 0.001001921 0.998957336 -0.045643218 -1.520045280 -0.821743608 0.026832577 0.569225252 121.224166870
0.550311863 0.039894793 0.834005535 18.117267609 -0.000692483 0.998879373 -0.047324628 -1.552911520 -0.834959030 0.025465772 0.549722850 121.601654053
0.531694591 0.042180941 0.845885038 18.774940491 -0.001274021 0.998797715 -0.049005289 -1.581119537 -0.846935213 0.024978181 0.531109154 121.969482422
0.522864521 0.042118218 0.851374626 19.103496552 -0.000158941 0.998783410 -0.049313039 -1.593789101 -0.852415740 0.025648724 0.522235096 122.146728516
0.504563093 0.041227687 0.862389982 19.754611969 0.003646246 0.998748541 -0.049879827 -1.636299372 -0.863367200 0.028312005 0.503781319 122.489318848
0.484611064 0.043424778 0.873651206 20.400375366 0.003221656 0.998671532 -0.051425949 -1.666465044 -0.874723792 0.027736193 0.483827412 122.793411255
0.473353207 0.043059602 0.879819632 20.719337463 0.003050459 0.998718381 -0.050519854 -1.683761835 -0.880867362 0.026597591 0.472615302 122.962150574
0.452214837 0.041813012 0.890928388 21.413978577 0.001817517 0.998855233 -0.047800768 -1.724765539 -0.891907156 0.023235491 0.451621205 123.290466309
0.432149589 0.040326763 0.900899827 22.099597931 0.001584928 0.998964190 -0.045476660 -1.762938380 -0.901800573 0.021080580 0.431638032 123.594474792
0.421772957 0.041177344 0.905765951 22.480907440 0.000118670 0.998965740 -0.045469590 -1.778523326 -0.906701505 0.019285329 0.421331823 123.746978760
0.400746256 0.043353118 0.915162742 23.202701569 0.001293209 0.998852074 -0.047883943 -1.813827872 -0.916188061 0.020372804 0.400230259 124.021301270
0.379788578 0.043478131 0.924050987 23.922000885 0.003720052 0.998815179 -0.048524857 -1.848327637 -0.925065815 0.021866711 0.379176885 124.282150269
0.368797630 0.042811576 0.928523302 24.251098633 0.003501406 0.998867691 -0.047445670 -1.865983009 -0.929503143 0.020748988 0.368230075 124.411750793
0.346941710 0.040693328 0.937003493 24.963600159 0.003507645 0.998995006 -0.044684339 -1.891746521 -0.937880158 0.018789541 0.346450239 124.651336670
0.325465858 0.039173447 0.944742024 25.684154510 0.004269988 0.999070287 -0.042897180 -1.933074832 -0.945544183 0.017995598 0.324995965 124.870048523
0.314445227 0.039668452 0.948446333 26.041767120 0.004768550 0.999047816 -0.043365803 -1.949132442 -0.949263632 0.018158875 0.313956708 124.976478577
0.291835487 0.039399434 0.955656707 26.793277740 0.005465881 0.999066353 -0.042858254 -1.962562799 -0.956452847 0.017731065 0.291347593 125.146682739
0.267803937 0.034658670 0.962849855 27.519269943 0.005372835 0.999283433 -0.037464522 -1.979696035 -0.963458478 0.015206379 0.267425835 125.296493530
0.255454630 0.034145948 0.966217875 27.876091003 0.006463450 0.999293506 -0.037023678 -1.994770050 -0.966799438 0.015702970 0.255053461 125.372612000
0.232632518 0.043494020 0.971591651 28.589965820 0.003603820 0.998954117 -0.045581806 -2.004717827 -0.972558022 0.014105247 0.232232496 125.442817688
0.205218315 0.054338485 0.977206528 29.269260406 0.001192171 0.998442948 -0.055769708 -2.057877064 -0.978715479 0.012609964 0.204833984 125.580406189
