1.000000000 0.000000000 0.000000000 0.000000000 0.000000000 1.000000000 0.000000000 0.000000000 0.000000000 0.000000000 1.000000000 0.000000000
0.999948502 0.002733122 0.009773809 0.122592121 -0.002745907 0.999995410 0.001294961 -0.010322714 -0.009770223 -0.001321732 0.999951363 0.262600124
0.999378800 0.006160873 0.034699935 0.175989717 -0.006284065 0.999974251 0.003442242 -0.033059452 -0.034677830 -0.003658159 0.999391854 0.962491274
0.998386383 0.010127460 0.055875748 0.412185788 -0.010421145 0.999933362 0.004967158 -0.049604211 -0.055821717 -0.005541432 0.998425364 1.584732175
0.997612655 0.012837013 0.067855731 0.487868071 -0.013244384 0.999896765 0.005557002 -0.055100333 -0.067777380 -0.006442442 0.997679710 1.914464831
0.995663762 0.017107384 0.091438815 0.668555558 -0.017667109 0.999829829 0.005315325 -0.057513893 -0.091332309 -0.006907735 0.995796502 2.595033646
0.992254853 0.019608308 0.122662567 0.569296181 -0.020258404 0.999786556 0.004054871 -0.033083502 -0.122556873 -0.006508413 0.992440164 3.368228197
0.990538776 0.020704061 0.135662466 0.640772581 -0.021467706 0.999760807 0.004168329 -0.031799939 -0.135543689 -0.007041253 0.990746439 3.709488869
0.987123251 0.025846379 0.157860026 0.952363849 -0.026984429 0.999623001 0.005069813 -0.094088562 -0.157669470 -0.009264290 0.987448394 4.362010479
0.982732892 0.033263322 0.182015777 1.228198409 -0.034902528 0.999373853 0.005809207 -0.165734917 -0.181708559 -0.012061710 0.983278513 5.033710957
0.979363501 0.031060753 0.199706197 1.104715824 -0.032198776 0.999478400 0.002452346 -0.025566930 -0.199525908 -0.008832037 0.979852736 5.468745708
0.973241985 0.031847082 0.227565035 1.221924543 -0.033067122 0.999451876 0.001549808 0.004421380 -0.227390945 -0.009033259 0.973761618 6.255219936
0.967241645 0.031426243 0.251904607 1.468121767 -0.032847721 0.999459207 0.001438750 0.008921091 -0.251723200 -0.009666107 0.967750967 7.068124771
0.964537442 0.028854551 0.262364060 1.620365739 -0.030520795 0.999531567 0.002277051 0.008555149 -0.262175441 -0.010203861 0.964966297 7.316013336
0.958075702 0.025807895 0.285350531 1.834908724 -0.027387122 0.999623656 0.001544610 0.048201635 -0.285203308 -0.009294782 0.958422065 8.087333679
0.953005016 0.022034260 0.302151799 2.127065182 -0.023971483 0.999709010 0.002704278 0.030825436 -0.302004308 -0.009820220 0.953255951 8.740431786
0.950634122 0.019510807 0.309699953 2.253903627 -0.021576423 0.999761939 0.003245457 0.025195893 -0.309562892 -0.009767460 0.950828850 9.081550598
0.946819127 0.015892323 0.321373641 2.522131920 -0.017760551 0.999838173 0.002882252 0.048483238 -0.321275830 -0.008436743 0.946948051 9.787984848
0.943679333 0.015408313 0.330502540 2.812337160 -0.017276937 0.999846995 0.002716878 0.048657179 -0.330410182 -0.008273932 0.943801165 10.518704414
0.941801548 0.016126731 0.335782170 2.939451456 -0.018281281 0.999827623 0.003256250 0.056008708 -0.335671753 -0.009205269 0.941933990 10.869326591
0.938379586 0.015791316 0.345245302 3.232134342 -0.019137800 0.999797165 0.006286572 0.065957636 -0.345075935 -0.012506426 0.938491404 11.594029427
0.934835792 0.017166119 0.354665428 3.541925192 -0.021281650 0.999743760 0.007706194 0.083398677 -0.354442328 -0.014751893 0.934961498 12.337881088
0.932801366 0.018295955 0.359926254 3.687594652 -0.022755826 0.999707758 0.008157378 0.087228045 -0.359671801 -0.015799632 0.932945073 12.688765526
0.928925037 0.019192234 0.369769961 4.002472878 -0.023759531 0.999687195 0.007801045 0.093380280 -0.369504601 -0.016032144 0.929090559 13.420621872
0.924955904 0.022669377 0.379397571 4.324624538 -0.026846578 0.999623120 0.005722418 0.114013314 -0.379124880 -0.015478513 0.925216019 14.159937859
0.922757506 0.024341822 0.384611458 4.480149269 -0.028683564 0.999573171 0.005555071 0.112763897 -0.384312063 -0.016158009 0.923061848 14.507316589
0.918403447 0.027708609 0.394673645 4.812816620 -0.031953149 0.999480665 0.004184883 0.122085571 -0.394352674 -0.016454479 0.918811798 15.244163513
0.914288700 0.026681261 0.404183418 5.178716183 -0.030142341 0.999543190 0.002201308 0.141274542 -0.403940052 -0.014195668 0.914675295 16.004760742
0.912136614 0.023987880 0.409183800 5.359389305 -0.027671263 0.999612331 0.003082714 0.145800635 -0.408951163 -0.014134491 0.912446856 16.363784790
0.908029675 0.021948896 0.418330312 5.733842850 -0.026997605 0.999616563 0.006153377 0.157897413 -0.418034792 -0.016881365 0.908274114 17.111104965
0.904499948 0.022046281 0.425903440 6.117113113 -0.029383568 0.999511302 0.010664220 0.174982816 -0.425460219 -0.022160349 0.904705763 17.874912262
0.902863503 0.020017598 0.429460913 6.302896023 -0.028183203 0.999522567 0.012661325 0.185771599 -0.429002434 -0.023535036 0.902996719 18.240869522
0.900647581 0.014747506 0.434299916 6.685359478 -0.021562271 0.999709547 0.010768558 0.190782294 -0.434014946 -0.019063169 0.900703907 18.975318909
0.898738027 0.018614624 0.438090563 7.099436283 -0.022550594 0.999738574 0.003783061 0.206637979 -0.437905639 -0.013279185 0.898922861 19.740606308
0.897394598 0.021105919 0.440723807 7.277413368 -0.024178017 0.999706805 0.001355704 0.210165322 -0.440565974 -0.011872431 0.897641659 20.097137451
0.895272076 0.023775905 0.444884956 7.659272194 -0.026512640 0.999648511 -0.000070852 0.225105524 -0.444730282 -0.011731645 0.895587623 20.856273651
0.893774509 0.024292599 0.447858155 8.081935883 -0.028570039 0.999587834 0.002796829 0.237834290 -0.447605699 -0.015295060 0.894100189 21.636859894
0.892667592 0.024754675 0.450035125 8.278236389 -0.030114099 0.999535203 0.004752324 0.241880894 -0.449708283 -0.017794648 0.892998159 22.009160995
0.889932811 0.023894545 0.455465257 8.676059723 -0.030089010 0.999526978 0.006353840 0.248060748 -0.455098003 -0.019358989 0.890230894 22.758808136
0.887140572 0.024899257 0.460826874 9.106281281 -0.030629374 0.999518514 0.004959125 0.254634202 -0.460481465 -0.018514283 0.887476146 23.533336639
0.885884166 0.025309948 0.463215441 9.319797516 -0.030589879 0.999524474 0.003888432 0.260920852 -0.462896734 -0.017614402 0.886237204 23.901510239
0.883199096 0.025176523 0.468321860 9.739168167 -0.030071937 0.999543250 0.002977623 0.274727851 -0.468033016 -0.016713182 0.883552909 24.667329788
0.880069137 0.025719309 0.474148661 10.136041641 -0.030637074 0.999527037 0.002648097 0.284178883 -0.473856300 -0.016857035 0.880440831 25.431186676
0.879407704 0.025636200 0.475378454 10.387706757 -0.030953543 0.999515295 0.003359475 0.288501441 -0.475061923 -0.017669000 0.879774928 25.821090698
0.876992822 0.023565147 0.479925126 10.805395126 -0.030276874 0.999522030 0.006248313 0.296375632 -0.479548544 -0.020010360 0.877287209 26.548288345
0.874652982 0.021540111 0.484270632 11.256355286 -0.030353079 0.999485493 0.010364823 0.311583430 -0.483798295 -0.023764728 0.874856889 27.330438614
0.873807192 0.020233061 0.485851288 11.497143745 -0.030116254 0.999467731 0.012541915 0.323569506 -0.485338897 -0.025591236 0.873951495 27.722206116
0.871680617 0.020568490 0.489642352 11.927121162 -0.031339701 0.999413371 0.013809657 0.341255397 -0.489071071 -0.027382856 0.871813953 28.465463638
0.869712532 0.021455755 0.493091911 12.348049164 -0.031587046 0.999426186 0.012225308 0.357040763 -0.492546678 -0.026207820 0.869891286 29.210212708
0.869301677 0.022009315 0.493791670 12.595288277 -0.031718180 0.999432981 0.011291875 0.354499280 -0.493263185 -0.025478221 0.869506896 29.595010757
0.867553949 0.023757504 0.496775299 13.018383026 -0.033449832 0.999383926 0.010621845 0.368982196 -0.496216983 -0.025832079 0.867814124 30.330858231
0.866699934 0.023914760 0.498256177 13.500987053 -0.033484831 0.999386489 0.010278290 0.381079227 -0.497704595 -0.025592217 0.866968930 31.089830399
0.865897894 0.023213312 0.499681920 13.724490166 -0.032616053 0.999417067 0.010091202 0.393927336 -0.499156356 -0.025035603 0.866150200 31.466098785
0.864623129 0.023882871 0.501853049 14.169025421 -0.033091780 0.999407649 0.009451358 0.404737949 -0.501330018 -0.024779070 0.864901245 32.202594757
0.863382757 0.024291920 0.503964365 14.622241974 -0.033776369 0.999382377 0.009693173 0.421672553 -0.503417671 -0.025391009 0.863669991 32.949485779
0.862808883 0.024900746 0.504916668 14.844015121 -0.034534212 0.999356151 0.009727771 0.432889342 -0.504349291 -0.025830111 0.863113284 33.317039490
0.862023175 0.025103033 0.506246805 15.280626297 -0.035553556 0.999307394 0.010987423 0.441374660 -0.505620241 -0.027470287 0.862318635 34.047157288
0.861552596 0.025760613 0.507014334 15.744539261 -0.036677912 0.999260306 0.011554698 0.451233566 -0.506341636 -0.028551213 0.861860156 34.793144226
0.860985816 0.025691191 0.507979810 15.970314980 -0.036721695 0.999256968 0.011702743 0.463688523 -0.507301629 -0.028729774 0.861289501 35.165672302
0.860684276 0.025371766 0.508506536 16.421184540 -0.036285158 0.999274611 0.011556790 0.470900118 -0.507844448 -0.028397989 0.860980511 35.889572144
0.860677004 0.026173025 0.508478403 16.854379654 -0.036612798 0.999273956 0.010536848 0.481559634 -0.507833540 -0.027685635 0.861010253 36.622062683
0.860411882 0.026765993 0.508895993 17.064767838 -0.037144732 0.999257326 0.010245020 0.487199455 -0.508243859 -0.027717736 0.860767066 36.973129272
0.860846996 0.026644219 0.508165836 17.532878876 -0.036149289 0.999307275 0.008842096 0.499863327 -0.507578194 -0.025981529 0.861213863 37.708690643
0.860741019 0.027661767 0.508290946 17.958946228 -0.036798283 0.999291241 0.007931747 0.511639774 -0.507711291 -0.025531415 0.861148834 38.413558960
0.860714674 0.027880386 0.508323610 18.187973022 -0.036714315 0.999298692 0.007356958 0.513691783 -0.507762015 -0.024994999 0.861134708 38.786628723
0.860547900 0.027987188 0.508600056 18.622730255 -0.036259498 0.999322176 0.006360228 0.527480721 -0.508077323 -0.023914861 0.860979378 39.498451233
0.860466838 0.028548103 0.508705974 19.049318314 -0.037463415 0.999271393 0.007290501 0.537344754 -0.508127272 -0.025331100 0.860909343 40.202217102
0.863414884 0.026693881 0.503787756 19.536615372 -0.036191754 0.999303639 0.009077650 0.512676477 -0.503194690 -0.026070744 0.863779724 40.637527466
0.860327184 0.029668035 0.508878171 19.710685730 -0.039595332 0.999178052 0.008688306 0.558968544 -0.508202136 -0.027623985 0.860794723 41.279945374
0.860140681 0.030721378 0.509130716 20.099296570 -0.041495632 0.999090493 0.009818017 0.573077440 -0.508365989 -0.029571578 0.860633254 41.951538086
0.860534728 0.030299418 0.508489788 20.363916397 -0.041171491 0.999100626 0.010142450 0.571048200 -0.507725239 -0.029663216 0.861008108 42.336853027
0.860049486 0.030746954 0.509283185 20.774211884 -0.041297473 0.999102533 0.009422104 0.581923604 -0.508536458 -0.029135589 0.860547364 43.023021698
0.859706879 0.031148089 0.509837091 21.218521118 -0.040690012 0.999143124 0.007571221 0.598569632 -0.509164393 -0.027254308 0.860237658 43.745838165
0.859331191 0.031457394 0.510451078 21.435226440 -0.040486600 0.999158442 0.006583356 0.605988145 -0.509814441 -0.026323719 0.859881580 44.095153809
0.858728468 0.031075126 0.511487782 21.871702194 -0.039700665 0.999193847 0.005947381 0.612801075 -0.510890663 -0.025413588 0.859269977 44.794414520
0.857935429 0.030113963 0.512874305 22.296703339 -0.038720261 0.999231458 0.006100246 0.621115685 -0.512296438 -0.025092240 0.858442068 45.478149414
0.857562125 0.029717637 0.513521254 22.504873276 -0.038226083 0.999251008 0.006009209 0.627048254 -0.512958169 -0.024783179 0.858055770 45.823657990
0.857047975 0.028920731 0.514424324 22.962179184 -0.037461355 0.999278665 0.006232801 0.635449886 -0.513872981 -0.024612846 0.857513130 46.530624390
0.856879830 0.029507896 0.514671147 23.409259796 -0.037876152 0.999265790 0.005768873 0.640089512 -0.514122963 -0.024436995 0.857368290 47.214214325
0.856575727 0.029305940 0.515188515 23.617580414 -0.037307542 0.999290407 0.005185653 0.643996894 -0.514670908 -0.023662323 0.857061207 47.559841156
0.855732799 0.029655214 0.516567409 24.056236267 -0.036954820 0.999309480 0.003849869 0.658138752 -0.516096592 -0.022384111 0.856237888 48.247695923
0.855184853 0.029908463 0.517459393 24.482315063 -0.037106238 0.999304950 0.003565540 0.667241633 -0.516993165 -0.022250168 0.855700314 48.918945312
0.854902148 0.030025233 0.517919660 24.709741592 -0.037249777 0.999299645 0.003554041 0.675721705 -0.517450213 -0.022330750 0.855421960 49.288932800
0.853821456 0.029549850 0.519726396 25.120412827 -0.037357397 0.999291599 0.004555545 0.682263255 -0.519223571 -0.023305250 0.854320586 49.968173981
0.853219211 0.029400131 0.520723104 25.553157806 -0.038053118 0.999258101 0.005932775 0.694330215 -0.520162463 -0.024877096 0.853704929 50.653324127
0.852947056 0.028519806 0.521217704 25.769693375 -0.037407815 0.999278724 0.006537874 0.699641645 -0.520655215 -0.025074081 0.853398740 50.988296509
0.852432191 0.028596127 0.522055328 26.201633453 -0.037976436 0.999252081 0.007274312 0.712084293 -0.521456778 -0.026026653 0.852880597 51.673557281
0.851988256 0.029508425 0.522728562 26.627124786 -0.038611457 0.999232948 0.006524844 0.723190010 -0.522135019 -0.025742399 0.852474272 52.345489502
0.851933181 0.030069707 0.522786498 26.860084534 -0.038950458 0.999223053 0.006000239 0.728512049 -0.522199929 -0.025474576 0.852442563 52.694950104
0.851477742 0.030852152 0.523482502 27.282867432 -0.039423414 0.999208808 0.005234965 0.735160708 -0.522906721 -0.025094915 0.852020323 53.371822357
0.851273537 0.030721335 0.523822069 27.713104248 -0.038705137 0.999241352 0.004296556 0.748245835 -0.523292720 -0.023932146 0.851816893 54.038219452
0.850982308 0.030143378 0.524328530 27.928544998 -0.037729230 0.999280751 0.003786203 0.752205133 -0.523837209 -0.023004504 0.851507604 54.382671356
0.850832105 0.029604092 0.524602950 28.356674194 -0.036816899 0.999316633 0.003318971 0.757780313 -0.524146199 -0.022138141 0.851340413 55.047748566
0.850733519 0.029598439 0.524763227 28.795808792 -0.037665494 0.999279320 0.004699623 0.767090738 -0.524245977 -0.023763593 0.851235271 55.731418610
0.850620866 0.029617384 0.524944782 28.999641418 -0.038164191 0.999256611 0.005463230 0.774223566 -0.524392724 -0.024681229 0.851118803 56.066394806
0.851000249 0.029185766 0.524353683 29.421695709 -0.038758729 0.999222040 0.007286352 0.776344121 -0.523733139 -0.026523970 0.851469398 56.728443146
0.851200223 0.030611793 0.523947597 29.855255127 -0.040800039 0.999136031 0.007908535 0.791386724 -0.523252904 -0.028108835 0.851713836 57.421802521
0.851190150 0.031288646 0.523923993 30.074493408 -0.041532516 0.999106765 0.007809104 0.799437404 -0.523211479 -0.028406918 0.851729393 57.772529602
0.851409197 0.031510450 0.523554683 30.493091583 -0.041374438 0.999118149 0.007150952 0.812123537 -0.522867560 -0.027750168 0.851962209 58.437999725
0.851869524 0.032106016 0.522768915 30.928264618 -0.041786380 0.999103904 0.006732051 0.818324447 -0.522084236 -0.027579449 0.852447867 59.118537903
0.852267742 0.033141650 0.522055149 31.155187607 -0.042456765 0.999080896 0.005886985 0.822373390 -0.521380186 -0.027182054 0.852891445 59.456745148
0.852501571 0.033432834 0.521654427 31.581729889 -0.042616438 0.999075711 0.005614167 0.838342309 -0.520984530 -0.027017141 0.853138447 60.125320435
0.852753878 0.033499610 0.521237493 32.010406494 -0.043309394 0.999039531 0.006647309 0.848421097 -0.520514071 -0.028242998 0.853385866 60.812938690
0.853084266 0.032807436 0.520740747 32.225189209 -0.042813126 0.999057174 0.007194936 0.854656518 -0.520013750 -0.028432429 0.853684545 61.142742157
0.853627563 0.032361303 0.519877672 32.671314240 -0.042542964 0.999065280 0.007664876 0.864758611 -0.519143581 -0.028660085 0.854206324 61.845535278
0.853135109 0.033836666 0.520591497 33.068157196 -0.044125173 0.998998702 0.007379953 0.871587336 -0.519820631 -0.029267289 0.853773892 62.490428925
0.853162467 0.032843225 0.520610332 33.718559265 -0.043312289 0.999029934 0.007954232 0.896621704 -0.519844055 -0.029335078 0.853757381 63.500083923
0.852986455 0.033623464 0.520848930 34.172340393 -0.044358224 0.998982430 0.008155377 0.913063586 -0.520044625 -0.030060356 0.853610039 64.203918457
0.852767408 0.033324901 0.521226585 34.390205383 -0.044380121 0.998976588 0.008739252 0.916712880 -0.520401955 -0.030584656 0.853373468 64.546363831
0.852537155 0.033725634 0.521577537 34.822715759 -0.044921391 0.998951495 0.008832587 0.926204920 -0.520732641 -0.030960096 0.853158116 65.233612061
0.852397084 0.033839434 0.521798909 35.255546570 -0.045209739 0.998936355 0.009070944 0.945255637 -0.520936906 -0.031322438 0.853020310 65.917869568
0.852514386 0.033557206 0.521625459 35.500000000 -0.045154832 0.998934507 0.009534994 0.948904097 -0.520749688 -0.031682629 0.853121340 66.269950867
0.852079093 0.033054594 0.522368312 35.917877197 -0.044147126 0.998986304 0.008797922 0.966132522 -0.521547973 -0.030557584 0.852674603 66.941116333
0.851904213 0.033924222 0.522597671 36.367843628 -0.043729648 0.999022663 0.006434017 0.981578231 -0.521868706 -0.028334180 0.852555156 67.626449585
0.852106035 0.034231748 0.522248566 36.592647552 -0.043336626 0.999046862 0.005224096 0.985789180 -0.521571934 -0.027083974 0.852777302 67.963676453
0.851404190 0.035125744 0.523332715 37.016216278 -0.043098222 0.999066114 0.003059359 0.991663218 -0.522736549 -0.025159460 0.852122962 68.654655457
0.851673782 0.033946976 0.522971570 37.476150513 -0.041587405 0.999130785 0.002870979 1.001204848 -0.522419572 -0.024194174 0.852345288 69.343826294
0.851358652 0.033311583 0.523525178 37.687381744 -0.041108109 0.999149323 0.003274916 1.007349968 -0.522970855 -0.024309261 0.852003932 69.684921265
0.850744545 0.031798575 0.524616599 38.126224518 -0.039503355 0.999213338 0.003495317 1.013566613 -0.524092793 -0.023697738 0.851331472 70.377685547
0.850901067 0.030340498 0.524448872 38.583557129 -0.037828125 0.999277890 0.003564519 1.026134253 -0.523962200 -0.022871977 0.851434410 71.064544678
0.851038516 0.029495683 0.524274170 38.813194275 -0.036547527 0.999327123 0.003104323 1.030617833 -0.523829937 -0.021802824 0.851543784 71.403007507
0.850468695 0.028887551 0.525231838 39.250919342 -0.035681114 0.999359369 0.002811396 1.035042644 -0.524814129 -0.021131860 0.850954533 72.092842102
0.850396872 0.028813103 0.525352299 39.702186584 -0.035391469 0.999370396 0.002478005 1.042435288 -0.524950266 -0.020700280 0.850881159 72.772895813
0.850137115 0.029681129 0.525724173 39.925224304 -0.036009964 0.999349773 0.001810030 1.052110910 -0.525328577 -0.020470086 0.850653172 73.125480652
0.849786341 0.029647632 0.526292920 40.373355865 -0.035639618 0.999363840 0.001248901 1.058618903 -0.525921166 -0.019818177 0.850302458 73.797477722
0.848707855 0.030060979 0.528006852 40.807628632 -0.035885777 0.999355614 0.000785857 1.066787958 -0.527642906 -0.019614901 0.849239767 74.480957031
0.848358989 0.030312663 0.528552949 41.034118652 -0.035962343 0.999353111 0.000408521 1.074368358 -0.528198659 -0.019354580 0.848900259 74.813262939
0.847315967 0.030492028 0.530213177 41.484634399 -0.036123123 0.999347270 0.000255690 1.086798668 -0.529859185 -0.019369608 0.847864389 75.490051270
0.846329510 0.030723786 0.531773090 41.927883148 -0.036867596 0.999319732 0.000938813 1.088258266 -0.531382561 -0.020399734 0.846886337 76.175933838
0.845785797 0.031023744 0.532620013 42.141368866 -0.037574589 0.999292731 0.001461156 1.089473367 -0.532198012 -0.021248801 0.846353292 76.505752563
0.845215201 0.029729892 0.533598542 42.604236603 -0.036302213 0.999339223 0.001823344 1.098657966 -0.533191741 -0.020911930 0.845735908 77.190078735
0.844438791 0.029021628 0.534865320 43.047271729 -0.035173643 0.999380410 0.001305647 1.107596159 -0.534496009 -0.019915702 0.844936371 77.861366272
0.843822300 0.029138802 0.535830975 43.273803711 -0.035186786 0.999380112 0.001064984 1.110727072 -0.535467863 -0.019752827 0.844324589 78.204635620
0.842845082 0.028691549 0.537390947 43.719223022 -0.034899794 0.999389887 0.001379031 1.115377426 -0.537023485 -0.019917147 0.843332112 78.875778198
0.841902971 0.027639620 0.538920760 44.162471771 -0.034915596 0.999384880 0.003289776 1.120489597 -0.538498282 -0.021586413 0.842350066 79.554763794
0.841858923 0.027563516 0.538993299 44.400268555 -0.035338107 0.999367058 0.004088421 1.129144669 -0.538539469 -0.022488875 0.842300117 79.884834290
0.840942919 0.026832467 0.540458202 44.837226868 -0.035711151 0.999344468 0.005950803 1.137387991 -0.539944172 -0.024304666 0.841349900 80.550735474
0.840502143 0.025157893 0.541223586 45.295783997 -0.035098273 0.999351442 0.008053229 1.147048712 -0.540670037 -0.025764771 0.840840161 81.219161987
0.840127707 0.025239851 0.541801035 45.517509460 -0.035512105 0.999333084 0.008511765 1.151042461 -0.541224778 -0.026391463 0.840463638 81.558486938
0.839747965 0.026389994 0.542334497 45.956108093 -0.037045203 0.999275327 0.008735874 1.161268473 -0.541711152 -0.027426831 0.840117216 82.213768005
0.839370966 0.028171090 0.542828381 46.397693634 -0.038233209 0.999242425 0.007262147 1.175117731 -0.542212546 -0.026849709 0.839812279 82.878616333
0.839247942 0.029410403 0.542952955 47.060134888 -0.038851544 0.999227405 0.005927586 1.188199639 -0.542359173 -0.026069276 0.839742184 83.843391418
0.838919640 0.029693395 0.543444693 47.506858826 -0.039675396 0.999190450 0.006652215 1.200412035 -0.542807281 -0.027142059 0.839418530 84.496498108
0.838760734 0.028857123 0.543734848 47.718017578 -0.039603285 0.999182940 0.008063013 1.197815895 -0.543057978 -0.028296633 0.839218199 84.824676514
0.838434517 0.027238011 0.544321239 48.141529083 -0.039353278 0.999168932 0.010618321 1.216005921 -0.543579638 -0.030323589 0.838809669 85.462448120
0.838280141 0.025213081 0.544656336 48.557216644 -0.038097374 0.999197364 0.012381085 1.228659868 -0.543906987 -0.031128796 0.838567972 86.085487366
0.838388622 0.024034049 0.544542849 48.795318604 -0.036978155 0.999233723 0.012829919 1.232260823 -0.543817163 -0.030892653 0.838634908 86.424301147
0.838280380 0.022166438 0.544788778 49.207744598 -0.035441343 0.999275446 0.013875838 1.237243891 -0.544086397 -0.030939884 0.838458538 87.040878296
0.838579178 0.021069562 0.544372082 49.654106140 -0.033889748 0.999334037 0.013526968 1.257414699 -0.543724597 -0.029792069 0.838734686 87.673271179
0.838660717 0.020187929 0.544279873 49.865997314 -0.032647181 0.999379277 0.013236780 1.266252995 -0.543674886 -0.028870370 0.838799238 87.983123779
0.838593543 0.019129733 0.544421613 50.273185730 -0.030764975 0.999451280 0.012270037 1.279164791 -0.543888152 -0.027038690 0.838721991 88.591766357
0.838356674 0.019007575 0.544790506 50.692829132 -0.030370535 0.999468267 0.011864880 1.286746740 -0.544275403 -0.026492588 0.838488102 89.229446411
0.838477910 0.017942449 0.544640183 50.900562286 -0.029165544 0.999502838 0.011973292 1.290860057 -0.544154584 -0.025924068 0.838584363 89.531341553
0.838592350 0.016287724 0.544515789 51.306686401 -0.027588774 0.999540031 0.012590084 1.298554897 -0.544060409 -0.025580468 0.838656127 90.129440308
0.838859558 0.014783618 0.544147074 51.719760895 -0.025952891 0.999580562 0.012852059 1.309950233 -0.543728948 -0.024903260 0.838891387 90.733604431
0.838647723 0.014516626 0.544480741 51.911228180 -0.025717814 0.999585211 0.012962036 1.315446377 -0.544066846 -0.024873435 0.838673115 91.033882141
0.838817179 0.012374131 0.544272602 52.325084686 -0.023983635 0.999610960 0.014236557 1.324143529 -0.543884695 -0.024995504 0.838787615 91.628387451
0.838781238 0.011813119 0.544340432 52.720458984 -0.023900220 0.999599755 0.015135136 1.338492632 -0.543943703 -0.025704926 0.838727772 92.229179382
0.838931262 0.011281762 0.544120610 52.926731110 -0.023452476 0.999605834 0.015433522 1.342769146 -0.543731987 -0.025708634 0.838865042 92.520202637
0.838991225 0.010339384 0.544046640 53.306182861 -0.022375030 0.999629378 0.015507681 1.357660055 -0.543684602 -0.025183868 0.838911653 93.094215393
0.839005053 0.009420175 0.544042051 53.692073822 -0.021770075 0.999630690 0.016264383 1.370871663 -0.543687940 -0.025489738 0.838900208 93.670288086
0.839145780 0.009381472 0.543825686 53.888141632 -0.022189895 0.999609232 0.016995789 1.378915191 -0.543453753 -0.026329380 0.839026213 93.954231262
0.839100480 0.008931738 0.543903172 54.256900787 -0.023011923 0.999552906 0.019087162 1.391961813 -0.543489575 -0.028532306 0.838930905 94.517555237
0.839123726 0.009014606 0.543865740 54.641376495 -0.023341114 0.999538362 0.019445309 1.408067703 -0.543439388 -0.029011456 0.838946819 95.094161987
0.838924766 0.008776995 0.544176638 54.818862915 -0.022661649 0.999566138 0.018814167 1.411055803 -0.543775380 -0.028115610 0.838759720 95.368453979
0.839230776 0.008776678 0.543704510 55.198585510 -0.021608958 0.999618173 0.017218133 1.423936129 -0.543345809 -0.026198875 0.839100063 95.923561096
0.839291751 0.009656902 0.543595552 55.575778961 -0.021296436 0.999658823 0.015122122 1.438218594 -0.543264091 -0.024268523 0.839211047 96.475318909
0.838829756 0.009879994 0.544304430 55.736877441 -0.021351855 0.999663055 0.014759944 1.435033679 -0.543975294 -0.024002984 0.838757873 96.750625610
0.839415252 0.011000916 0.543379307 56.111572266 -0.021511918 0.999684155 0.012992746 1.454549551 -0.543064713 -0.022595439 0.839386761 97.281639099
0.839537799 0.012151349 0.543165445 56.469554901 -0.020742372 0.999737799 0.009694725 1.460371614 -0.542905271 -0.019405626 0.839569747 97.814361572
0.839480042 0.012004872 0.543257833 56.645126343 -0.019684281 0.999771535 0.008324652 1.461300373 -0.543033719 -0.017682018 0.839524686 98.075027466
0.839605451 0.010214810 0.543100655 56.998851776 -0.016664280 0.999836862 0.006956862 1.465069532 -0.542941034 -0.014891399 0.839638829 98.600105286
0.839529455 0.007548623 0.543261647 57.358222961 -0.012822568 0.999900281 0.005921741 1.475172520 -0.543162882 -0.011937486 0.839542568 99.114837646
0.839479148 0.006894253 0.543348014 57.534118652 -0.011928198 0.999912441 0.005741855 1.480021954 -0.543260872 -0.011301330 0.839487791 99.374755859
0.839547455 0.004962964 0.543263674 57.878452301 -0.011062515 0.999907255 0.007961150 1.487287998 -0.543173671 -0.012693625 0.839524388 99.885925293
0.839677274 0.006743311 0.543043792 58.214279175 -0.016903620 0.999762952 0.013722413 1.497926116 -0.542822540 -0.020701807 0.839592159 100.399856567
0.839706063 0.005872124 0.543009460 58.380950928 -0.017578872 0.999711394 0.016372927 1.506961703 -0.542756557 -0.023293938 0.839566886 100.656326294
0.840199292 0.003606840 0.542265832 58.721290588 -0.019278739 0.999544442 0.023222530 1.522620916 -0.541935027 -0.029965755 0.839885950 101.168319702
0.840149164 -0.003477840 0.542344391 59.055473328 -0.013835528 0.999516606 0.027842212 1.538610101 -0.542178929 -0.030895231 0.839694798 101.652595520
0.840372860 -0.006235033 0.541972935 59.222534180 -0.010342037 0.999567270 0.027535515 1.550343633 -0.541909993 -0.028745204 0.839944780 101.888748169
0.840469003 0.000219662 0.541859388 59.539321899 -0.014593025 0.999646306 0.022229753 1.551492929 -0.541662991 -0.026590792 0.840175152 102.371261597
0.840466619 0.009756393 0.541775584 59.845645905 -0.019829595 0.999721885 0.012758837 1.553711534 -0.541500568 -0.021466564 0.840426207 102.849365234
0.840522647 0.015790967 0.541546226 59.994792938 -0.024489705 0.999660790 0.008860808 1.555885196 -0.541222572 -0.020710012 0.840624273 103.088218689
0.841142476 0.023781829 0.540290475 60.299365997 -0.030919982 0.999513388 0.004141959 1.569452524 -0.539928973 -0.020189751 0.841468394 103.559257507
0.841564834 0.021391438 0.539732456 60.615226746 -0.028528288 0.999581218 0.004865234 1.579783201 -0.539402246 -0.019492052 0.841822565 104.028335571
0.841762781 0.019995978 0.539477050 60.773395538 -0.027546024 0.999602914 0.005930149 1.586292148 -0.539144218 -0.019852228 0.841979444 104.259613037
0.841768920 0.017398072 0.539557517 61.080566406 -0.026978243 0.999587417 0.009857256 1.592281818 -0.539163351 -0.022853846 0.841891050 104.719657898
0.842232764 0.018262938 0.538804650 61.378932953 -0.029276263 0.999500692 0.011884844 1.598655701 -0.538318574 -0.025783991 0.842346907 105.177955627
0.842311382 0.019534858 0.538637042 61.524833679 -0.031220807 0.999433398 0.012575912 1.602862954 -0.538086176 -0.027409518 0.842444062 105.405693054
0.842457831 0.021566220 0.538330436 61.818634033 -0.034219522 0.999322951 0.013517508 1.610965967 -0.537674427 -0.029809341 0.842625380 105.853157043
0.842808485 0.021714520 0.537775338 62.107963562 -0.034202803 0.999327064 0.013251831 1.618207932 -0.537125707 -0.029562179 0.842983902 106.298690796
0.843119562 0.022105925 0.537271440 62.254161835 -0.034309655 0.999330282 0.012723599 1.622813106 -0.536630332 -0.029161116 0.843313336 106.519546509
0.843553603 0.021011340 0.536633849 62.541397095 -0.032881156 0.999380350 0.012557349 1.630463839 -0.536037445 -0.028237939 0.843721807 106.950706482
0.843823850 0.020496560 0.536228836 62.824436188 -0.032305468 0.999398291 0.012636215 1.640518427 -0.535647035 -0.027985865 0.843978047 107.377807617
0.843880534 0.020619862 0.536134839 62.959411621 -0.032502659 0.999390662 0.012722657 1.644323826 -0.535545826 -0.028162211 0.844036520 107.587783813
0.844485700 0.021144807 0.535160542 63.235939026 -0.032561786 0.999398947 0.011895237 1.651210189 -0.534587324 -0.027471138 0.844666600 108.008316040
0.844639599 0.020879883 0.534927964 63.505920410 -0.032105133 0.999416232 0.011683026 1.656790018 -0.534371734 -0.027041882 0.844816864 108.419113159
0.844747961 0.020334367 0.534777939 63.642383575 -0.031702336 0.999424338 0.012075696 1.657957911 -0.534224570 -0.027154630 0.844906330 108.623458862
0.844752967 0.019082194 0.534816146 63.913276672 -0.030223928 0.999470115 0.012078295 1.663402915 -0.534302294 -0.026367420 0.844882071 109.031784058
0.844913602 0.019571634 0.534544408 64.164199829 -0.029853087 0.999498308 0.010591217 1.668914318 -0.534068823 -0.024906471 0.845073998 109.412902832
0.844820380 0.019954983 0.534677804 64.292144775 -0.029817587 0.999507189 0.009810304 1.671268344 -0.534218609 -0.024230747 0.844999075 109.603706360
0.844990015 0.021132650 0.534364343 64.546234131 -0.030821577 0.999482453 0.009211346 1.675729990 -0.533893108 -0.024253445 0.845204055 109.999977112
0.845042288 0.021568799 0.534264147 64.796226501 -0.031355854 0.999465466 0.009245903 1.681695700 -0.533779085 -0.024565488 0.845267057 110.382598877
0.845043063 0.022184728 0.534237802 64.919364929 -0.031960364 0.999448121 0.009051023 1.683475018 -0.533742130 -0.024722937 0.845285833 110.574134827
0.845323980 0.022483921 0.533780694 65.162948608 -0.031797703 0.999460161 0.008257274 1.689855576 -0.533306897 -0.023953075 0.845582604 110.940574646
0.845612049 0.022042332 0.533342659 65.424942017 -0.031084845 0.999484897 0.007977501 1.692383051 -0.532892108 -0.023324745 0.845861614 111.328971863
0.845612407 0.022162130 0.533337116 65.519309998 -0.030720832 0.999502242 0.007175229 1.697819114 -0.532912612 -0.022452023 0.845872402 111.484512329
0.845593870 0.022917986 0.533334553 65.751075745 -0.031088814 0.999496520 0.006341363 1.696314812 -0.532920659 -0.021942953 0.845880628 111.840072632
0.845535696 0.023617825 0.533396244 65.973327637 -0.031731687 0.999478161 0.006045742 1.701141953 -0.532975018 -0.022037458 0.845843852 112.174232483
0.845567048 0.023303617 0.533360243 66.083969116 -0.031540390 0.999482393 0.006333366 1.702392101 -0.532936573 -0.022177676 0.845864475 112.362358093
0.845845699 0.023278991 0.532919526 66.314765930 -0.031595849 0.999479711 0.006489420 1.703905821 -0.532491088 -0.022327092 0.846141100 112.716156006
0.845962882 0.022981238 0.532746315 66.516822815 -0.031040713 0.999499023 0.006174728 1.708950281 -0.532337546 -0.021760419 0.846252501 113.008201599
0.845881522 0.023124726 0.532869279 66.611732483 -0.031171227 0.999495387 0.006106770 1.710361481 -0.532459259 -0.021775793 0.846175611 113.154281616
0.846272409 0.022610327 0.532270432 66.831489563 -0.030657787 0.999510169 0.006285503 1.713200569 -0.531867564 -0.021637479 0.846551120 113.483093262
0.846450388 0.021374276 0.532038391 67.042526245 -0.029772649 0.999530613 0.007211566 1.716807127 -0.531634450 -0.021944424 0.846689641 113.809143066
0.846339524 0.021490747 0.532209933 67.139808655 -0.030280564 0.999511063 0.007792796 1.719793916 -0.531782329 -0.022710964 0.846576571 113.961250305
0.845875978 0.021519657 0.532945275 67.306564331 -0.030981677 0.999481082 0.008815479 1.725114465 -0.532479048 -0.023968345 0.846103668 114.227302551
0.846187115 0.021644147 0.532446146 67.519302368 -0.031132186 0.999476135 0.008847554 1.729743123 -0.531975746 -0.024062896 0.846417665 114.556579590
0.846344709 0.021706576 0.532193065 67.612060547 -0.031251974 0.999471664 0.008934431 1.730558753 -0.531717896 -0.024193689 0.846575975 114.701347351
0.846457660 0.021709315 0.532013297 67.800247192 -0.031084113 0.999479175 0.008671545 1.735607505 -0.531547964 -0.023877256 0.846691608 114.980918884
0.846177161 0.021171955 0.532480955 67.970481873 -0.030612903 0.999491572 0.008906893 1.733377218 -0.532021523 -0.023837591 0.846395254 115.256866455
0.846496761 0.020942088 0.531981885 68.066398621 -0.030319070 0.999500692 0.008897604 1.736429453 -0.531530023 -0.023660989 0.846708953 115.386459351
0.846382797 0.020505657 0.532180309 68.239669800 -0.030161196 0.999500394 0.009456387 1.743057251 -0.531720519 -0.024054915 0.846578240 115.655227661
0.846703827 0.020403702 0.531673133 68.418151855 -0.029903224 0.999509931 0.009264102 1.746030569 -0.531223536 -0.023742693 0.846899033 115.914131165
0.846594751 0.020710295 0.531834960 68.492080688 -0.030099895 0.999506474 0.008992146 1.750146031 -0.531386375 -0.023620879 0.846800208 116.044532776
0.846760392 0.020426301 0.531582117 68.656433105 -0.029871782 0.999511719 0.009176231 1.753091455 -0.531135023 -0.023649376 0.846957147 116.278747559
0.846340775 0.020197112 0.532258749 68.796691895 -0.030086912 0.999498129 0.009913988 1.754971266 -0.531791389 -0.024404634 0.846523702 116.510498047
0.846216261 0.020216506 0.532456040 68.860534668 -0.030249503 0.999491155 0.010125535 1.755515933 -0.531980336 -0.024674922 0.846397042 116.597640991
