1.000000000 0.000000000 0.000000000 0.000000000 0.000000000 1.000000000 0.000000000 0.000000000 0.000000000 0.000000000 1.000000000 0.000000000
1.000000000 0.000027003 -0.000098989 0.001366207 -0.000027063 0.999999762 -0.000602642 -0.000964497 0.000098972 0.000602645 0.999999821 -0.005207513
1.000000000 -0.000184367 0.000011790 -0.000500941 0.000184381 0.999999404 -0.001165336 -0.002036262 -0.000011575 0.001165338 0.999999285 -0.008318388
0.999999881 0.000278462 0.000286437 -0.004588577 -0.000277644 0.999995828 -0.002855530 0.000852657 -0.000287231 0.002855450 0.999995887 -0.012387701
0.999999702 0.000804073 0.000191945 -0.007141772 -0.000803352 0.999992669 -0.003725590 0.003033375 -0.000194939 0.003725434 0.999993086 -0.023435915
1.000000000 0.000346039 0.000156416 -0.001359967 -0.000345524 0.999994576 -0.003279294 0.001118242 -0.000157551 0.003279240 0.999994695 -0.011380964
1.000000000 -0.000027911 0.000119726 -0.002805417 0.000028235 0.999996305 -0.002704789 -0.000618048 -0.000119650 0.002704793 0.999996364 -0.013185335
1.000000000 -0.000064916 0.000127167 -0.002156526 0.000065269 0.999996006 -0.002784458 -0.001503603 -0.000126986 0.002784466 0.999996126 -0.011497390
0.999999940 0.000262626 0.000238064 -0.003725186 -0.000261881 0.999995112 -0.003125534 -0.000019500 -0.000238884 0.003125472 0.999995172 -0.012672164
0.999999940 0.000311578 0.000352493 -0.006327502 -0.000310520 0.999995410 -0.002998802 -0.000011806 -0.000353426 0.002998692 0.999995470 -0.016329033
1.000000000 0.000259872 0.000108962 -0.002239569 -0.000259578 0.999996305 -0.002692939 -0.001661240 -0.000109662 0.002692910 0.999996364 -0.012099653
1.000000000 -0.000122334 0.000167066 -0.003337677 0.000122797 0.999996126 -0.002779732 -0.001436506 -0.000166726 0.002779752 0.999996126 -0.013250607
0.999999940 0.000378510 0.000225389 -0.003519026 -0.000377869 0.999995947 -0.002840583 -0.001288504 -0.000226464 0.002840497 0.999995947 -0.013200622
1.000000000 0.000032362 0.000180502 -0.003553728 -0.000031833 0.999995649 -0.002931001 -0.000814912 -0.000180596 0.002930996 0.999995708 -0.013320325
1.000000000 -0.000079248 0.000233834 -0.003625995 0.000079875 0.999996305 -0.002683263 -0.003176462 -0.000233621 0.002683281 0.999996364 -0.014118005
1.000000000 0.000339285 0.000097819 -0.002878602 -0.000339013 0.999996126 -0.002766058 -0.000714488 -0.000098757 0.002766025 0.999996245 -0.013621571
0.999999940 0.000250083 0.000138584 -0.002729391 -0.000249712 0.999996305 -0.002675127 -0.002158843 -0.000139253 0.002675093 0.999996424 -0.011817958
0.999999940 0.000328774 0.000266728 -0.003689911 -0.000327981 0.999995530 -0.002970127 0.001075657 -0.000267704 0.002970039 0.999995649 -0.012748267
0.999999940 0.000455274 0.000124062 -0.002324840 -0.000454926 0.999995947 -0.002791535 -0.000200357 -0.000125333 0.002791478 0.999996126 -0.012215190
1.000000000 0.000070003 0.000258527 -0.004858035 -0.000069329 0.999996603 -0.002607094 -0.003316341 -0.000258709 0.002607076 0.999996603 -0.014285375
0.999999881 -0.000347299 0.000370598 -0.006784162 0.000348273 0.999996424 -0.002631464 -0.004642006 -0.000369683 0.002631592 0.999996483 -0.017858710
1.000000000 -0.000163858 0.000242810 -0.004697398 0.000164517 0.999996305 -0.002718280 -0.002734207 -0.000242364 0.002718320 0.999996305 -0.014412941
1.000000000 0.000136693 -0.000093741 0.000013967 -0.000136952 0.999996126 -0.002762253 -0.001287067 0.000093363 0.002762266 0.999996185 -0.009282819
1.000000000 0.000147828 -0.000165169 0.000468177 -0.000148289 0.999996126 -0.002789845 -0.001759177 0.000164756 0.002789869 0.999996126 -0.011290018
0.999999940 0.000294144 -0.000118179 0.000168156 -0.000294466 0.999996185 -0.002733137 -0.001381161 0.000117375 0.002733171 0.999996245 -0.010400484
0.999999940 0.000256174 -0.000125287 -0.000041134 -0.000256519 0.999996185 -0.002758588 -0.001492952 0.000124580 0.002758619 0.999996185 -0.010151956
0.999999881 0.000375148 -0.000114332 -0.000075655 -0.000375460 0.999996185 -0.002739958 -0.001178461 0.000113304 0.002740001 0.999996245 -0.009592686
1.000000000 0.000301306 -0.000083475 -0.000150058 -0.000301532 0.999996305 -0.002717302 -0.001106105 0.000082656 0.002717327 0.999996305 -0.009254505
0.999999881 0.000416661 -0.000117367 -0.000059516 -0.000416978 0.999996245 -0.002720528 -0.001253278 0.000116234 0.002720577 0.999996305 -0.009688959
0.999999940 0.000472020 -0.000106199 -0.000156421 -0.000472308 0.999996245 -0.002725279 -0.001140865 0.000104913 0.002725329 0.999996305 -0.009261770
0.999999940 0.000403227 -0.000129888 0.000002880 -0.000403573 0.999996305 -0.002674915 -0.001299506 0.000128809 0.002674967 0.999996424 -0.009777723
0.999999940 0.000291965 -0.000184646 0.000293400 -0.000292473 0.999996185 -0.002757053 -0.001630487 0.000183840 0.002757107 0.999996185 -0.011163294
0.999999940 0.000336995 -0.000184128 0.000337649 -0.000337490 0.999996364 -0.002696681 -0.001554902 0.000183219 0.002696742 0.999996364 -0.011070406
1.000000000 0.000241141 -0.000176595 0.000424335 -0.000241628 0.999996185 -0.002762830 -0.001519494 0.000175928 0.002762872 0.999996185 -0.010563999
0.999999940 0.000258263 -0.000138720 0.000041721 -0.000258642 0.999996245 -0.002742371 -0.001220477 0.000138011 0.002742407 0.999996245 -0.009166314
0.999999940 0.000159065 -0.000064929 0.000011358 -0.000159244 0.999996185 -0.002761952 -0.001527155 0.000064490 0.002761962 0.999996126 -0.010552573
0.999999881 0.000395866 -0.000105263 0.000089877 -0.000396150 0.999996185 -0.002711004 -0.001410662 0.000104190 0.002711045 0.999996305 -0.010284253
1.000000000 0.000129069 -0.000104319 0.000202013 -0.000129357 0.999996305 -0.002765124 -0.001536845 0.000103962 0.002765137 0.999996185 -0.010602144
0.999999940 0.000266977 -0.000176022 0.000371016 -0.000267460 0.999996185 -0.002748063 -0.001593529 0.000175288 0.002748109 0.999996185 -0.010658979
1.000000000 0.000125458 -0.000153880 0.000151701 -0.000125885 0.999996126 -0.002783598 -0.001434839 0.000153530 0.002783618 0.999996066 -0.010344637
1.000000000 0.000190993 -0.000192461 0.000271267 -0.000191520 0.999996245 -0.002741016 -0.001545405 0.000191937 0.002741053 0.999996185 -0.010715155
1.000000000 0.000132100 -0.000163722 0.000004557 -0.000132561 0.999996126 -0.002823977 -0.001273875 0.000163348 0.002823999 0.999996006 -0.009909932
0.999999940 0.000261748 -0.000169940 0.000233079 -0.000262221 0.999996126 -0.002787814 -0.001416935 0.000169209 0.002787858 0.999996126 -0.010043046
1.000000000 0.000167855 -0.000101984 0.000064022 -0.000168142 0.999996006 -0.002821241 -0.001324936 0.000101510 0.002821258 0.999996006 -0.009808264
1.000000000 0.000088156 -0.000139907 0.000207792 -0.000088551 0.999996006 -0.002829190 -0.001480273 0.000139657 0.002829203 0.999995947 -0.010404818
1.000000000 0.000224924 -0.000020785 -0.000332946 -0.000224982 0.999995887 -0.002868785 -0.000989324 0.000020139 0.002868789 0.999995828 -0.008602043
1.000000000 0.000133948 -0.000082263 0.000104363 -0.000134184 0.999995887 -0.002871346 -0.001322814 0.000081878 0.002871357 0.999995828 -0.009870290
0.999999940 -0.000023488 -0.000184996 0.000076073 0.000022957 0.999995887 -0.002866259 -0.001762079 0.000185063 0.002866254 0.999995887 -0.010823987
1.000000000 0.000143101 -0.000098482 0.000008937 -0.000143382 0.999995887 -0.002859701 -0.001249031 0.000098072 0.002859715 0.999995828 -0.009603712
1.000000000 0.000110213 -0.000079043 0.000165215 -0.000110435 0.999996066 -0.002815723 -0.001282946 0.000078733 0.002815732 0.999996066 -0.009571283
0.999999940 0.000150866 -0.000087890 0.000040128 -0.000151116 0.999995947 -0.002847337 -0.001298817 0.000087460 0.002847350 0.999995887 -0.009835893
1.000000000 0.000162761 -0.000108833 0.000015453 -0.000163062 0.999996185 -0.002770946 -0.001262417 0.000108381 0.002770963 0.999996126 -0.009688972
0.999999940 0.000183745 -0.000033977 -0.000330655 -0.000183840 0.999996066 -0.002814662 -0.000963974 0.000033460 0.002814668 0.999996066 -0.008091552
1.000000000 0.000004410 -0.000117771 0.000248774 -0.000004738 0.999996126 -0.002779163 -0.001355627 0.000117759 0.002779164 0.999996126 -0.009682216
1.000000000 0.000121544 -0.000099251 -0.000109187 -0.000121825 0.999996006 -0.002834379 -0.001228781 0.000098905 0.002834391 0.999995947 -0.009476842
1.000000000 0.000203629 -0.000083006 0.000067759 -0.000203863 0.999996006 -0.002821443 -0.001389306 0.000082432 0.002821460 0.999996006 -0.010064046
0.999999881 0.000379010 -0.000059328 -0.000410836 -0.000379184 0.999995589 -0.002966877 -0.000935510 0.000058204 0.002966899 0.999995649 -0.008394538
0.999999881 0.000451752 -0.000015055 -0.000879407 -0.000451797 0.999995112 -0.003107641 -0.000450534 0.000013651 0.003107647 0.999995112 -0.006929801
0.999999940 0.000258974 -0.000185145 -0.000922682 -0.000259736 0.999991536 -0.004129273 -0.000601554 0.000184075 0.004129320 0.999991477 -0.006094117
0.999999583 0.000934043 -0.000137951 -0.005118193 -0.000934894 0.999979734 -0.006303512 0.003243219 0.000132060 0.006303638 0.999980152 0.008316218
0.999998808 0.001552560 0.000040353 -0.009623220 -0.001552257 0.999976575 -0.006674960 0.007225790 -0.000050715 0.006674889 0.999977708 0.024010088
0.999996364 0.002669676 0.000164251 -0.015942216 -0.002668496 0.999973297 -0.006806429 0.012994282 -0.000182417 0.006805967 0.999976814 0.045486655
0.999992967 0.003755182 0.000218028 -0.019659482 -0.003753564 0.999968529 -0.007001499 0.016508747 -0.000244313 0.007000630 0.999975443 0.058459584
0.999999046 0.001323056 -0.000461847 -0.001351465 -0.001326145 0.999976337 -0.006752063 0.000446165 0.000452903 0.006752668 0.999977112 0.125172868
0.999999225 0.000426296 -0.001239746 0.008903774 -0.000434410 0.999978483 -0.006552508 -0.012211774 0.001236926 0.006553040 0.999977827 0.186927199
0.999999046 0.000667698 -0.001278271 0.008317118 -0.000676461 0.999976218 -0.006867544 -0.011382267 0.001273655 0.006868401 0.999975681 0.216415435
0.999997318 0.001828470 -0.001479458 0.005398953 -0.001839064 0.999972522 -0.007191496 -0.010561962 0.001466267 0.007194196 0.999973059 0.281792343
0.999994040 0.002673295 -0.002213436 0.007776395 -0.002689700 0.999968708 -0.007441711 -0.011457345 0.002193473 0.007447619 0.999969840 0.357928663
0.999990880 0.003662543 -0.002221538 0.001026894 -0.003680303 0.999960959 -0.008043538 -0.007947820 0.002191991 0.008051639 0.999965250 0.392391026
0.999984801 0.004704971 -0.002893256 0.000874268 -0.004730748 0.999948621 -0.008967916 -0.007024786 0.002850913 0.008981468 0.999955595 0.481018752
0.999976218 0.005754058 -0.003806505 -0.003917659 -0.005787892 0.999943256 -0.008937831 -0.003958981 0.003754861 0.008959650 0.999952793 0.571223974
0.999974608 0.005668893 -0.004310861 -0.003561372 -0.005703401 0.999951482 -0.008035298 -0.006946363 0.004265101 0.008059681 0.999958456 0.621439278
0.999965072 0.007075801 -0.004446912 -0.007335187 -0.007106733 0.999950349 -0.006978948 0.002740445 0.004397309 0.007010307 0.999965787 0.702306926
0.999948859 0.008866906 -0.004864596 -0.007270977 -0.008896070 0.999942422 -0.006006665 0.004466199 0.004811055 0.006049633 0.999970198 0.821046114
0.999937475 0.009949969 -0.005121029 -0.010512220 -0.009979237 0.999933779 -0.005721547 0.005519390 0.005063761 0.005772293 0.999970615 0.883117080
0.999930620 0.009966639 -0.006278328 -0.010327270 -0.010000573 0.999935389 -0.005396920 0.005824791 0.006224133 0.005459333 0.999965787 1.011353612
0.999943078 0.007801275 -0.007276343 -0.008156059 -0.007846425 0.999950051 -0.006197345 0.007958747 0.007227631 0.006254086 0.999954343 1.153521776
0.999955297 0.005745522 -0.007499475 -0.004079074 -0.005793196 0.999963045 -0.006350880 0.004436854 0.007462707 0.006394042 0.999951661 1.202350855
0.999971747 0.002316891 -0.007151826 -0.000986373 -0.002370873 0.999968648 -0.007548769 0.006160822 0.007134113 0.007565512 0.999945879 1.351698399
0.999966621 0.000495278 -0.008148292 0.002844105 -0.000570090 0.999957621 -0.009181576 0.001957376 0.008143401 0.009185917 0.999924660 1.506543994
0.999958098 0.000832549 -0.009113118 0.002224868 -0.000924144 0.999949098 -0.010051230 0.002409017 0.009104287 0.010059232 0.999907970 1.586355925
0.999937952 0.001773715 -0.010995504 0.002504874 -0.001893097 0.999939263 -0.010856438 -0.000824904 0.010975580 0.010876581 0.999880612 1.739476919
0.999918163 0.002914795 -0.012453471 -0.004744306 -0.003056735 0.999930441 -0.011393778 -0.000177497 0.012419393 0.011430915 0.999857545 1.911958218
0.999908686 0.003050892 -0.013161980 -0.006871551 -0.003207048 0.999924481 -0.011859417 0.000535525 0.013124805 0.011900544 0.999843061 1.999932170
0.999886751 0.002404838 -0.014854908 -0.007245252 -0.002602626 0.999907970 -0.013309659 -0.000443138 0.014821535 0.013346815 0.999801099 2.192768574
0.999860346 0.001284660 -0.016657781 -0.004470494 -0.001539030 0.999882281 -0.015266482 -0.004236765 0.016636206 0.015289989 0.999744713 2.375898123
0.999849319 0.001881340 -0.017253358 -0.010969684 -0.002158596 0.999868572 -0.016065145 -0.003226198 0.017220868 0.016099969 0.999722123 2.473430395
0.999812663 0.002272696 -0.019220155 -0.016663693 -0.002571931 0.999875605 -0.015558488 -0.002488196 0.019182406 0.015605005 0.999694228 2.680082321
0.999764264 0.003642034 -0.021405093 -0.021942008 -0.003970939 0.999874413 -0.015343363 0.002140261 0.021346528 0.015424744 0.999653161 2.900283098
0.999739528 0.004851635 -0.022303579 -0.025777429 -0.005200136 0.999864876 -0.015593981 0.000999764 0.022224909 0.015705898 0.999629676 3.005648136
0.999683201 0.007139915 -0.024134872 -0.029760148 -0.007554300 0.999824882 -0.017122248 -0.004189394 0.024008395 0.017299149 0.999562085 3.220190048
0.999592960 0.011372449 -0.026162911 -0.037695520 -0.011882765 0.999740481 -0.019433174 -0.003900118 0.025935119 0.019736152 0.999468803 3.463048697
0.999540389 0.012080574 -0.027805394 -0.042764846 -0.012640630 0.999718964 -0.020055166 -0.004477210 0.027555304 0.020397425 0.999412179 3.584288597
0.999475658 0.011571971 -0.030238308 -0.053705052 -0.012171407 0.999731541 -0.019715479 -0.000042833 0.030002041 0.020073185 0.999348283 3.833396196
0.999457479 0.010243841 -0.031301249 -0.056122802 -0.010753118 0.999811828 -0.016145341 -0.002254292 0.031129973 0.016473174 0.999379516 4.086360931
0.999466002 0.009108031 -0.031380977 -0.057644449 -0.009569576 0.999847770 -0.014589095 -0.003191307 0.031243321 0.014881605 0.999401033 4.221044540
0.999429524 0.007396971 -0.032951493 -0.062886000 -0.007832090 0.999883473 -0.013095396 -0.003721580 0.032850787 0.013346003 0.999371111 4.499794960
0.999364793 0.006628492 -0.035014883 -0.070231639 -0.007059185 0.999900758 -0.012191022 -0.006837163 0.034930598 0.012430455 0.999312460 4.768192768
0.999343634 0.006588341 -0.035621665 -0.074305072 -0.006994484 0.999911785 -0.011289000 -0.006245330 0.035544146 0.011530744 0.999301612 4.913568497
0.999321520 0.006860594 -0.036184892 -0.081898354 -0.007279431 0.999907911 -0.011455918 -0.008773033 0.036102954 0.011711549 0.999279499 5.203502178
0.999290586 0.007174336 -0.036969289 -0.090551525 -0.007615200 0.999901414 -0.011798174 -0.006930269 0.036881004 0.012071334 0.999246776 5.503523350
0.999282777 0.007304917 -0.037155915 -0.093893327 -0.007701761 0.999914646 -0.010548633 -0.003707267 0.037075691 0.010827232 0.999253869 5.653447628
0.999294162 0.008348046 -0.036626723 -0.106522046 -0.008640216 0.999932110 -0.007825950 0.001599364 0.036558904 0.008136890 0.999298453 5.977623940
0.999298871 0.007576116 -0.036665875 -0.109797038 -0.007828286 0.999946654 -0.006738839 0.002751842 0.036612861 0.007021145 0.999304950 6.293856621
0.999302387 0.007576420 -0.036570776 -0.116089217 -0.007815707 0.999948978 -0.006404578 0.004000183 0.036520381 0.006685937 0.999310553 6.462556839
0.999290407 0.007307590 -0.036951091 -0.121365353 -0.007496307 0.999959588 -0.004971246 0.007961903 0.036913268 0.005244714 0.999304712 6.805390358
0.999282598 0.007337777 -0.037152905 -0.128563613 -0.007458095 0.999967396 -0.003100903 0.008856989 0.037128944 0.003375768 0.999304771 7.143105507
0.999271452 0.007025896 -0.037512626 -0.130326420 -0.007105579 0.999972820 -0.001991271 0.009617097 0.037497610 0.002256369 0.999294162 7.324143887
0.999269187 0.006281740 -0.037704550 -0.142908916 -0.006279555 0.999980211 0.000176394 0.011929931 0.037704915 0.000060503 0.999288857 7.682838917
0.999271214 0.005179906 -0.037817489 -0.146407366 -0.005146923 0.999986291 0.000969447 0.013042798 0.037821990 -0.000774097 0.999284208 8.049845695
0.999261677 0.005146251 -0.038072877 -0.148920611 -0.005153717 0.999986708 -0.000097960 0.015283138 0.038071856 0.000294105 0.999275029 8.241783142
0.999238253 0.006846702 -0.038417701 -0.162105069 -0.006928583 0.999973953 -0.001998606 0.018701026 0.038403008 0.002263264 0.999259770 8.622938156
0.999202251 0.006537764 -0.039396439 -0.168492064 -0.006687043 0.999970973 -0.003658575 0.018171232 0.039371368 0.003919101 0.999216974 8.997678757
0.999191940 0.006871798 -0.039600141 -0.173945457 -0.007057419 0.999964774 -0.004549508 0.018499147 0.039567478 0.004825307 0.999205291 9.191740990
0.999133646 0.010498231 -0.040269949 -0.184878170 -0.010747959 0.999924302 -0.005989865 0.020557836 0.040204015 0.006417496 0.999170899 9.571627617
0.999078333 0.011705532 -0.041296929 -0.198443577 -0.012069343 0.999890387 -0.008571361 0.022823609 0.041192073 0.009061887 0.999110162 9.988420486
0.999052227 0.011899276 -0.041869774 -0.203354537 -0.012313152 0.999877691 -0.009640870 0.023814999 0.041749947 0.010147281 0.999076545 10.197351456
0.999015212 0.012641443 -0.042529967 -0.217574939 -0.013120272 0.999853432 -0.010998402 0.024804257 0.042384703 0.011545574 0.999034643 10.623895645
0.999008775 0.011915957 -0.042889319 -0.230288938 -0.012418398 0.999857128 -0.011467552 0.026242375 0.042746551 0.011988804 0.999014020 11.055763245
0.998987615 0.012094476 -0.043330166 -0.232284367 -0.012597539 0.999856114 -0.011355790 0.026982948 0.043186594 0.011890146 0.998996377 11.274467468
0.998938859 0.012678273 -0.044275567 -0.246162981 -0.013167463 0.999855220 -0.010774661 0.027099997 0.044132549 0.011346225 0.998961270 11.719888687
0.998972416 0.014058451 -0.043086186 -0.266727060 -0.014537754 0.999835670 -0.010831162 0.029189050 0.042926829 0.011446407 0.999012649 12.157513618
0.998990357 0.014833354 -0.042403203 -0.272547662 -0.015285777 0.999829471 -0.010365292 0.025798127 0.042242210 0.011002993 0.999046803 12.375291824
0.998980343 0.015806904 -0.042287700 -0.287535638 -0.016207002 0.999826908 -0.009135217 0.026265167 0.042135980 0.009811260 0.999063730 12.838742256
0.999006152 0.015265808 -0.041875537 -0.301215112 -0.015633289 0.999841988 -0.008462192 0.024156436 0.041739743 0.009108434 0.999087036 13.303528786
0.999029994 0.015236349 -0.041312665 -0.308099091 -0.015596661 0.999843001 -0.008413253 0.025237732 0.041177981 0.009049432 0.999110878 13.535908699
0.999067605 0.014755672 -0.040570769 -0.312515467 -0.015108149 0.999850571 -0.008395063 0.021697909 0.040440828 0.009000184 0.999141514 14.004080772
0.999105990 0.013188333 -0.040165227 -0.322385907 -0.013542820 0.999871612 -0.008566399 0.025854312 0.040047094 0.009102689 0.999156356 14.491270065
0.999116242 0.012791935 -0.040039416 -0.330948055 -0.013134279 0.999879360 -0.008298863 0.026513256 0.039928425 0.008817418 0.999163628 14.730770111
0.999149740 0.011965025 -0.039452787 -0.343445539 -0.012284155 0.999893725 -0.007856457 0.026401855 0.039354593 0.008334422 0.999190569 15.217330933
0.999189794 0.011095528 -0.038686365 -0.350614399 -0.011418484 0.999901652 -0.008137143 0.025985584 0.038592283 0.008572291 0.999218225 15.711199760
0.999197602 0.011154985 -0.038466189 -0.354626596 -0.011471010 0.999902129 -0.008004793 0.027942464 0.038373135 0.008439615 0.999227822 15.956089020
0.999186277 0.012210721 -0.038439374 -0.371369272 -0.012510761 0.999893010 -0.007574713 0.031034760 0.038342770 0.008049457 0.999232233 16.472412109
0.999177873 0.012992905 -0.038402308 -0.385333419 -0.013264420 0.999888718 -0.006823910 0.032171614 0.038309373 0.007327685 0.999239087 16.982545853
0.999176443 0.013189780 -0.038373556 -0.389795899 -0.013440557 0.999889970 -0.006284540 0.029386990 0.038286436 0.006795126 0.999243736 17.229648590
0.999233067 0.011474249 -0.037439249 -0.404252291 -0.011630168 0.999924541 -0.003949454 0.032463476 0.037391104 0.004381849 0.999291122 17.746187210
0.999276042 0.009389848 -0.036867384 -0.407038480 -0.009487007 0.999951959 -0.002461261 0.041607015 0.036842510 0.002809239 0.999317110 18.293010712
0.999289155 0.008831290 -0.036650643 -0.410903484 -0.008920226 0.999957621 -0.002263833 0.042888567 0.036629099 0.002589156 0.999325514 18.554960251
0.999325037 0.006193356 -0.036208283 -0.419402391 -0.006239841 0.999979854 -0.001171036 0.045533806 0.036200307 0.001396180 0.999343574 19.096740723
0.999356866 0.007914347 -0.034974083 -0.434061199 -0.007907015 0.999968648 0.000347977 0.043919720 0.034975737 -0.000071213 0.999388278 19.659097672
0.999370217 0.008122797 -0.034542840 -0.440280288 -0.008133770 0.999966919 -0.000177107 0.047240645 0.034540266 0.000457959 0.999403238 19.932018280
0.999372303 0.007524756 -0.034618892 -0.451146007 -0.007573796 0.999970555 -0.001285630 0.052107014 0.034608193 0.001547019 0.999399841 20.482742310
0.999379516 0.008487497 -0.034183126 -0.467695117 -0.008545404 0.999962270 -0.001548281 0.054887574 0.034168698 0.001839429 0.999414384 21.034645081
0.999397635 0.006983796 -0.033993512 -0.461029887 -0.007052953 0.999973297 -0.001914919 0.061581302 0.033979233 0.002153520 0.999420166 21.339324951
0.999424875 0.004823491 -0.033565652 -0.464295447 -0.004853028 0.999987960 -0.000798553 0.064790972 0.033561394 0.000960989 0.999436200 21.897439957
0.999434531 0.003842857 -0.033402000 -0.472181499 -0.003809778 0.999992192 0.001053913 0.072887152 0.033405788 -0.000926063 0.999441385 22.489360809
0.999454081 0.003396377 -0.032861624 -0.482597023 -0.003364595 0.999993861 0.001022376 0.078618407 0.032864891 -0.000911252 0.999459386 22.787878036
0.999482512 0.003281901 -0.031999324 -0.485417962 -0.003280935 0.999994636 0.000082691 0.081395797 0.031999432 0.000022339 0.999487877 23.362770081
0.999512255 0.002679458 -0.031115135 -0.502981544 -0.002691957 0.999996305 -0.000359819 0.084608421 0.031114057 0.000443404 0.999515772 23.958883286
0.999517143 0.001716111 -0.031024672 -0.499190450 -0.001750473 0.999997914 -0.001080467 0.085160956 0.031022754 0.001134253 0.999517977 24.258281708
0.999534547 -0.000421857 -0.030506404 -0.508363485 0.000323382 0.999994755 -0.003232860 0.087541662 0.030507609 0.003221489 0.999529362 24.870605469
0.999565840 -0.001747217 -0.029412206 -0.517043233 0.001638322 0.999991715 -0.003726090 0.090026259 0.029418474 0.003676286 0.999560475 25.484960556
0.999561846 -0.003205542 -0.029425671 -0.513209105 0.003099426 0.999988556 -0.003651171 0.094476752 0.029437039 0.003558369 0.999560237 25.770011902
0.999553621 -0.005651073 -0.029336195 -0.516867995 0.005563225 0.999979854 -0.003075257 0.099995926 0.029352980 0.002910680 0.999564767 26.390439987
0.999553502 -0.006787272 -0.029097466 -0.523969412 0.006712493 0.999973953 -0.002666866 0.109332755 0.029114805 0.002470358 0.999572933 27.027053833
0.999553502 -0.007731769 -0.028859908 -0.528455615 0.007658269 0.999967158 -0.002656451 0.105103798 0.028879497 0.002434249 0.999579966 27.329477310
0.999569237 -0.006582891 -0.028600521 -0.541281581 0.006504016 0.999974728 -0.002849991 0.108646162 0.028618563 0.002662745 0.999586940 27.976200104
0.999581993 -0.005979364 -0.028283877 -0.549434304 0.005868638 0.999974787 -0.003996210 0.111369938 0.028307058 0.003828552 0.999592006 28.631042480
0.999586642 -0.005903614 -0.028135050 -0.553949714 0.005764243 0.999970794 -0.005032194 0.116969243 0.028163930 0.004867937 0.999591529 28.956747055
0.999610066 -0.004598086 -0.027542261 -0.560808659 0.004420396 0.999969065 -0.006508921 0.119873807 0.027571341 0.006384635 0.999599457 29.578979492
0.999612391 -0.004685036 -0.027443187 -0.553413093 0.004510874 0.999969244 -0.006404787 0.119048700 0.027472353 0.006278512 0.999602795 30.218111038
0.999631286 -0.002566187 -0.027031213 -0.554160178 0.002406816 0.999979556 -0.005926666 0.115988597 0.027045868 0.005859422 0.999617040 30.549594879
0.999653876 -0.002700221 -0.026166791 -0.577584386 0.002582958 0.999986470 -0.004514133 0.129586846 0.026178630 0.004444982 0.999647439 31.239990234
0.999679327 -0.000458221 -0.025318759 -0.589934349 0.000396625 0.999996960 -0.002437787 0.130147427 0.025319802 0.002426964 0.999676466 31.902929306
0.999689341 -0.000196683 -0.024924774 -0.592925012 0.000158168 0.999998748 -0.001547213 0.131005168 0.024925046 0.001542791 0.999688148 32.241359711
0.999712706 0.001134862 -0.023943268 -0.601329386 -0.001172194 0.999998152 -0.001545187 0.137465894 0.023941470 0.001572810 0.999712169 32.928623199
0.999729931 0.001680402 -0.023179371 -0.611065149 -0.001730756 0.999996126 -0.002152461 0.140139014 0.023175661 0.002191998 0.999728978 33.621017456
0.999739647 0.000903415 -0.022800434 -0.613935709 -0.000957972 0.999996662 -0.002381990 0.144207194 0.022798205 0.002403212 0.999737144 33.968959808
0.999766469 0.000337747 -0.021608036 -0.617490232 -0.000385914 0.999997437 -0.002225028 0.151108772 0.021607226 0.002232847 0.999764025 34.663665771
0.999796689 0.000018171 -0.020169128 -0.621327043 -0.000045218 0.999999106 -0.001340579 0.155111581 0.020169087 0.001341219 0.999795675 35.364940643
0.999801815 -0.000378878 -0.019903325 -0.617660105 0.000358313 0.999999404 -0.001036790 0.159209132 0.019903706 0.001029453 0.999801517 35.712169647
0.999821961 -0.000343251 -0.018861853 -0.616771877 0.000334002 0.999999821 -0.000493529 0.164437220 0.018862022 0.000487141 0.999821901 36.416290283
0.999844074 -0.000542270 -0.017647885 -0.619793594 0.000529978 0.999999583 -0.000701183 0.166576877 0.017648257 0.000691720 0.999843955 37.123054504
0.999848008 -0.001074737 -0.017399469 -0.621141315 0.001052776 0.999998629 -0.001271290 0.171999186 0.017400810 0.001252779 0.999847829 37.479598999
0.999862015 -0.001578123 -0.016537175 -0.621335626 0.001565981 0.999998450 -0.000747109 0.177172780 0.016538328 0.000721109 0.999862969 38.195659637
0.999878883 -0.001279035 -0.015508383 -0.619420588 0.001273058 0.999999106 -0.000395336 0.183076471 0.015508875 0.000375545 0.999879658 38.904376984
0.999888361 -0.001070119 -0.014904222 -0.616466343 0.001064403 0.999999344 -0.000391455 0.185381532 0.014904633 0.000375547 0.999888837 39.262805939
0.999893546 -0.001056126 -0.014548983 -0.616352201 0.001056719 0.999999464 0.000033016 0.190463766 0.014548941 -0.000048386 0.999894083 39.982337952
0.999907851 0.000018289 -0.013572801 -0.616869330 -0.000018901 1.000000119 -0.000044977 0.194664896 0.013572799 0.000045229 0.999907792 40.705730438
0.999911129 -0.000367771 -0.013326703 -0.616555750 0.000373377 0.999999762 0.000418134 0.197528988 0.013326548 -0.000423073 0.999911070 41.072814941
0.999922812 0.000445775 -0.012414233 -0.615515351 -0.000426351 0.999998689 0.001567278 0.203857958 0.012414914 -0.001561864 0.999921679 41.796413422
0.999931276 0.001038624 -0.011680770 -0.609130144 -0.001015795 0.999997675 0.001960151 0.213416368 0.011682778 -0.001948152 0.999929786 42.549362183
0.999934852 0.001411691 -0.011320297 -0.616639256 -0.001387176 0.999996603 0.002173077 0.213367015 0.011323328 -0.002157232 0.999933541 42.893497467
0.999940038 0.001634001 -0.010823417 -0.610621750 -0.001604455 0.999994874 0.002737945 0.219226807 0.010827838 -0.002720416 0.999937654 43.620189667
0.999941766 0.000337726 -0.010782651 -0.605137885 -0.000302386 0.999994576 0.003278937 0.230716377 0.010783699 -0.003275486 0.999936402 44.351894379
0.999944448 -0.000045116 -0.010537759 -0.600583553 0.000084138 0.999993145 0.003702646 0.234584674 0.010537523 -0.003703327 0.999937534 44.724044800
0.999948144 -0.002126471 -0.009951869 -0.595952749 0.002174174 0.999986172 0.004785060 0.241954848 0.009941556 -0.004806450 0.999939024 45.437320709
0.999950171 -0.002800746 -0.009580795 -0.587430239 0.002841722 0.999986887 0.004265896 0.251371026 0.009568721 -0.004292909 0.999944985 46.159301758
0.999951899 -0.002845086 -0.009386136 -0.590480566 0.002879447 0.999989212 0.003649302 0.253753722 0.009375653 -0.003676153 0.999949336 46.509750366
0.999948263 -0.001852021 -0.010004482 -0.588367343 0.001867339 0.999997079 0.001521996 0.254227757 0.010001635 -0.001540599 0.999948800 47.229999542
0.999945104 0.001585554 -0.010359222 -0.585827887 -0.001599896 0.999997795 -0.001376270 0.255849302 0.010357019 0.001392768 0.999945402 47.941421509
0.999942660 0.003553029 -0.010104266 -0.589345813 -0.003582668 0.999989331 -0.002916763 0.259203494 0.010093796 0.002952796 0.999944746 48.280143738
0.999931753 0.004732479 -0.010684087 -0.584392905 -0.004775110 0.999980688 -0.003968090 0.258299053 0.010665102 0.004018837 0.999935031 48.987655640
0.999930203 0.006170418 -0.010073478 -0.586421728 -0.006196187 0.999977589 -0.002528969 0.264703542 0.010057650 0.002591210 0.999946058 49.704505920
0.999929726 0.007281668 -0.009350399 -0.585556507 -0.007291770 0.999972880 -0.001046695 0.269483745 0.009342525 0.001114803 0.999955714 50.064548492
0.999925673 0.009071945 -0.008144586 -0.582032740 -0.009052872 0.999956131 0.002375528 0.272577405 0.008165780 -0.002301619 0.999963999 50.776905060
0.999915779 0.010719799 -0.007314501 -0.578772426 -0.010689273 0.999934077 0.004199414 0.281615973 0.007359035 -0.004120874 0.999964356 51.492267609
0.999912500 0.011306308 -0.006866684 -0.577434063 -0.011277837 0.999927700 0.004171071 0.283047765 0.006913347 -0.004093264 0.999967754 51.847835541
0.999920189 0.010965475 -0.006276122 -0.572330236 -0.010949373 0.999936700 0.002594266 0.289251685 0.006304172 -0.002525340 0.999976933 52.563362122
0.999934494 0.010011786 -0.005569396 -0.565436661 -0.010000568 0.999947906 0.002038288 0.297026932 0.005589513 -0.001982457 0.999982417 53.282703400
0.999945164 0.009383529 -0.004656827 -0.562291980 -0.009374138 0.999954045 0.002034178 0.298556060 0.004675700 -0.001990412 0.999987125 53.640731812
0.999951422 0.008893837 -0.004253760 -0.550842464 -0.008888945 0.999959767 0.001167875 0.310321897 0.004263977 -0.001130007 0.999990284 54.366535187
0.999966443 0.007346271 -0.003630621 -0.540983021 -0.007348749 0.999972820 -0.000669458 0.312245727 0.003625604 0.000696116 0.999993205 55.094120026
0.999967575 0.007203749 -0.003600029 -0.536927342 -0.007207173 0.999973536 -0.000939514 0.314041257 0.003593166 0.000965430 0.999993026 55.462295532
0.999949694 0.009598628 -0.002888277 -0.531230211 -0.009596014 0.999953508 0.000917590 0.323553801 0.002896950 -0.000889828 0.999995410 56.182064056
0.999930739 0.011566699 -0.002180976 -0.526490510 -0.011554888 0.999918938 0.005352123 0.332922488 0.002242706 -0.005326551 0.999983251 56.924186707
0.999930263 0.011547249 -0.002471612 -0.521633387 -0.011526791 0.999900401 0.008137297 0.338080376 0.002565329 -0.008108240 0.999963760 57.290763855
0.999933541 0.011226720 -0.002632224 -0.512153447 -0.011196576 0.999874532 0.011199590 0.342824996 0.002757628 -0.011169372 0.999933720 58.016906738
0.999919713 0.012310151 -0.003000133 -0.509221196 -0.012288475 0.999898970 0.007139157 0.355306774 0.003087714 -0.007101716 0.999970019 58.759605408
0.999922514 0.012142634 -0.002724545 -0.507990122 -0.012130311 0.999916315 0.004494967 0.357095271 0.002778898 -0.004461569 0.999986231 59.126293182
0.999920607 0.011993367 -0.003864164 -0.498045981 -0.011992950 0.999927998 0.000131768 0.367927194 0.003865466 -0.000085415 0.999992549 59.862270355
0.999889731 0.014050798 -0.004798990 -0.494033396 -0.014057616 0.999900222 -0.001390195 0.383143336 0.004778978 0.001457504 0.999987543 60.621028900
0.999889910 0.013855769 -0.005296422 -0.492566139 -0.013860033 0.999903619 -0.000768733 0.383650035 0.005285260 0.000842057 0.999985695 60.988529205
0.999890387 0.013308665 -0.006490846 -0.488129437 -0.013298479 0.999910235 0.001610094 0.391394913 0.006511692 -0.001523599 0.999977589 61.743186951
0.999897420 0.012120241 -0.007639036 -0.482023478 -0.012108833 0.999925494 0.001537861 0.397914767 0.007657107 -0.001445203 0.999969602 62.487503052
0.999899030 0.011437953 -0.008434120 -0.475225121 -0.011435130 0.999934554 0.000383187 0.399520546 0.008437951 -0.000286703 0.999964416 62.894668579
0.999908030 0.009815632 -0.009349339 -0.480396330 -0.009839959 0.999948323 -0.002559537 0.395456105 0.009323729 0.002651300 0.999953032 63.609550476
0.999908984 0.009067487 -0.009981403 -0.486922085 -0.009123747 0.999942720 -0.005605482 0.400791466 0.009930002 0.005696039 0.999934494 64.365036011
0.999891698 0.009074610 -0.011588706 -0.474762678 -0.009150184 0.999937057 -0.006485029 0.402824670 0.011529129 0.006590365 0.999911785 64.752319336
0.999880314 0.007853455 -0.013325433 -0.475431114 -0.007941087 0.999947131 -0.006536250 0.402142912 0.013273397 0.006641287 0.999889851 65.491256714
0.999852359 0.006036529 -0.016082784 -0.476700127 -0.006121472 0.999967575 -0.005237745 0.403496802 0.016050642 0.005335422 0.999856949 66.245658875
0.999833703 0.004859038 -0.017575022 -0.477363050 -0.004935163 0.999978602 -0.004290643 0.404681444 0.017553797 0.004376665 0.999836326 66.626197815
0.999794662 0.003118167 -0.020017849 -0.481589258 -0.003197246 0.999987185 -0.003919675 0.405925214 0.020005371 0.003982872 0.999791920 67.386383057
0.999760270 0.001125780 -0.021863583 -0.491629839 -0.001222252 0.999989569 -0.004399591 0.406462163 0.021858400 0.004425259 0.999751270 68.139770508
0.999734759 0.000532184 -0.023029871 -0.493657708 -0.000646391 0.999987483 -0.004951895 0.407700956 0.023026951 0.004965466 0.999722540 68.516418457
0.999686360 0.002177559 -0.024947545 -0.508359551 -0.002334146 0.999977767 -0.006249270 0.409045756 0.024933383 0.006305541 0.999669254 69.267044067
0.999637425 0.002092997 -0.026844220 -0.525797844 -0.002290588 0.999970496 -0.007331997 0.407656610 0.026828082 0.007390827 0.999612749 70.009910583
0.999592245 0.000906969 -0.028540252 -0.527544975 -0.001123084 0.999970794 -0.007557167 0.410314858 0.028532561 0.007586139 0.999564052 70.396697998
0.999528706 0.000523109 -0.030693620 -0.542184114 -0.000736779 0.999975562 -0.006950483 0.410498679 0.030689234 0.006969822 0.999504626 71.157997131
0.999477029 0.000019540 -0.032337688 -0.557703733 -0.000228857 0.999979019 -0.006469142 0.413691342 0.032336883 0.006473159 0.999456048 71.923133850
