1.000000000 0.000000000 0.000000000 0.000000000 0.000000000 1.000000000 0.000000000 0.000000000 0.000000000 0.000000000 1.000000000 0.000000000
0.999471664 -0.002039665 -0.032437649 -0.032323599 0.002106162 0.999995768 0.002015949 0.005603759 0.032433391 -0.002083203 0.999471724 0.666416049
0.997991681 -0.003455168 -0.063250475 -0.093795449 0.003743003 0.999983132 0.004432793 0.020666478 0.063234106 -0.004660638 0.997987807 1.338283181
0.996922314 -0.005273419 -0.078218952 -0.125666305 0.005720346 0.999968588 0.005490819 0.024449756 0.078187548 -0.005921360 0.996921122 1.662171960
0.994424701 -0.005961066 -0.105280675 -0.212089866 0.006631546 0.999959826 0.006019574 0.034100015 0.105240583 -0.006684186 0.994424284 2.365040064
0.991529763 -0.005530403 -0.129761860 -0.316588819 0.006294596 0.999965191 0.005479801 0.048456408 0.129727021 -0.006250184 0.991530120 3.049976110
0.990169764 -0.003604846 -0.139824435 -0.374571204 0.004315483 0.999979258 0.004779493 0.053151745 0.139804304 -0.005335921 0.990164757 3.410896778
0.987542629 -0.001437332 -0.157344863 -0.496734798 0.001921964 0.999993861 0.002927954 0.067298487 0.157339677 -0.003193891 0.987539351 4.113923073
0.985325873 -0.003136708 -0.170655578 -0.617762566 0.003530383 0.999991775 0.002003423 0.074943908 0.170647860 -0.002576503 0.985328674 4.825984478
0.984256625 -0.001983797 -0.176734045 -0.695135295 0.002343860 0.999995589 0.001828574 0.080540493 0.176729590 -0.002214026 0.984256983 5.174908161
0.981859386 0.000705235 -0.189609230 -0.833151698 -0.000416212 0.999998689 0.001564125 0.087420739 0.189610079 -0.001456833 0.981858373 5.914518356
0.979142785 -0.002333967 -0.203160301 -0.981633663 0.002785872 0.999994218 0.001938429 0.102061711 0.203154579 -0.002463977 0.979143500 6.665023804
0.974893272 -0.004378371 -0.222629562 -1.222735167 0.006455656 0.999942064 0.008603786 0.121118844 0.222579017 -0.009824990 0.974865139 7.781736851
0.972266138 -0.002521079 -0.233864009 -1.412030697 0.005308768 0.999922037 0.011291394 0.141182423 0.233817354 -0.012219768 0.972203732 8.531316757
0.970903575 -0.001783531 -0.239463896 -1.506179690 0.004707225 0.999921083 0.011637958 0.143987492 0.239424258 -0.012426547 0.970835507 8.925178528
0.968143940 -0.005972786 -0.250323117 -1.682784081 0.008227549 0.999934375 0.007961943 0.156339824 0.250259101 -0.009767850 0.968129754 9.675487518
0.965942562 -0.005895565 -0.258689433 -1.905304790 0.006987279 0.999970078 0.003300951 0.174040556 0.258662224 -0.004996064 0.965955019 10.437045097
0.964852333 -0.006199405 -0.262719452 -2.001955032 0.007030049 0.999972761 0.002221850 0.178184599 0.262698561 -0.003990687 0.964869797 10.847076416
0.962687314 -0.007275061 -0.270518184 -2.216315508 0.008160836 0.999964416 0.002149699 0.195856661 0.270492941 -0.004277144 0.962712526 11.648266792
0.960792482 -0.007320966 -0.277171671 -2.403280973 0.008842828 0.999951839 0.004241087 0.195247561 0.277127206 -0.006525787 0.960811079 12.406788826
0.960008919 -0.006638943 -0.279890716 -2.518558025 0.008341032 0.999953210 0.004890600 0.199785203 0.279845089 -0.007029598 0.960019410 12.805037498
0.958656251 -0.006742883 -0.284486681 -2.746878624 0.008236709 0.999957860 0.004054927 0.216872841 0.284447372 -0.006230515 0.958671451 13.610713005
0.957513690 -0.004893072 -0.288346469 -2.981976271 0.006148765 0.999975145 0.003449235 0.231914133 0.288322449 -0.005075665 0.957519948 14.417373657
0.957050502 -0.003785804 -0.289896846 -3.099242926 0.005066813 0.999980450 0.003668428 0.229396895 0.289877266 -0.004979724 0.957050860 14.820128441
0.956487358 -0.003107847 -0.291756958 -3.291429520 0.004231645 0.999985874 0.003220877 0.235360354 0.291742802 -0.004315340 0.956487060 15.638410568
0.956055284 -0.002318471 -0.293177336 -3.532785892 0.003415866 0.999988973 0.003231191 0.236975923 0.293166637 -0.004090652 0.956052661 16.454801559
0.955843210 -0.001889641 -0.293870807 -3.653452873 0.002929944 0.999990880 0.003099808 0.240477666 0.293862283 -0.003823956 0.955840111 16.858638763
0.955307245 -0.001600179 -0.295610577 -3.885191917 0.002767336 0.999989927 0.003529957 0.249648750 0.295601934 -0.004190247 0.955302000 17.656251907
0.954877615 -0.000794505 -0.296998411 -4.130381107 0.001622169 0.999995410 0.002540319 0.262113780 0.296995044 -0.002907476 0.954874575 18.459022522
0.954575777 -0.000656786 -0.297967702 -4.237642765 0.001402956 0.999996364 0.002290328 0.267458647 0.297965080 -0.002604328 0.954573274 18.861642838
0.954133987 -0.000250513 -0.299379647 -4.417015076 0.000839479 0.999997973 0.001838681 0.275668532 0.299378544 -0.002005671 0.954132318 19.665616989
0.953909457 0.000421823 -0.300094098 -4.676533222 0.000084463 0.999998629 0.001674118 0.280686051 0.300094396 -0.001622304 0.953908205 20.454086304
0.953827798 0.000479480 -0.300353557 -4.801350594 -0.000179302 0.999999404 0.001026978 0.292194307 0.300353825 -0.000925706 0.953827441 20.869752884
0.953285813 0.001256971 -0.302067280 -5.030563354 -0.001312488 0.999999106 0.000019178 0.301012814 0.302067012 0.000378178 0.953286648 21.692701340
0.953122199 0.002433836 -0.302575856 -5.240680695 -0.002688417 0.999996305 -0.000424896 0.294759631 0.302573740 0.001218428 0.953125119 22.468788147
0.953002810 0.002889969 -0.302947879 -5.369492054 -0.003278621 0.999994338 -0.000774333 0.305643439 0.302944005 0.001731193 0.953006744 22.883359909
0.952797532 0.004307215 -0.303575724 -5.612692356 -0.004661741 0.999989092 -0.000443144 0.309397697 0.303570509 0.001837419 0.952807128 23.690219879
0.952899635 0.005738105 -0.303231448 -5.828023911 -0.006093194 0.999981403 -0.000224926 0.308660507 0.303224534 0.002061981 0.952916920 24.496761322
0.953079820 0.006368212 -0.302652150 -5.958746910 -0.006397455 0.999979138 0.000894735 0.308756083 0.302651525 0.001083450 0.953100681 24.890861511
0.953130841 0.005624835 -0.302506030 -6.183238983 -0.004926641 0.999983072 0.003071036 0.320789367 0.302518219 -0.001436760 0.953142583 25.730875015
0.953288436 0.004305250 -0.302030832 -6.421131134 -0.002934953 0.999983251 0.004990619 0.329928577 0.302047253 -0.003871053 0.953285038 26.563415527
0.953528821 0.003407567 -0.301282495 -6.514597416 -0.001945606 0.999984860 0.005152385 0.336479306 0.301295549 -0.004326771 0.953521013 26.964765549
0.953670442 0.001608218 -0.300848961 -6.750267982 -0.000404514 0.999991655 0.004063271 0.347323537 0.300853044 -0.003753324 0.953663170 27.802429199
0.953605652 0.001168609 -0.301056474 -6.978031158 0.000148294 0.999990523 0.004351383 0.355161369 0.301058710 -0.004194148 0.953596354 28.634788513
0.953939438 0.001262924 -0.299996346 -7.093924046 -0.000056901 0.999991834 0.004028828 0.374430597 0.299998969 -0.003826188 0.953931868 29.039236069
0.953721762 0.000209052 -0.300690055 -7.300480843 0.001140163 0.999990046 0.004311577 0.388637543 0.300687999 -0.004454881 0.953712106 29.892452240
0.954095423 0.000892343 -0.299501359 -7.558094978 0.000542373 0.999988794 0.004707184 0.392521769 0.299502164 -0.004653546 0.954084277 30.713298798
0.954343200 0.001970148 -0.298705935 -7.661645412 -0.000511047 0.999987543 0.004962771 0.394090325 0.298711985 -0.004583535 0.954332292 31.146131516
0.954683483 0.002398422 -0.297613502 -7.907724380 -0.000866819 0.999985695 0.005278154 0.404368937 0.297621906 -0.004780990 0.954671860 31.972944260
0.954948723 0.002945399 -0.296756148 -8.137665749 -0.001394298 0.999984264 0.005438369 0.409906477 0.296767473 -0.004779596 0.954937875 32.835044861
0.955850124 0.004027908 -0.293827057 -8.458332062 -0.002580501 0.999982476 0.005313554 0.442065835 0.293843329 -0.004320740 0.955843806 34.112930298
0.956339240 0.005292780 -0.292210817 -8.692314148 -0.003865557 0.999977589 0.005461393 0.464892268 0.292233169 -0.004093387 0.956338227 34.961547852
0.956531584 0.005712794 -0.291572928 -8.803113937 -0.004133621 0.999973238 0.006031770 0.463155419 0.291599572 -0.004564327 0.956529558 35.377723694
0.957086921 0.004628952 -0.289764136 -9.017284393 -0.002803612 0.999973536 0.006714181 0.460280359 0.289787531 -0.005613670 0.957074523 36.231166840
0.957663357 0.004855035 -0.287849426 -9.261334419 -0.003006375 0.999971867 0.006864019 0.475858212 0.287874609 -0.005708036 0.957651079 37.079780579
0.957336962 0.003943449 -0.288947403 -9.335258484 -0.001948102 0.999972224 0.007192830 0.475667804 0.288967818 -0.006323061 0.957317889 37.527984619
0.957455516 0.003281170 -0.288562059 -9.573659897 -0.001192528 0.999971807 0.007413604 0.488174617 0.288578212 -0.006754078 0.957432508 38.367958069
0.957355499 0.001834678 -0.288906753 -9.804841995 0.000094638 0.999977767 0.006663878 0.499224544 0.288912624 -0.006407041 0.957334101 39.231189728
0.957158089 0.001512399 -0.289561778 -9.895105362 0.000335497 0.999979854 0.006331955 0.502118468 0.289565444 -0.006157829 0.957138419 39.681026459
0.956834614 0.001506293 -0.290629059 -10.118615150 0.000246661 0.999981999 0.005994859 0.504565001 0.290632904 -0.005807776 0.956816971 40.544475555
0.956233561 0.001628556 -0.292599797 -10.349399567 0.000054904 0.999983549 0.005745152 0.521381259 0.292604327 -0.005509773 0.956217706 41.403823853
0.955917120 0.002231950 -0.293628097 -10.462002754 -0.000446913 0.999981046 0.006146194 0.525853336 0.293636262 -0.005744027 0.955899954 41.836120605
0.955704570 0.002873952 -0.294313550 -10.708192825 -0.000900150 0.999976158 0.006841703 0.529339075 0.294326186 -0.006273720 0.955684423 42.728874207
0.955331326 0.003553349 -0.295515686 -10.945522308 -0.001309710 0.999968827 0.007789881 0.530217111 0.295534164 -0.007054877 0.955306113 43.605567932
0.955218673 0.004626059 -0.295864612 -11.072984695 -0.002445001 0.999967039 0.007741365 0.541545689 0.295890689 -0.006671307 0.955198467 44.015117645
0.954512715 0.005033614 -0.298127353 -11.300290108 -0.002637264 0.999960899 0.008439732 0.550506413 0.298158139 -0.007269592 0.954488814 44.931903839
0.954208970 0.005067332 -0.299097866 -11.540660858 -0.002712724 0.999961972 0.008287035 0.565528274 0.299128473 -0.007096194 0.954186499 45.830406189
0.954125643 0.005247140 -0.299360514 -11.667963982 -0.002936800 0.999962330 0.008166967 0.579510450 0.299392015 -0.006913151 0.954105198 46.244182587
0.953434646 0.004390157 -0.301567793 -11.889434814 -0.001662457 0.999955356 0.009301115 0.572266459 0.301595151 -0.008366661 0.953399360 47.159591675
0.953066349 0.004508388 -0.302728176 -12.130378723 -0.001488873 0.999946773 0.010204381 0.581394017 0.302758038 -0.009274727 0.953022361 48.056800842
0.952859879 0.004640394 -0.303375274 -12.259867668 -0.001534758 0.999943972 0.010474566 0.597292721 0.303406864 -0.009515189 0.952813566 48.479820251
0.952757597 0.004499795 -0.303698331 -12.519863129 -0.001345048 0.999943018 0.010596151 0.618578076 0.303728700 -0.009687076 0.952709258 49.355628967
0.952386916 0.004331459 -0.304861307 -12.788148880 -0.001200853 0.999944627 0.010455716 0.635156155 0.304889679 -0.009591793 0.952339292 50.246128082
0.952311218 0.003850506 -0.305104345 -12.922786713 -0.000810923 0.999948740 0.010088542 0.650741100 0.305127531 -0.009360015 0.952265441 50.686264038
0.952174425 0.003775794 -0.305531621 -13.204412460 -0.000805494 0.999951124 0.009847227 0.673238993 0.305553883 -0.009130173 0.952131033 51.552722931
0.952736974 0.003622987 -0.303774834 -13.527217865 -0.000664309 0.999951363 0.009842485 0.687893331 0.303795695 -0.009175499 0.952692986 52.352867126
0.952287912 0.003512802 -0.305180609 -13.641951561 -0.000661770 0.999955177 0.009445054 0.706770062 0.305200189 -0.008792454 0.952247620 52.836360931
0.952486336 0.003529369 -0.304560840 -13.941404343 -0.000533554 0.999950647 0.009919173 0.721107244 0.304580808 -0.009285377 0.952441216 53.667785645
0.952480435 0.003941373 -0.304574162 -14.227231979 -0.000649295 0.999940276 0.010909323 0.742200315 0.304598868 -0.010193159 0.952426136 54.537063599
0.952550113 0.004423756 -0.304349601 -14.378072739 -0.000973426 0.999933481 0.011487530 0.752683342 0.304380208 -0.010646185 0.952491105 54.962829590
0.952684462 0.003612525 -0.303939998 -14.675832748 0.000063492 0.999926925 0.012083798 0.763131857 0.303961486 -0.011531342 0.952614546 55.821422577
0.952895999 0.003499042 -0.303276986 -14.981777191 0.000116816 0.999929130 0.011903665 0.778474867 0.303297162 -0.011378382 0.952828109 56.682422638
0.952946842 0.003501361 -0.303117245 -15.130043030 -0.000027802 0.999934256 0.011463013 0.788294315 0.303137481 -0.010915214 0.952884316 57.116699219
0.953270793 0.003123247 -0.302101076 -15.454368591 0.000168383 0.999940932 0.010869131 0.799294114 0.302117169 -0.010412094 0.953213930 57.952037811
0.953410923 0.004103410 -0.301646858 -15.759850502 -0.001180416 0.999950528 0.009871766 0.827995121 0.301672459 -0.009055778 0.953368604 58.816596985
0.953383148 0.004023217 -0.301735669 -15.904009819 -0.001143707 0.999952137 0.009719212 0.840733409 0.301760346 -0.008921036 0.953342080 59.230972290
0.953649402 0.004459625 -0.300887257 -16.220335007 -0.001885166 0.999959052 0.008846021 0.877959847 0.300914377 -0.007868779 0.953618705 60.076602936
0.954037786 0.006279083 -0.299620509 -16.554065704 -0.004054002 0.999959409 0.008047365 0.907457590 0.299658895 -0.006462828 0.954024494 60.910121918
0.953987241 0.005814823 -0.299791098 -16.695184708 -0.003662420 0.999963284 0.007741086 0.902314901 0.299825221 -0.006286934 0.953973472 61.351329803
0.954435229 0.007300403 -0.298328757 -17.023811340 -0.005264049 0.999957144 0.007628815 0.903292120 0.298371673 -0.005710792 0.954432607 62.185848236
0.954429626 0.008139028 -0.298325062 -17.317272186 -0.006119229 0.999951541 0.007703882 0.911553502 0.298373342 -0.005527294 0.954433262 63.087108612
0.954529524 0.008494188 -0.297995329 -17.474071503 -0.006454112 0.999948502 0.007829350 0.903513432 0.298046559 -0.005550050 0.954535186 63.515148163
0.954427958 0.008778987 -0.298312157 -17.750230789 -0.007184604 0.999953508 0.006440873 0.927303195 0.298354864 -0.004004095 0.954446554 64.458541870
0.954948306 0.008775790 -0.296642870 -18.092517853 -0.007257360 0.999954343 0.006219559 0.919288933 0.296683937 -0.003786513 0.954968214 65.356910706
0.954857409 0.010001839 -0.296896487 -18.228525162 -0.008304761 0.999941111 0.006976806 0.929352403 0.296948850 -0.004196200 0.954884112 65.834144592
0.954730332 0.009056299 -0.297334492 -18.498878479 -0.006933141 0.999942303 0.008194463 0.948910356 0.297391623 -0.005762040 0.954738200 66.750473022
0.954702675 0.009975408 -0.297394186 -18.778221130 -0.007494099 0.999926984 0.009482512 0.960152209 0.297467053 -0.006824278 0.954707682 67.670272827
0.954697013 0.010338107 -0.297399998 -18.923015594 -0.008026615 0.999927282 0.008992503 0.981652677 0.297471464 -0.006198001 0.954710543 68.148658752
0.954606831 0.010085068 -0.297698021 -19.194824219 -0.007956806 0.999933422 0.008360067 0.986475348 0.297762483 -0.005611851 0.954623640 69.041198730
0.954547465 0.010478220 -0.297874749 -19.473964691 -0.008307399 0.999928832 0.008552819 1.005904078 0.297943175 -0.005689508 0.954566658 69.957557678
0.954440713 0.010703961 -0.298208594 -19.610010147 -0.008350019 0.999923050 0.009166533 1.012993574 0.298283726 -0.006258866 0.954456747 70.427474976
0.954407275 0.011766653 -0.298275560 -19.891212463 -0.008870971 0.999899507 0.011060079 1.035430908 0.298375726 -0.007909823 0.954415739 71.362037659
0.954246759 0.011875649 -0.298784107 -20.169031143 -0.008681514 0.999890149 0.012015482 1.051448345 0.298893929 -0.008871838 0.954245090 72.308410645
0.954180896 0.011557230 -0.299006671 -20.313459396 -0.008337549 0.999892771 0.012041401 1.062167883 0.299113721 -0.008996693 0.954175055 72.778350830
0.953850269 0.011496561 -0.300062478 -20.573471069 -0.008484942 0.999899745 0.011337793 1.075900912 0.300162733 -0.008268542 0.953852177 73.714126587
0.953634858 0.011780075 -0.300735474 -20.863344193 -0.008989081 0.999902666 0.010662622 1.092563868 0.300831795 -0.007464915 0.953647912 74.654937744
0.953399837 0.012320427 -0.301458001 -20.979415894 -0.009575862 0.999898136 0.010580394 1.100989461 0.301557630 -0.007200626 0.953420699 75.133735657
0.953387737 0.011589247 -0.301525325 -21.290803909 -0.008568029 0.999898911 0.011340428 1.126977682 0.301626295 -0.008228345 0.953390718 76.093894958
0.953206301 0.011612746 -0.302097231 -21.576807022 -0.007541818 0.999864399 0.014638537 1.152499557 0.302226305 -0.011675182 0.953164697 77.034172058
0.953438461 0.012946482 -0.301309168 -21.743360519 -0.008600726 0.999839067 0.015745075 1.167334795 0.301464468 -0.012420485 0.953396499 77.500907898
0.953497112 0.014516227 -0.301052392 -22.038904190 -0.010253277 0.999823630 0.015735453 1.177811384 0.301227748 -0.011916937 0.953477681 78.437728882
0.953468442 0.012801529 -0.301220953 -22.321243286 -0.010037538 0.999892056 0.010721943 1.192997336 0.301325738 -0.007199517 0.953494072 79.399703979
0.953632057 0.014138072 -0.300642788 -22.469545364 -0.011958425 0.999887049 0.009088994 1.207319260 0.300737411 -0.005072341 0.953693449 79.847854614
0.953811169 0.015600997 -0.300001442 -22.756620407 -0.013920068 0.999873102 0.007739638 1.225069880 0.300084174 -0.003206112 0.953907251 80.835105896
0.954336226 0.016767336 -0.298263580 -23.042404175 -0.014364249 0.999844313 0.010247305 1.234775424 0.298389077 -0.005495041 0.954428434 81.791290283
0.954452336 0.017018713 -0.297877342 -23.177190781 -0.014626108 0.999840319 0.010259513 1.249275088 0.298004448 -0.005435430 0.954549015 82.281700134
0.954566777 0.017143290 -0.297503501 -23.439214706 -0.014843636 0.999839962 0.009987454 1.255582094 0.297627121 -0.005117658 0.954668403 83.196533203
0.955013454 0.017539386 -0.296043247 -23.727497101 -0.015328730 0.999834538 0.009786892 1.271628857 0.296165973 -0.004808646 0.955124319 84.160896301
0.955168366 0.017801823 -0.295527518 -23.860208511 -0.015524237 0.999828994 0.010051564 1.277900577 0.295655906 -0.005013098 0.955281377 84.626281738
0.955377936 0.018516146 -0.294805259 -24.124389648 -0.015620559 0.999804020 0.012174048 1.292865992 0.294972926 -0.007025795 0.955479801 85.541694641
0.955492556 0.018690512 -0.294422567 -24.398296356 -0.015484748 0.999792755 0.013215957 1.305816531 0.294608533 -0.008068693 0.955583870 86.474700928
0.955536008 0.018367317 -0.294301629 -24.533538818 -0.015200061 0.999799371 0.013045875 1.318040013 0.294482172 -0.007992402 0.955623567 86.943046570
0.955491900 0.019553151 -0.294368804 -24.802761078 -0.016473519 0.999780595 0.012938014 1.336673856 0.294557065 -0.007512880 0.955604315 87.854995728
0.955859303 0.014047513 -0.293488652 -25.064548492 -0.009752125 0.999822915 0.016093858 1.355626225 0.293662816 -0.012521326 0.955827057 88.781730652
0.956175923 0.013321267 -0.292490035 -25.202465057 -0.008652600 0.999813795 0.017249759 1.375411391 0.292665392 -0.013962999 0.956112981 89.260917664
0.956521332 0.020759869 -0.290922552 -25.490276337 -0.016880170 0.999732196 0.015839495 1.397654057 0.291173428 -0.010239996 0.956615508 90.169830322
0.956497312 0.016924998 -0.291249663 -25.754501343 -0.014987866 0.999848247 0.008880946 1.412114859 0.291355908 -0.004129389 0.956605852 91.091064453
0.956351697 0.014196822 -0.291873038 -25.888065338 -0.013136497 0.999898016 0.005592382 1.424592733 0.291922718 -0.001514094 0.956440628 91.564239502
0.956179142 0.016175548 -0.292335510 -26.123899460 -0.014751166 0.999866068 0.007076223 1.438638568 0.292410940 -0.002453845 0.956289649 92.470802307
0.956658006 0.017196629 -0.290705621 -26.394292831 -0.014660108 0.999833047 0.010901238 1.455077767 0.290844560 -0.006166980 0.956750453 93.389144897
0.956749201 0.017461378 -0.290389478 -26.532712936 -0.014656501 0.999822736 0.011831285 1.466296911 0.290544569 -0.007063478 0.956835389 93.845191956
0.956687212 0.015786361 -0.290689468 -26.789789200 -0.012736951 0.999842167 0.012379514 1.481498122 0.290839076 -0.008140825 0.956737280 94.744308472
0.956707597 0.012249519 -0.290792584 -27.039896011 -0.009511643 0.999896169 0.010826901 1.504027605 0.290895075 -0.007592263 0.956724763 95.656997681
0.956862450 0.010886698 -0.290337235 -27.173917770 -0.008155304 0.999910414 0.010615997 1.513986111 0.290426821 -0.007790261 0.956865430 96.118331909
0.956746101 0.008399806 -0.290803015 -27.415433884 -0.005327093 0.999921322 0.011356383 1.526566148 0.290875494 -0.009316039 0.956715465 96.991073608
0.956808150 0.007256117 -0.290629268 -27.681228638 -0.004063510 0.999924541 0.011587175 1.547536373 0.290691406 -0.009905726 0.956765592 97.911865234
0.956820309 0.007243190 -0.290589720 -27.816017151 -0.004224345 0.999930382 0.011014665 1.557887197 0.290649235 -0.009311503 0.956784427 98.371482849
0.956614614 0.007285618 -0.291265607 -28.074401855 -0.004648884 0.999941707 0.009743700 1.572793007 0.291319668 -0.007966904 0.956592619 99.269485474
0.956312656 0.007606705 -0.292246819 -28.322027206 -0.005045577 0.999942005 0.009516322 1.583644629 0.292302340 -0.007626025 0.956295550 100.161636353
0.956138730 0.007710531 -0.292812765 -28.448760986 -0.005396921 0.999947429 0.008708368 1.593667150 0.292864472 -0.006746120 0.956130147 100.609367371
0.955887318 0.008705921 -0.293604583 -28.699270248 -0.006849630 0.999949515 0.007350038 1.599241972 0.293653816 -0.005014725 0.955898702 101.473274231
0.955544174 0.008984956 -0.294710904 -28.948268890 -0.007574026 0.999953747 0.005928609 1.613559246 0.294750422 -0.003432901 0.955568075 102.351287842
0.955544114 0.009815242 -0.294684708 -29.082029343 -0.008481681 0.999947190 0.005803153 1.617542028 0.294726133 -0.003045746 0.955576837 102.790878296
0.955378592 0.010461303 -0.295198649 -29.334568024 -0.009273470 0.999942303 0.005423547 1.626315594 0.295238435 -0.002444025 0.955420494 103.667442322
0.955177069 0.011527234 -0.295810580 -29.582901001 -0.010188646 0.999929607 0.006066266 1.638864517 0.295859754 -0.002780448 0.955227196 104.536964417
0.954865575 0.010767445 -0.296843022 -29.683805466 -0.009195346 0.999935329 0.006691849 1.640687823 0.296895891 -0.003660240 0.954902828 104.975791931
0.954259098 0.011667885 -0.298753142 -29.816518784 -0.009143043 0.999909639 0.009847595 1.622707367 0.298841029 -0.006665646 0.954279542 105.672409058
0.954115748 0.012456171 -0.299178898 -30.036685944 -0.009410100 0.999888122 0.011619988 1.631152868 0.299290180 -0.008271509 0.954126298 106.414108276
0.953924417 0.011609564 -0.299822778 -30.144628525 -0.008446220 0.999894202 0.011844601 1.639555693 0.299928606 -0.008766483 0.953921378 106.788993835
0.953604639 0.011734995 -0.300833017 -30.365470886 -0.008647850 0.999895334 0.011591610 1.648600817 0.300937593 -0.008452256 0.953606367 107.557167053
0.953335762 0.012104101 -0.301669478 -30.581802368 -0.009347484 0.999900341 0.010579804 1.662122369 0.301767468 -0.007266255 0.953353882 108.293869019
0.953216314 0.012253344 -0.302040577 -30.691143036 -0.009630417 0.999901891 0.010171715 1.666491747 0.302135587 -0.006787068 0.953240812 108.685699463
0.953065217 0.012030582 -0.302526027 -30.915010452 -0.009465997 0.999905705 0.009942071 1.677020550 0.302617133 -0.006611730 0.953089297 109.451828003
0.952889740 0.011995862 -0.303079575 -31.142883301 -0.009397701 0.999905467 0.010029567 1.691833615 0.303171247 -0.006708818 0.952912450 110.220520020
0.952770352 0.011902620 -0.303458273 -31.257081985 -0.009195140 0.999904156 0.010349435 1.699274898 0.303552330 -0.007070294 0.952788532 110.585113525
0.952584565 0.012691976 -0.304009169 -31.485439301 -0.009824300 0.999891639 0.010960601 1.714840770 0.304115415 -0.007454223 0.952606022 111.352592468
0.952522576 0.012806768 -0.304198921 -31.715381622 -0.009940072 0.999890327 0.010970525 1.729870558 0.304306149 -0.007425913 0.952545285 112.113494873
0.952153146 0.012067523 -0.305382937 -31.820278168 -0.009293067 0.999901235 0.010537292 1.736509800 0.305480033 -0.007195171 0.952171266 112.500709534
0.952013791 0.012254618 -0.305809587 -32.027496338 -0.009597688 0.999902010 0.010190285 1.742803097 0.305904567 -0.006766227 0.952038169 113.204391479
0.951859832 0.012038093 -0.306297183 -32.237899780 -0.009708877 0.999911129 0.009126872 1.752480268 0.306379765 -0.005713702 0.951892138 113.931587219
0.951745510 0.012115669 -0.306649178 -32.351509094 -0.009825356 0.999911129 0.009011450 1.757861137 0.306731135 -0.005563670 0.951779902 114.317420959
0.951786339 0.012763635 -0.306495816 -32.564620972 -0.010528203 0.999904573 0.008945687 1.769760728 0.306580722 -0.005287532 0.951829970 115.020759583
0.951406300 0.012677154 -0.307677239 -32.767719269 -0.010484668 0.999906421 0.008777996 1.778984666 0.307759792 -0.005125546 0.951450288 115.746421814
0.951332867 0.012504704 -0.307911307 -32.884990692 -0.010381011 0.999909699 0.008534198 1.787955523 0.307990223 -0.004922432 0.951376796 116.138473511
0.950882912 0.013291335 -0.309265256 -33.088230133 -0.010666824 0.999891341 0.010175697 1.791514158 0.309366912 -0.006377019 0.950921297 116.865921021
0.950808942 0.013372027 -0.309489101 -33.316291809 -0.010287122 0.999879837 0.011597604 1.807650805 0.309607059 -0.007843352 0.950832248 117.641708374
0.950535476 0.014079646 -0.310296416 -33.416385651 -0.010757209 0.999864995 0.012415988 1.813264966 0.310429335 -0.008463915 0.950558782 118.009902954
0.950353801 0.014380468 -0.310838819 -33.634391785 -0.010870867 0.999856114 0.013020343 1.824018002 0.310981303 -0.008994845 0.950373471 118.742118835
0.950451910 0.014496552 -0.310533255 -33.867828369 -0.011103345 0.999857783 0.012692021 1.839308023 0.310673177 -0.008615199 0.950477779 119.487251282
0.950236619 0.014631027 -0.311185062 -33.974822998 -0.011384364 0.999860108 0.012247192 1.849357843 0.311320722 -0.008095086 0.950270414 119.868560791
0.950098634 0.013850396 -0.311641842 -34.183254242 -0.010447070 0.999866188 0.012587507 1.864013672 0.311774582 -0.008703629 0.950116217 120.604644775
0.950122356 0.012119042 -0.311641544 -34.398334503 -0.008160550 0.999868631 0.014003027 1.875864983 0.311770380 -0.010761424 0.950096548 121.332839966
0.950142562 0.008724060 -0.311693549 -34.504676819 -0.003940966 0.999864697 0.015972096 1.884037137 0.311790705 -0.013947397 0.950048566 121.695182800
0.950181007 0.010159088 -0.311532855 -34.733406067 -0.005165464 0.999844611 0.016850181 1.899865150 0.311655611 -0.014401509 0.950085998 122.442153931
0.950493097 0.012238731 -0.310504466 -34.961364746 -0.008326522 0.999868393 0.013921917 1.914828300 0.310634047 -0.010647266 0.950469971 123.178733826
0.950547397 0.010221930 -0.310411125 -35.081691742 -0.007067638 0.999911308 0.011284705 1.922436476 0.310498953 -0.008532774 0.950535476 123.566024780
0.950331032 0.009415491 -0.311098427 -35.289028168 -0.007250582 0.999940753 0.008114735 1.939231396 0.311156392 -0.005456038 0.950343072 124.295661926
0.950423717 0.012345734 -0.310712636 -35.522689819 -0.009744394 0.999903202 0.009923109 1.953088999 0.310805142 -0.006403451 0.950452030 125.020614624
0.950497866 0.012839948 -0.310465634 -35.638961792 -0.010114946 0.999894917 0.010385565 1.956609964 0.310566396 -0.006731116 0.950527847 125.389991760
0.950698495 0.013720267 -0.309812903 -35.849735260 -0.011462680 0.999892771 0.009106290 1.967624187 0.309904605 -0.005106051 0.950753927 126.092376709
0.950523317 0.013519787 -0.310358971 -36.080558777 -0.011770825 0.999902546 0.007507520 1.977692842 0.310430229 -0.003482891 0.950589776 126.829963684
0.950569570 0.013588225 -0.310214221 -36.217128754 -0.011981267 0.999903142 0.007085044 1.990272284 0.310280442 -0.003018068 0.950640261 127.229690552
0.950538039 0.013010640 -0.310335636 -36.485511780 -0.011451211 0.999911010 0.006846363 2.015213728 0.310397089 -0.002954010 0.950602412 128.016769409
0.950392902 0.012583731 -0.310797095 -36.758167267 -0.011064207 0.999916673 0.006651730 2.046388149 0.310854822 -0.002883034 0.950453043 128.813232422
0.950303078 0.012305058 -0.311082780 -36.902030945 -0.010827656 0.999920428 0.006475844 2.066725254 0.311137706 -0.002785718 0.950360775 129.216125488
0.949963093 0.012973034 -0.312092721 -37.159538269 -0.010927424 0.999905765 0.008302545 2.086455822 0.312171042 -0.004476741 0.950015366 129.981048584
0.949734151 0.013041713 -0.312786222 -37.444667816 -0.010713131 0.999900639 0.009162146 2.121607065 0.312874645 -0.005350681 0.949779272 130.790542603
0.949829221 0.014376350 -0.312438458 -37.605056763 -0.011885348 0.999880672 0.009875801 2.140542269 0.312543154 -0.005666885 0.949886560 131.205078125
0.949960530 0.015470320 -0.311986625 -37.909526825 -0.013012675 0.999865711 0.009957853 2.177870989 0.312098801 -0.005399786 0.950034320 132.002075195
0.949859381 0.015220763 -0.312306613 -38.199607849 -0.012666898 0.999867618 0.010204643 2.159186125 0.312420577 -0.005737020 0.949926555 132.872360229
0.949710071 0.015551462 -0.312744290 -38.333229065 -0.013559713 0.999871492 0.008542665 2.180956602 0.312836945 -0.003872332 0.949799001 133.306594849
0.949427068 0.016312186 -0.313563347 -38.593147278 -0.014792218 0.999864459 0.007226111 2.190111160 0.313638747 -0.002222370 0.949539781 134.170455933
0.949283004 0.017126221 -0.313956022 -38.869949341 -0.015824452 0.999852359 0.006694605 2.210378408 0.314024329 -0.001386893 0.949413836 135.051223755
0.949270606 0.017719580 -0.313960701 -39.015956879 -0.016433505 0.999842167 0.006742697 2.215264559 0.314030588 -0.001241170 0.949412048 135.493865967
0.949066341 0.019289946 -0.314485192 -39.282077789 -0.018116729 0.999813735 0.006653344 2.228747845 0.314554989 -0.000617023 0.949239016 136.337295532
0.949031949 0.021043694 -0.314476699 -39.576282501 -0.019722993 0.999778330 0.007381402 2.238296032 0.314562291 -0.000802765 0.949236453 137.231979370
0.949103951 0.022316914 -0.314171463 -39.711357117 -0.020944731 0.999750674 0.007742967 2.248654842 0.314265847 -0.000768644 0.949334681 137.640289307
0.949228644 0.023898102 -0.313677907 -39.987945557 -0.022716919 0.999714375 0.007420741 2.265822887 0.313765675 0.000081816 0.949500442 138.510879517
0.949268043 0.025727032 -0.313414037 -40.263336182 -0.024833109 0.999668121 0.006844668 2.284734726 0.313486099 0.001285622 0.949591935 139.378723145
0.949402571 0.025988098 -0.312984616 -40.413467407 -0.025257463 0.999660552 0.006389370 2.291603327 0.313044459 0.001839114 0.949736655 139.828704834
0.949433565 0.026952729 -0.312809020 -40.683406830 -0.026386406 0.999633491 0.006044296 2.299892426 0.312857300 0.002515249 0.949796796 140.686065674
0.949551344 0.028619427 -0.312303007 -40.963653564 -0.028131828 0.999585927 0.006067690 2.313254595 0.312347353 0.003024071 0.949963152 141.556777954
0.949722469 0.029065756 -0.311740905 -41.098857880 -0.028574489 0.999572694 0.006144533 2.325277328 0.311786324 0.003072236 0.950147271 141.974822998
0.950077474 0.031489957 -0.310420871 -41.352710724 -0.030796381 0.999500215 0.007136343 2.334400892 0.310490489 0.002779762 0.950572371 142.761108398
0.950245082 0.032677349 -0.309784949 -41.598331451 -0.031563524 0.999464691 0.008608487 2.343663454 0.309900463 0.001597732 0.950767696 143.568130493
0.950268924 0.033581030 -0.309614658 -41.717769623 -0.032434896 0.999434710 0.008850267 2.364611626 0.309736848 0.001632187 0.950820923 144.003921509
0.950722873 0.033617429 -0.308213741 -41.983810425 -0.031159118 0.999431252 0.012895657 2.370799541 0.308471978 -0.002656527 0.951229692 144.797348022
0.951195896 0.034335945 -0.306671441 -42.239929199 -0.031063238 0.999396622 0.015547580 2.387531042 0.307020277 -0.005262584 0.951688409 145.608840942
0.951325178 0.035399601 -0.306148857 -42.370597839 -0.032342248 0.999363482 0.015055004 2.395014286 0.306486875 -0.004420664 0.951864600 146.035369873
0.951661766 0.035522401 -0.305087030 -42.631919861 -0.033548042 0.999368489 0.011713310 2.412418127 0.305310458 -0.000912036 0.952252448 146.855941772
0.951881468 0.033145823 -0.304668814 -42.880043030 -0.032105491 0.999448836 0.008425358 2.425829887 0.304780126 0.001761598 0.952421069 147.681320190
0.951800287 0.033450406 -0.304888785 -42.980934143 -0.032188997 0.999439776 0.009164552 2.420071602 0.305024534 0.001091240 0.952343762 148.326492310
0.952226043 0.033929948 -0.303503484 -43.262672424 -0.032565229 0.999423921 0.009558192 2.454836369 0.303652883 0.000782101 0.952782393 148.952316284
0.952256501 0.034562588 -0.303336829 -43.507369995 -0.032900147 0.999402523 0.010590753 2.473506451 0.303521693 -0.000105286 0.952824533 149.741760254
0.951299131 0.034380041 -0.306346685 -43.557865143 -0.032507680 0.999408543 0.011213395 2.466506481 0.306551039 -0.000708673 0.951854050 150.437042236
0.951952577 0.036273841 -0.304089516 -43.861454010 -0.034758519 0.999341667 0.010396614 2.548036098 0.304266393 0.000672616 0.952586710 151.134475708
0.952807188 0.033743791 -0.301694930 -44.164695740 -0.031541262 0.999428332 0.012170446 2.510805368 0.301933169 -0.002080249 0.953326762 151.722854614
0.953242421 0.032026887 -0.300504923 -44.310413361 -0.029737646 0.999483526 0.012190005 2.512268543 0.300740063 -0.002683723 0.953702509 152.038696289
0.954192102 0.030586915 -0.297627062 -44.549240112 -0.027842037 0.999521673 0.013458563 2.465279102 0.297896326 -0.004555511 0.954587460 152.456939697
0.955356598 0.028300274 -0.294096649 -44.818511963 -0.025217302 0.999580145 0.014270396 2.427900791 0.294377029 -0.006216993 0.955669165 152.949615479
0.955792308 0.027223242 -0.292779475 -44.957042694 -0.023767050 0.999599576 0.015356193 2.402334690 0.293080300 -0.007718824 0.956056595 153.223037720
0.956700146 0.025645576 -0.289943367 -45.219821930 -0.021831326 0.999627352 0.016382474 2.384956598 0.290255457 -0.009343266 0.956903577 153.780105591
0.956525922 0.027730279 -0.290325969 -45.422355652 -0.024311554 0.999586105 0.015376421 2.436667681 0.290632218 -0.007649672 0.956804276 154.653350830
0.956778765 0.027924476 -0.289473057 -45.548274994 -0.024397178 0.999577701 0.015787246 2.439742088 0.289791673 -0.008042576 0.957055986 155.040817261
0.957045078 0.027950725 -0.288588762 -45.780426025 -0.024423916 0.999576509 0.015815251 2.458698988 0.288908660 -0.008087436 0.957322478 155.824279785
0.957354784 0.028685769 -0.287487328 -46.014957428 -0.025286747 0.999559581 0.015530241 2.475601435 0.287806273 -0.007598333 0.957658529 156.604522705
0.957517982 0.028252825 -0.286986083 -46.130992889 -0.025054239 0.999576271 0.014812463 2.487497330 0.287282944 -0.006992979 0.957820237 156.999786377
