1.000000000 0.000000000 0.000000000 0.000000000 0.000000000 1.000000000 0.000000000 0.000000000 0.000000000 0.000000000 1.000000000 0.000000000
0.999964893 -0.008299970 0.001091169 0.017993668 0.008300183 0.999965489 -0.000191249 0.001974767 -0.001089544 0.000200299 0.999999404 0.598099828
0.999959350 -0.008768403 0.002114637 0.035379842 0.008773522 0.999958575 -0.002423181 -0.000645564 -0.002093302 0.002441635 0.999994755 1.192781210
0.999953628 -0.009190194 0.002915905 0.044243123 0.009196750 0.999955237 -0.002242781 0.003257920 -0.002895163 0.002269493 0.999993145 1.514427781
0.999983609 -0.004030755 0.004068292 0.050964601 0.004024121 0.999990702 0.001637879 0.009632610 -0.004074856 -0.001621481 0.999990404 2.085812330
0.999981463 -0.004007819 0.004568347 0.065525234 0.003976183 0.999968231 0.006912986 0.020174731 -0.004595907 -0.006894694 0.999965668 2.709937096
0.999976814 -0.004562709 0.005054554 0.068486847 0.004509295 0.999934316 0.010528937 0.023754919 -0.005102262 -0.010505900 0.999931753 2.974663019
0.999973178 -0.004578308 0.005711634 0.091090702 0.004497918 0.999891758 0.014009042 0.022815300 -0.005775154 -0.013982974 0.999885559 3.578435659
0.999960065 -0.006413513 0.006210316 0.100976735 0.006350650 0.999928951 0.010089516 0.028621271 -0.006274584 -0.010049674 0.999929726 4.133396626
0.999968112 -0.004865543 0.006320896 0.114207037 0.004813769 0.999954998 0.008180368 0.026184935 -0.006360414 -0.008149683 0.999946475 4.421259880
0.999960482 -0.004789967 0.007481459 0.131444439 0.004746966 0.999972224 0.005754808 0.038294524 -0.007508815 -0.005719069 0.999955356 5.035660267
0.999962986 -0.002215005 0.008313119 0.139396042 0.002177393 0.999987364 0.004530837 0.046094574 -0.008323050 -0.004512569 0.999955177 5.547204494
0.999962926 -0.000903435 0.008560943 0.145059645 0.000868727 0.999991477 0.004057080 0.048569217 -0.008564535 -0.004049493 0.999955118 5.850350857
0.999957681 -0.000204670 0.009188730 0.160258025 0.000172389 0.999993801 0.003513757 0.053326227 -0.009189392 -0.003512026 0.999951601 6.429470539
0.999949694 -0.001103025 0.009967734 0.177399844 0.001065822 0.999992371 0.003736904 0.049823027 -0.009971781 -0.003726092 0.999943316 6.930458546
0.999948084 -0.001643758 0.010058152 0.189492494 0.001603351 0.999990582 0.004024081 0.043384697 -0.010064673 -0.004007746 0.999941289 7.218269825
0.999945402 -0.002072160 0.010236952 0.213987947 0.002023869 0.999986768 0.004725344 0.045598283 -0.010246608 -0.004704367 0.999936402 7.781194210
0.999931633 -0.002507453 0.011417741 0.229422033 0.002451867 0.999985099 0.004879757 0.056440309 -0.011429806 -0.004851429 0.999922872 8.373060226
0.999918938 -0.002783045 0.012426849 0.238687992 0.002719686 0.999983251 0.005112499 0.052361809 -0.012440871 -0.005078287 0.999909699 8.567914963
0.999917567 -0.002424559 0.012613302 0.258240819 0.002365145 0.999986053 0.004723180 0.050612871 -0.012624579 -0.004692959 0.999909341 9.112189293
0.999903560 -0.000574531 0.013876311 0.272770464 0.000523285 0.999993086 0.003696372 0.057490483 -0.013878338 -0.003688754 0.999896884 9.690560341
0.999894619 0.000240711 0.014513568 0.289024532 -0.000284379 0.999995410 0.003006783 0.057363905 -0.014512776 -0.003010594 0.999890149 9.914509773
0.999858916 0.001382062 0.016732767 0.303841829 -0.001418873 0.999996603 0.002188233 0.056675278 -0.016729686 -0.002211666 0.999857605 10.448064804
0.999809444 0.001484582 0.019458795 0.318627238 -0.001528685 0.999996305 0.002251792 0.066291012 -0.019455381 -0.002281110 0.999808133 11.007987022
0.999798417 0.001445495 0.020023888 0.346071690 -0.001503618 0.999994695 0.002887938 0.062084205 -0.020019608 -0.002917464 0.999795437 11.220285416
0.999746799 0.000921961 0.022484191 0.378550202 -0.000992218 0.999994636 0.003113776 0.067540646 -0.022481203 -0.003135295 0.999742389 11.751625061
0.999665916 0.000258780 0.025842343 0.388993889 -0.000341845 0.999994755 0.003209925 0.067338593 -0.025841380 -0.003217687 0.999660850 12.239628792
0.999629021 0.000558938 0.027228132 0.397643745 -0.000650483 0.999994159 0.003353395 0.068113916 -0.027226103 -0.003369863 0.999623537 12.488182068
0.999536753 0.001349237 0.030404016 0.431602269 -0.001462386 0.999992132 0.003699560 0.070266828 -0.030398786 -0.003742309 0.999530852 13.025016785
0.999399066 0.001571940 0.034627330 0.454343349 -0.001677153 0.999994040 0.003009583 0.079972968 -0.034622394 -0.003065850 0.999395788 13.486994743
0.999342322 0.001663295 0.036225677 0.480060190 -0.001770841 0.999994099 0.002936882 0.078630388 -0.036220584 -0.002999101 0.999339342 13.728494644
0.999221742 0.000626523 0.039438434 0.501027882 -0.000741462 0.999995470 0.002899828 0.090193361 -0.039436437 -0.002926813 0.999217868 14.250476837
0.999064267 0.002649541 0.043169148 0.551949918 -0.002847748 0.999985695 0.004530560 0.087455228 -0.043156531 -0.004649256 0.999057472 14.952008247
0.998938262 0.003739459 0.045917410 0.582562268 -0.003921228 0.999984741 0.003869158 0.087563008 -0.045902248 -0.004045103 0.998937726 15.444253922
0.998843133 0.004340969 0.047891878 0.614497304 -0.004424409 0.999988854 0.001636395 0.102127500 -0.047884241 -0.001846395 0.998851180 15.945378304
0.998782218 0.004913009 0.049091578 0.634704173 -0.004983115 0.999986708 0.001305778 0.091219068 -0.049084503 -0.001548816 0.998793423 16.133213043
0.998669446 0.005047550 0.051320758 0.681333899 -0.005050274 0.999987245 -0.000076601 0.085904188 -0.051320482 -0.000182685 0.998682261 16.591583252
0.998502910 0.007535399 0.054176614 0.710488677 -0.007375635 0.999967933 -0.003148258 0.091630675 -0.054198589 0.002743958 0.998526394 17.066377640
0.998417675 0.008443284 0.055595730 0.719472170 -0.008204843 0.999956131 -0.004515707 0.094441198 -0.055631418 0.004052408 0.998443127 17.282741547
0.998299599 0.008978641 0.057597302 0.761288762 -0.008692444 0.999948561 -0.005217561 0.086903401 -0.057641190 0.004708027 0.998326242 17.732563019
0.998127699 0.011622575 0.060050048 0.792164564 -0.011381967 0.999925792 -0.004347301 0.093951672 -0.060096119 0.003655674 0.998185873 18.184543610
0.998033166 0.012309138 0.061466198 0.810758531 -0.012102985 0.999919891 -0.003725138 0.092412330 -0.061507121 0.002973888 0.998102188 18.398305893
0.997869074 0.012402999 0.064058296 0.848173618 -0.012201746 0.999919355 -0.003531971 0.093772314 -0.064096935 0.002742821 0.997939885 18.839197159
0.997732460 0.013350804 0.065967567 0.884595156 -0.013101760 0.999905288 -0.004206461 0.095245197 -0.066017486 0.003332632 0.997812867 19.276777267
0.997649491 0.013087062 0.067262717 0.904006839 -0.012835692 0.999908924 -0.004167992 0.088935323 -0.067311138 0.003294832 0.997726560 19.481697083
0.997459412 0.013213513 0.070001364 0.940496206 -0.012917383 0.999905586 -0.004681386 0.092023641 -0.070056595 0.003765258 0.997535944 19.937713623
0.997280300 0.014081010 0.072344668 0.984244347 -0.013688231 0.999888718 -0.005922234 0.090209410 -0.072420031 0.004915857 0.997362137 20.341531754
0.997192979 0.013956244 0.073561117 1.006317377 -0.013486094 0.999885321 -0.006884143 0.086876497 -0.073648758 0.005872768 0.997267008 20.544977188
0.997042716 0.013796862 0.075600728 1.049353004 -0.013179836 0.999875665 -0.008654552 0.082209036 -0.075710744 0.007632553 0.997100651 20.956010818
0.996864080 0.014928417 0.077711992 1.083495259 -0.014257521 0.999856234 -0.009180854 0.087214336 -0.077837862 0.008044083 0.996933579 21.361007690
0.996746957 0.015499976 0.079090551 1.102921486 -0.014913326 0.999856830 -0.008002827 0.085845441 -0.079203263 0.006797289 0.996835351 21.562784195
0.996562660 0.016746722 0.081131257 1.144697905 -0.016449932 0.999855340 -0.004325213 0.088424861 -0.081191927 0.002975742 0.996694028 21.960248947
0.996460915 0.016500795 0.082421623 1.183336735 -0.016454643 0.999863803 -0.001239241 0.091189854 -0.082430847 -0.000121363 0.996596694 22.354154587
0.996429026 0.016422471 0.082822204 1.200299740 -0.016489962 0.999864042 0.000130824 0.088818580 -0.082808793 -0.001496091 0.996564329 22.519567490
0.996284246 0.014966406 0.084815413 1.239251256 -0.015197536 0.999882400 0.002080053 0.084844634 -0.084774308 -0.003361310 0.996394455 22.870597839
0.996146917 0.014220813 0.086538881 1.276302576 -0.014549138 0.999889135 0.003164402 0.089434221 -0.086484276 -0.004411275 0.996243477 23.198072433
0.996102929 0.013551960 0.087150149 1.295969009 -0.013960740 0.999894202 0.004082717 0.089144714 -0.087085605 -0.005283487 0.996186852 23.360910416
0.996051610 0.012286641 0.087922059 1.330977201 -0.012734545 0.999908626 0.004535226 0.088215798 -0.087858289 -0.005636967 0.996117055 23.661718369
0.995967031 0.012506102 0.088844374 1.372565031 -0.012844316 0.999912322 0.003236119 0.082554005 -0.088796109 -0.004364214 0.996040344 23.942415237
0.995856583 0.012674420 0.090050705 1.385314345 -0.012938061 0.999913573 0.002344559 0.081116229 -0.090013199 -0.003499926 0.995934486 24.086566925
0.995679677 0.013129185 0.091922432 1.411957741 -0.013360591 0.999908924 0.001902464 0.079460785 -0.091889068 -0.003122382 0.995764494 24.355224609
0.995562613 0.013452322 0.093134120 1.431168795 -0.013652305 0.999905586 0.001510452 0.086418524 -0.093105003 -0.002775245 0.995652437 24.598369598
0.995509684 0.013355361 0.093712375 1.446666241 -0.013541905 0.999907374 0.001354961 0.084669136 -0.093685590 -0.002617921 0.995598376 24.708814621
0.995361090 0.012930844 0.095336787 1.470219612 -0.013084482 0.999913871 0.000986537 0.079014242 -0.095315829 -0.002229393 0.995444536 24.933490753
0.995282054 0.012394975 0.096229196 1.505501270 -0.012520096 0.999921322 0.000696511 0.083810300 -0.096212991 -0.001898023 0.995358944 25.142444611
0.995249450 0.011938533 0.096621983 1.522203922 -0.012030156 0.999927521 0.000365770 0.085769117 -0.096610598 -0.001526410 0.995321035 25.249593735
0.995123208 0.011453412 0.097972110 1.543496370 -0.011475297 0.999934018 -0.000340138 0.081544600 -0.097969539 -0.000785779 0.995189190 25.438760757
0.995068431 0.011148417 0.098562554 1.560127139 -0.011076449 0.999937832 -0.001277352 0.087565556 -0.098570667 0.000179329 0.995130062 25.626609802
0.995029867 0.010940799 0.098974913 1.572550058 -0.010853543 0.999940097 -0.001420011 0.086584896 -0.098984532 0.000338725 0.995088935 25.711242676
0.994946480 0.010312540 0.099875666 1.594196320 -0.010214973 0.999946713 -0.001488245 0.083854437 -0.099885680 0.000460497 0.994998872 25.871534348
0.994891465 0.009409726 0.100510620 1.613280177 -0.009318579 0.999955595 -0.001376297 0.084023342 -0.100519121 0.000432650 0.994934976 26.030893326
0.994842768 0.008910295 0.101036690 1.622446537 -0.008837649 0.999960244 -0.001166582 0.079514578 -0.101043053 0.000267639 0.994882107 26.092761993
0.994777083 0.008023197 0.101755954 1.647309661 -0.007871068 0.999967217 -0.001896457 0.076129079 -0.101767838 0.001085624 0.994807601 26.218009949
0.994716823 0.008352563 0.102316782 1.656674623 -0.008098366 0.999962986 -0.002899571 0.085227430 -0.102337204 0.002055654 0.994747579 26.374990463
0.994706571 0.008371995 0.102416299 1.666145444 -0.008108060 0.999962628 -0.002993101 0.083485760 -0.102437533 0.002146859 0.994737089 26.435596466
0.994692504 0.008666655 0.102527067 1.679806590 -0.008362126 0.999959290 -0.003399664 0.086084276 -0.102552347 0.002524276 0.994724452 26.561325073
0.994648993 0.009045371 0.102916397 1.695682883 -0.008712240 0.999955237 -0.003685949 0.085257158 -0.102945127 0.002769593 0.994683206 26.679515839
0.994642794 0.009139406 0.102966905 1.707404256 -0.008807499 0.999954402 -0.003677625 0.081657067 -0.102995805 0.002751042 0.994678020 26.747179031
0.994618416 0.008620474 0.103247590 1.726121902 -0.008252217 0.999958038 -0.003993356 0.079875544 -0.103277676 0.003119844 0.994647682 26.886411667
0.994610071 0.008679261 0.103322484 1.729555130 -0.008286381 0.999956727 -0.004231088 0.083494805 -0.103354722 0.003352113 0.994639039 27.000946045
0.994628370 0.008398049 0.103169814 1.738002658 -0.007993393 0.999958694 -0.004335058 0.083965234 -0.103201948 0.003487095 0.994654357 27.051670074
0.994620562 0.008483557 0.103237711 1.752335072 -0.008029381 0.999956191 -0.004814119 0.088612646 -0.103274032 0.003959287 0.994645059 27.172887802
0.994596124 0.008629467 0.103460245 1.761388063 -0.008174021 0.999954998 -0.004825311 0.084781274 -0.103497237 0.003953550 0.994621873 27.288221359
0.994632244 0.009069810 0.103075206 1.773899198 -0.008600165 0.999950528 -0.004999852 0.088521808 -0.103115469 0.004086551 0.994660974 27.351613998
0.994610846 0.009149069 0.103274226 1.783632517 -0.008723980 0.999951541 -0.004567078 0.084151939 -0.103311002 0.003641503 0.994642437 27.453470230
0.994601846 0.009337790 0.103343762 1.795252204 -0.008899312 0.999949396 -0.004703209 0.088330522 -0.103382453 0.003758132 0.994634569 27.561138153
0.994606853 0.009538754 0.103277214 1.801001310 -0.009090558 0.999947131 -0.004809563 0.090912998 -0.103317641 0.003844777 0.994641006 27.622760773
0.994632781 0.009097696 0.103067309 1.814991832 -0.008679477 0.999952137 -0.004505483 0.086486295 -0.103103377 0.003586731 0.994664133 27.715650558
0.994629622 0.009184862 0.103090145 1.825269938 -0.008749473 0.999950767 -0.004674784 0.088124663 -0.103128009 0.003747693 0.994661033 27.814556122
0.994633913 0.009018213 0.103063881 1.832195401 -0.008590564 0.999952495 -0.004592484 0.086206838 -0.103100397 0.003682463 0.994664073 27.862424850
0.994630396 0.008980910 0.103100866 1.843725920 -0.008561897 0.999953210 -0.004505944 0.085220993 -0.103136495 0.003599011 0.994660735 27.949787140
0.994606614 0.008768390 0.103347935 1.852754235 -0.008346346 0.999954998 -0.004515475 0.084263921 -0.103382893 0.003628544 0.994634986 28.043003082
0.994602323 0.008780331 0.103388473 1.855002761 -0.008346788 0.999954522 -0.004625250 0.086956799 -0.103424370 0.003737323 0.994630396 28.088153839
0.994583607 0.009233621 0.103528544 1.863026619 -0.008833595 0.999951661 -0.004321762 0.081297465 -0.103563435 0.003383824 0.994617164 28.175102234
0.994582891 0.008858444 0.103568085 1.873708248 -0.008434925 0.999954224 -0.004526529 0.088540852 -0.103603438 0.003628420 0.994612098 28.256727219
0.994601429 0.009143439 0.103365488 1.878961444 -0.008732498 0.999952078 -0.004427454 0.086056128 -0.103401028 0.003500914 0.994633555 28.294450760
0.994634926 0.008940132 0.103060797 1.891381621 -0.008549504 0.999954462 -0.004231398 0.084829114 -0.103093952 0.003327577 0.994666040 28.365306854
0.994625211 0.008716792 0.103173465 1.895625472 -0.008324459 0.999956429 -0.004232635 0.087129436 -0.103205867 0.003351021 0.994654298 28.440109253
0.994622171 0.008855878 0.103190526 1.904455185 -0.008478389 0.999955595 -0.004096208 0.084260628 -0.103222229 0.003199289 0.994653225 28.474201202
0.994604588 0.008929058 0.103353359 1.911583543 -0.008515597 0.999953926 -0.004441002 0.085219473 -0.103388242 0.003536926 0.994634807 28.551889420
0.994621456 0.009305970 0.103157811 1.918582082 -0.008882631 0.999950171 -0.004562436 0.087184057 -0.103195131 0.003621585 0.994654536 28.625755310
0.994620383 0.009037754 0.103191592 1.919439077 -0.008620799 0.999952734 -0.004485863 0.086761832 -0.103227258 0.003572138 0.994651377 28.655862808
0.994625390 0.009249149 0.103125162 1.927869678 -0.008846895 0.999951363 -0.004357339 0.085389510 -0.103160448 0.003421583 0.994658828 28.727270126
0.994572878 0.009155401 0.103638880 1.932483077 -0.008719575 0.999951124 -0.004657536 0.087371290 -0.103676468 0.003728571 0.994604051 28.794666290
0.994558692 0.009201612 0.103769921 1.933697104 -0.008760523 0.999950647 -0.004705637 0.088188335 -0.103808090 0.003770954 0.994590223 28.815164566
0.994595289 0.009409773 0.103400283 1.940645218 -0.008957589 0.999948204 -0.004836621 0.087421209 -0.103440441 0.003884263 0.994628072 28.871595383
0.994656742 0.009140806 0.102832198 1.952276707 -0.008675427 0.999949992 -0.004971964 0.086143538 -0.102872483 0.004053283 0.994686425 28.922079086
0.994655669 0.009067423 0.102848619 1.954208016 -0.008567329 0.999949217 -0.005303125 0.087420434 -0.102891460 0.004393646 0.994682968 28.942176819
0.994688094 0.008855391 0.102553688 1.965465546 -0.008288481 0.999947965 -0.005952754 0.081938073 -0.102601059 0.005071118 0.994709730 28.996047974
0.994672179 0.009081536 0.102688976 1.967557311 -0.008411855 0.999940336 -0.006952628 0.087290525 -0.102745980 0.006051780 0.994689286 29.064582825
0.994652331 0.008857592 0.102899835 1.970425487 -0.008199153 0.999943078 -0.006820063 0.083477348 -0.102954395 0.005939899 0.994668305 29.097190857
0.994635582 0.008658540 0.103078373 1.974361062 -0.008039679 0.999947071 -0.006417757 0.084318176 -0.103128485 0.005554613 0.994652569 29.162952423
0.994645357 0.008669662 0.102983177 1.987185478 -0.008085208 0.999948800 -0.006091338 0.084315926 -0.103030719 0.005226080 0.994664371 29.228456497
0.994654298 0.008728726 0.102891669 1.991670370 -0.008133249 0.999947608 -0.006205539 0.084540412 -0.102940440 0.005335522 0.994673193 29.260828018
0.994631708 0.008897719 0.103095181 1.997680664 -0.008304587 0.999946356 -0.006181062 0.086853042 -0.103144638 0.005291717 0.994652271 29.332593918
0.994644523 0.009031784 0.102959774 2.005513191 -0.008429819 0.999944746 -0.006280249 0.088511735 -0.103010818 0.005378684 0.994665682 29.404615402
0.994641662 0.008896920 0.102998942 2.007682800 -0.008303097 0.999946356 -0.006192653 0.088471144 -0.103048511 0.005304261 0.994662166 29.439773560
0.994645655 0.008821117 0.102966338 2.018276215 -0.008223279 0.999946713 -0.006229198 0.089626878 -0.103015810 0.005349123 0.994665325 29.516241074
0.994649112 0.008947084 0.102921776 2.027438164 -0.008367612 0.999946654 -0.006060589 0.087870404 -0.102970511 0.005166951 0.994670987 29.590614319
0.994621217 0.009178052 0.103171974 2.032514095 -0.008602661 0.999944866 -0.006020581 0.088817909 -0.103221543 0.005100643 0.994645357 29.633693695
0.994628727 0.009081608 0.103108227 2.040922642 -0.008449489 0.999942720 -0.006565761 0.092410490 -0.103161953 0.005659282 0.994648397 29.712554932
0.994666278 0.009339653 0.102721177 2.053310156 -0.008713304 0.999940634 -0.006544582 0.087295949 -0.102776200 0.005614635 0.994688630 29.792722702
0.994631290 0.009478231 0.103046931 2.054873466 -0.008836388 0.999938548 -0.006683370 0.089063197 -0.103103966 0.005736927 0.994653940 29.834794998
0.994632125 0.009469693 0.103039153 2.066261292 -0.008842332 0.999939501 -0.006543637 0.088884354 -0.103094876 0.005597407 0.994655728 29.924810410
0.994593680 0.009391282 0.103417970 2.075526714 -0.008749976 0.999939561 -0.006653042 0.089446038 -0.103474222 0.005712169 0.994615674 30.017091751
0.994596958 0.009642580 0.103363119 2.079837084 -0.008989898 0.999936640 -0.006778470 0.090972885 -0.103421941 0.005812622 0.994620562 30.065288544
0.994595826 0.009590656 0.103378646 2.096521139 -0.008974575 0.999939084 -0.006422972 0.088158891 -0.103433944 0.005460482 0.994621336 30.165506363
0.994592905 0.009385801 0.103425264 2.108036995 -0.008768876 0.999940991 -0.006418017 0.086153939 -0.103479378 0.005476391 0.994616508 30.261781693
0.994603157 0.009433507 0.103322119 2.116061211 -0.008810909 0.999940217 -0.006480553 0.088580117 -0.103377081 0.005535217 0.994626820 30.316930771
0.994597495 0.009275024 0.103391476 2.129254341 -0.008654572 0.999941707 -0.006448005 0.089146540 -0.103445262 0.005518361 0.994619846 30.430259705
0.994598210 0.009075176 0.103402182 2.139012098 -0.008446789 0.999943137 -0.006513382 0.090996772 -0.103455424 0.005604781 0.994618297 30.538604736
0.994612277 0.008815921 0.103289194 2.144271374 -0.008191267 0.999945581 -0.006470246 0.090514034 -0.103340618 0.005589317 0.994630337 30.590326309
0.994652271 0.009075850 0.102880530 2.154711962 -0.008473276 0.999944389 -0.006292564 0.089510426 -0.102931909 0.005387178 0.994673789 30.708198547
0.994678140 0.009634445 0.102578998 2.169270992 -0.009035063 0.999939322 -0.006306150 0.092241600 -0.102633528 0.005345782 0.994704902 30.837783813
0.994659781 0.010011823 0.102721423 2.173540354 -0.009406760 0.999935567 -0.006373066 0.094726413 -0.102778584 0.005372756 0.994689763 30.905405045
0.994737387 0.009679463 0.101999179 2.193145275 -0.009089489 0.999939203 -0.006247303 0.091931120 -0.102053441 0.005287305 0.994764864 31.027990341
0.994764447 0.009913119 0.101712525 2.208725929 -0.009361421 0.999938786 -0.005899990 0.091346666 -0.101764783 0.004916927 0.994796395 31.157354355
0.994773149 0.009380151 0.101677909 2.218320608 -0.008837625 0.999944210 -0.005784898 0.093637452 -0.101726495 0.004856069 0.994800508 31.235628128
0.994823098 0.009196230 0.101204731 2.239592552 -0.008694503 0.999947608 -0.005397559 0.092523709 -0.101249054 0.004489691 0.994850993 31.381738663
0.994824052 0.009454480 0.101171829 2.247207403 -0.008989352 0.999946773 -0.005052331 0.097274125 -0.101214200 0.004116710 0.994856119 31.525110245
0.994884729 0.009319141 0.100586094 2.259537935 -0.008883362 0.999949098 -0.004779446 0.097420529 -0.100625508 0.003861455 0.994916916 31.589960098
0.994915605 0.009201087 0.100290954 2.275401592 -0.008833223 0.999952555 -0.004111430 0.093997940 -0.100324020 0.003204633 0.994949639 31.743478775
0.994922221 0.008908869 0.100251704 2.294071674 -0.008602089 0.999956906 -0.003491973 0.098770827 -0.100278482 0.002611866 0.994956017 31.926286697
0.994926155 0.008641784 0.100235514 2.302773952 -0.008386389 0.999960423 -0.002969027 0.097399913 -0.100257210 0.002113348 0.994959295 32.001495361
0.994970441 0.008285213 0.099825405 2.322262764 -0.008086223 0.999964416 -0.002397830 0.099296965 -0.099841714 0.001578560 0.995002091 32.171363831
0.995072901 0.008397887 0.098789491 2.340621471 -0.008238018 0.999964058 -0.002026091 0.098472700 -0.098802947 0.001202278 0.995106339 32.336688995
0.995063066 0.008736733 0.098859884 2.347859383 -0.008601061 0.999961376 -0.001798488 0.101351738 -0.098871775 0.000939309 0.995099783 32.440299988
0.995099545 0.008757986 0.098489754 2.372272491 -0.008705618 0.999961615 -0.000961439 0.102938429 -0.098494418 0.000099313 0.995137513 32.627410889
0.995152056 0.008337979 0.097994111 2.391527414 -0.008357378 0.999965012 -0.000212519 0.103473157 -0.097992457 -0.000607485 0.995186925 32.810836792
0.995168328 0.008361869 0.097826719 2.400277138 -0.008418486 0.999964476 0.000165967 0.105469361 -0.097821869 -0.000988718 0.995203376 32.912094116
0.995204329 0.008264771 0.097467795 2.417125225 -0.008367464 0.999964774 0.000644913 0.106911927 -0.097459033 -0.001457379 0.995238423 33.104217529
0.995249510 0.009052684 0.096934922 2.438951969 -0.009194915 0.999957204 0.001020677 0.109855816 -0.096921533 -0.001907137 0.995290160 33.309894562
0.995267928 0.009151604 0.096736394 2.445532799 -0.009299629 0.999956071 0.001079436 0.111844689 -0.096722268 -0.001973941 0.995309412 33.415645599
0.995362401 0.008430557 0.095826127 2.475883007 -0.008579139 0.999962509 0.001138635 0.114959672 -0.095812939 -0.001955460 0.995397449 33.628993988
0.995417416 0.007974085 0.095292404 2.500716209 -0.008168053 0.999965250 0.001645605 0.115692839 -0.095275983 -0.002416417 0.995447993 33.834346771
0.995454609 0.007622981 0.094931133 2.516098976 -0.007835831 0.999967515 0.001869587 0.114491850 -0.094913803 -0.002604953 0.995482028 33.942413330
0.995583177 0.007644911 0.093571216 2.534723759 -0.007825685 0.999968171 0.001565147 0.117730364 -0.093556255 -0.002290493 0.995611310 34.174110413
0.995745003 0.007933575 0.091808125 2.557308197 -0.008107559 0.999966025 0.001522279 0.121371686 -0.091792896 -0.002260141 0.995775580 34.397212982
0.995782197 0.008500589 0.091352507 2.565301180 -0.008707658 0.999960423 0.001868386 0.123572499 -0.091332994 -0.002655972 0.995816827 34.519603729
0.995832384 0.008247064 0.090828538 2.583050251 -0.008522288 0.999960184 0.002642708 0.125372261 -0.090803131 -0.003405761 0.995863020 34.745330811
0.995952845 0.008333880 0.089490391 2.610815763 -0.008658925 0.999957263 0.003244564 0.131372228 -0.089459531 -0.004006323 0.995982528 34.990337372
0.996040106 0.007884986 0.088555351 2.633213520 -0.008246432 0.999959052 0.003716459 0.132776797 -0.088522404 -0.004432007 0.996064365 35.121330261
0.996114314 0.006986698 0.087791346 2.647948027 -0.007454034 0.999959648 0.004996573 0.137074962 -0.087752894 -0.005631558 0.996126354 35.361736298
0.996228099 0.005092426 0.086622588 2.670421839 -0.005741993 0.999957204 0.007251316 0.140090674 -0.086581953 -0.007721352 0.996214807 35.611930847
0.996305704 0.005314458 0.085712932 2.684161663 -0.006037186 0.999948382 0.008174961 0.142478973 -0.085665040 -0.008662224 0.996286333 35.735237122
0.996470273 0.004729006 0.083813332 2.705779314 -0.005493285 0.999945402 0.008890565 0.148661569 -0.083766714 -0.009319595 0.996441782 35.988811493
0.996623516 0.004947366 0.081958160 2.726390600 -0.005697749 0.999943972 0.008924340 0.149682865 -0.081909403 -0.009361184 0.996595740 36.233730316
0.996684134 0.005581214 0.081175819 2.736684561 -0.006325142 0.999940395 0.008910149 0.149178743 -0.081121236 -0.009394054 0.996659994 36.360843658
0.996775448 0.006842952 0.079950146 2.753289938 -0.007561057 0.999933720 0.008682618 0.154117018 -0.079885453 -0.009259128 0.996761084 36.615573883
0.996959209 0.007583944 0.077555232 2.773170471 -0.008256285 0.999931037 0.008352210 0.155080929 -0.077486537 -0.008967130 0.996953070 36.859386444
0.997041762 0.007210378 0.076521598 2.783483744 -0.007843601 0.999937475 0.007977755 0.155516610 -0.076459266 -0.008554361 0.997036040 36.982170105
0.997151017 0.006676714 0.075134538 2.803471565 -0.007205549 0.999951065 0.006769638 0.161457255 -0.075085647 -0.007291735 0.997150421 37.236202240
0.997257471 0.005486524 0.073806874 2.824029684 -0.005845598 0.999972105 0.004649915 0.163096473 -0.073779300 -0.005068608 0.997261703 37.470779419
0.997337580 0.004936560 0.072755083 2.832276106 -0.005211012 0.999980092 0.003582954 0.167097434 -0.072735935 -0.003952543 0.997343361 37.593067169
0.997477114 0.004833664 0.070822895 2.851361036 -0.004993806 0.999985337 0.002084265 0.167851448 -0.070811778 -0.002432682 0.997486711 37.840667725
0.997555017 0.005525869 0.069666952 2.869149685 -0.005625498 0.999983430 0.001233966 0.166520759 -0.069658987 -0.001622860 0.997569561 38.085887909
0.997597218 0.005772060 0.069039553 2.875937700 -0.005821887 0.999982893 0.000520504 0.169430047 -0.069035374 -0.000921194 0.997613788 38.204910278
0.997724473 0.006290989 0.067129329 2.896005630 -0.006238395 0.999980032 -0.000993072 0.173733339 -0.067134239 0.000572033 0.997743785 38.445819855
0.997805476 0.007001310 0.065842472 2.911025286 -0.006865775 0.999973774 -0.002284520 0.176937133 -0.065856747 0.001827447 0.997827470 38.687175751
0.997809649 0.007014301 0.065777317 2.917031050 -0.006827820 0.999971986 -0.003059399 0.178104460 -0.065796934 0.002603582 0.997829616 38.805397034
0.997890890 0.006478271 0.064589240 2.934428453 -0.006206324 0.999971032 -0.004410150 0.177059293 -0.064615957 0.003999986 0.997902155 39.039230347
0.997983932 0.006763819 0.063105345 2.953330994 -0.006438252 0.999964952 -0.005361029 0.179041132 -0.063139394 0.004943933 0.997992456 39.277282715
0.998035550 0.006569237 0.062305201 2.964790821 -0.006215337 0.999963403 -0.005872225 0.179677367 -0.062341500 0.005473441 0.998039842 39.386997223
0.998070717 0.006623026 0.061735343 2.972466946 -0.006213161 0.999957383 -0.006828682 0.180677593 -0.061777961 0.006431934 0.998069167 39.618309021
0.998129487 0.006980044 0.060736723 2.990396976 -0.006527488 0.999949515 -0.007646349 0.179318935 -0.060787030 0.007235588 0.998124480 39.864440918
0.998147011 0.007447942 0.060392480 2.995549440 -0.006970765 0.999942780 -0.008108117 0.183133930 -0.060449421 0.007672109 0.998141766 39.980224609
0.998212457 0.006914525 0.059363808 3.010405302 -0.006416244 0.999942601 -0.008580207 0.180902869 -0.059419736 0.008183975 0.998199522 40.199478149
0.998238266 0.007151578 0.058900636 3.053622961 -0.006641462 0.999938667 -0.008851843 0.194943070 -0.058960337 0.008445060 0.998224616 40.501853943
0.998341084 0.006177789 0.057244629 3.053785324 -0.005757379 0.999955356 -0.007506080 0.182072014 -0.057288434 0.007164050 0.998331904 40.789505005
0.998387158 0.006604820 0.056388579 3.088094711 -0.006237397 0.999958158 -0.006689425 0.192768425 -0.056430418 0.006326916 0.998386383 41.066020966
0.998415768 0.006258303 0.055917602 3.075824022 -0.005951646 0.999966323 -0.005648946 0.185595512 -0.055951063 0.005307196 0.998419404 41.137889862
0.998461008 0.005958459 0.055137813 3.094070435 -0.005690016 0.999971211 -0.005024298 0.187191844 -0.055166163 0.004702831 0.998466134 41.375438690
0.998518646 0.006555444 0.054013930 3.112462044 -0.006307395 0.999968767 -0.004761532 0.189250439 -0.054043449 0.004413791 0.998528838 41.599189758
0.998546124 0.006878077 0.053464264 3.147933006 -0.006631574 0.999966621 -0.004786659 0.196385354 -0.053495403 0.004425147 0.998558283 41.775974274
0.998579502 0.007429151 0.052762695 3.150210619 -0.007218007 0.999965191 -0.004191192 0.200944662 -0.052791998 0.003804396 0.998598278 41.971439362
0.998604238 0.007702940 0.052251462 3.141749859 -0.007538720 0.999966025 -0.003339253 0.190880939 -0.052275401 0.002940683 0.998628378 42.164615631
0.998684645 0.008437920 0.050575811 3.208767891 -0.008252054 0.999958515 -0.003882691 0.199795619 -0.050606471 0.003460228 0.998712599 42.348731995
0.998720646 0.008757220 0.049803805 3.188365459 -0.008558805 0.999954581 -0.004195796 0.197103813 -0.049838290 0.003764167 0.998750091 42.518650055
0.998790383 0.007520901 0.048592195 3.185150146 -0.007355287 0.999966502 -0.003586162 0.188600227 -0.048617534 0.003224415 0.998812199 42.704784393
0.998905241 0.007642078 0.046148989 3.284755468 -0.007480571 0.999965250 -0.003671397 0.196678936 -0.046175439 0.003322158 0.998927772 42.913707733
0.999145806 0.008393899 0.040463552 3.499274015 -0.008347058 0.999964297 -0.001326385 0.150073767 -0.040473234 0.000987501 0.999180079 43.311134338
0.999337494 0.008963861 0.035271905 3.663640499 -0.008893777 0.999958098 -0.002143351 0.161839366 -0.035289641 0.001828231 0.999375403 43.637340546
0.999370456 0.009654029 0.034137636 3.699412823 -0.009585897 0.999951720 -0.002158857 0.163173318 -0.034156825 0.001830258 0.999414802 43.779483795
0.999400020 0.007932110 0.033714738 3.686175823 -0.007862110 0.999966621 -0.002208319 0.173775703 -0.033731129 0.001941925 0.999429107 43.946304321
0.999400258 0.008441034 0.033582062 3.695072174 -0.008363336 0.999962032 -0.002453453 0.186775789 -0.033601496 0.002171124 0.999432921 44.150367737
0.999438047 0.008099797 0.032530401 3.698542595 -0.008042302 0.999965966 -0.001897889 0.170163363 -0.032544665 0.001635203 0.999468923 44.147521973
0.999475300 0.008197698 0.031336997 3.699469090 -0.008146894 0.999965250 -0.001748570 0.176089004 -0.031350240 0.001492354 0.999507308 44.324840546
0.999501348 0.008117763 0.030517142 3.693831444 -0.008065734 0.999965787 -0.001827581 0.188437566 -0.030530937 0.001580527 0.999532521 44.500125885
0.999528110 0.008450735 0.029533107 3.713685751 -0.008387497 0.999962270 -0.002264508 0.203908533 -0.029551124 0.002015730 0.999561250 44.652931213
0.999566078 0.007239781 0.028551914 3.729063988 -0.007196434 0.999972820 -0.001620638 0.210236639 -0.028562870 0.001414462 0.999590933 44.840637207
0.999588966 0.007479042 0.027676614 3.727896690 -0.007434650 0.999970853 -0.001706485 0.237571046 -0.027688570 0.001500018 0.999615610 44.995197296
0.999619305 0.006906346 0.026713060 3.734394550 -0.006870816 0.999975383 -0.001421588 0.232686669 -0.026722219 0.001237506 0.999642193 45.076469421
0.999656856 0.007893587 0.024978137 3.733990192 -0.007858151 0.999967992 -0.001516535 0.242601812 -0.024989307 0.001319733 0.999686897 45.360427856
0.999706805 0.009640742 0.022209872 3.740365028 -0.009611202 0.999952793 -0.001436374 0.246540964 -0.022222666 0.001222490 0.999752402 45.553146362
0.999728680 0.010996352 0.020532269 3.766609430 -0.010960237 0.999938190 -0.001870648 0.262993634 -0.020551564 0.001645102 0.999787450 45.774772644
0.999729812 0.011495695 0.020199662 3.770701885 -0.011454184 0.999932051 -0.002169525 0.267507166 -0.020223226 0.001937568 0.999793589 45.849288940
0.999742806 0.011414361 0.019596804 3.790436268 -0.011375091 0.999933124 -0.002114256 0.271451771 -0.019619621 0.001890797 0.999805748 46.026927948
0.999727309 0.011809158 0.020147858 3.799565315 -0.011748719 0.999926150 -0.003115488 0.279846847 -0.020183161 0.002877927 0.999792159 46.170768738
0.999722898 0.011852820 0.020339264 3.805303574 -0.011780040 0.999923766 -0.003694428 0.286375225 -0.020381503 0.003453807 0.999786317 46.266677856
0.999736488 0.012248279 0.019415746 3.850685120 -0.012133969 0.999908388 -0.005994403 0.319667876 -0.019487388 0.005757233 0.999793530 46.528972626
0.999747336 0.012483180 0.018693266 3.872048140 -0.012342501 0.999894738 -0.007622246 0.333530962 -0.018786447 0.007389597 0.999796331 46.765289307
0.999748886 0.012880633 0.018340811 3.890211344 -0.012734083 0.999886215 -0.008084808 0.340146065 -0.018442862 0.007849223 0.999799132 46.857921600
0.999743938 0.012898813 0.018590750 3.902142525 -0.012748498 0.999885261 -0.008181384 0.340430886 -0.018694146 0.007942284 0.999793768 47.063236237
0.999742210 0.013040654 0.018589443 3.923032522 -0.012873448 0.999875844 -0.009086286 0.374057502 -0.018705625 0.008844633 0.999785960 47.291034698
0.999753654 0.011386862 0.019053334 3.932493687 -0.011204130 0.999890506 -0.009670080 0.392536134 -0.019161358 0.009454221 0.999771774 47.630912781
0.999757826 0.010739053 0.019205339 3.958649635 -0.010577735 0.999908030 -0.008481656 0.353447914 -0.019294655 0.008276453 0.999779522 47.835945129
0.999750495 0.011278837 0.019279845 3.968640566 -0.011109151 0.999898791 -0.008885811 0.356088877 -0.019378116 0.008669412 0.999774635 47.943336487
0.999746621 0.012011613 0.019036058 3.989121199 -0.011824811 0.999881148 -0.009895463 0.372126400 -0.019152652 0.009667859 0.999769807 48.177299500
0.999754608 0.011465253 0.018953230 4.007930756 -0.011290940 0.999893188 -0.009278593 0.362759143 -0.019057589 0.009062316 0.999777317 48.423080444
