1.000000000 0.000000000 0.000000000 0.000000000 0.000000000 1.000000000 0.000000000 0.000000000 0.000000000 0.000000000 1.000000000 0.000000000
1.000000000 0.000072302 0.000099551 -0.004276828 -0.000072305 1.000000000 0.000027092 -0.002577716 -0.000099549 -0.000027099 1.000000000 0.006082790
1.000000000 0.000097647 -0.000072380 0.006234289 -0.000097654 1.000000000 -0.000091761 0.000333080 0.000072371 0.000091768 1.000000000 0.039779030
1.000000000 0.000020497 -0.000103047 0.012773448 -0.000020530 0.999999940 -0.000321414 -0.000583993 0.000103040 0.000321416 0.999999940 0.074098602
0.999999940 0.000119449 -0.000232890 0.020504106 -0.000119556 0.999999881 -0.000462191 0.001472155 0.000232835 0.000462219 0.999999881 0.079832688
1.000000000 0.000115663 -0.000082190 0.022162899 -0.000115696 0.999999940 -0.000405858 -0.000178707 0.000082143 0.000405868 0.999999940 0.119318858
1.000000000 0.000003650 -0.000192006 0.030802380 -0.000003741 0.999999881 -0.000471916 -0.004569660 0.000192004 0.000471917 0.999999881 0.154724002
0.999999940 0.000122497 -0.000304370 0.033557799 -0.000122713 0.999999762 -0.000709828 0.001882013 0.000304283 0.000709865 0.999999702 0.171640351
0.999999881 0.000149852 -0.000450534 0.044644341 -0.000150260 0.999999583 -0.000906797 0.001227930 0.000450398 0.000906865 0.999999464 0.219124496
0.999999881 0.000169152 -0.000479666 0.051182784 -0.000169541 0.999999642 -0.000811333 -0.005894890 0.000479528 0.000811414 0.999999583 0.253340572
0.999999881 0.000281643 -0.000404555 0.052411601 -0.000281983 0.999999583 -0.000841178 -0.005476387 0.000404318 0.000841292 0.999999583 0.264080614
0.999999762 0.000148202 -0.000668836 0.066177711 -0.000148957 0.999999344 -0.001128585 -0.004520947 0.000668668 0.001128684 0.999999166 0.350067526
0.999999583 0.000281397 -0.000879064 0.075506054 -0.000282239 0.999999523 -0.000957468 -0.005967279 0.000878794 0.000957715 0.999999166 0.371521622
0.999999523 0.000200776 -0.000944974 0.084961452 -0.000201482 0.999999702 -0.000746431 -0.008808441 0.000944824 0.000746621 0.999999285 0.421225429
0.999999464 0.000271802 -0.000991290 0.090718985 -0.000272561 0.999999642 -0.000764922 -0.005373183 0.000991082 0.000765191 0.999999225 0.452942401
0.999999285 0.000190433 -0.001165488 0.097096309 -0.000191409 0.999999642 -0.000837148 0.001748398 0.001165328 0.000837371 0.999998987 0.472318023
0.999999404 0.000420045 -0.001002309 0.093825847 -0.000420598 0.999999762 -0.000551458 0.005033819 0.001002077 0.000551879 0.999999344 0.499189109
0.999999523 0.000363927 -0.000929440 0.097322434 -0.000364076 0.999999940 -0.000160217 -0.007789391 0.000929382 0.000160555 0.999999583 0.525051355
0.999999642 0.000324219 -0.000688388 0.083714224 -0.000324360 0.999999940 -0.000204968 -0.007719647 0.000688321 0.000205191 0.999999762 0.542399704
0.999999702 0.000136922 -0.000743686 0.085286237 -0.000137009 1.000000000 -0.000117242 -0.007803882 0.000743670 0.000117344 0.999999702 0.542635977
0.999999821 0.000069294 -0.000765144 0.086269453 -0.000069366 1.000000000 -0.000093974 -0.008382905 0.000765138 0.000094027 0.999999702 0.541392684
0.999999762 0.000024016 -0.000695304 0.085791871 -0.000023946 0.999999940 0.000101118 -0.009081854 0.000695306 -0.000101102 0.999999762 0.541268349
0.999999762 0.000233642 -0.000628854 0.083974116 -0.000233720 0.999999940 -0.000123386 -0.008401366 0.000628825 0.000123533 0.999999762 0.549354315
0.999999702 0.000452795 -0.000574350 0.083664291 -0.000452885 0.999999821 -0.000156108 -0.010165077 0.000574279 0.000156368 0.999999821 0.563702404
0.999999523 0.000449437 -0.000830102 0.096280113 -0.000450211 0.999999464 -0.000932908 -0.003401575 0.000829682 0.000933281 0.999999225 0.567404985
0.999999464 0.000389106 -0.000951069 0.099450871 -0.000390463 0.999998868 -0.001426686 -0.004976854 0.000950514 0.001427056 0.999998510 0.561757684
0.999999166 0.000609901 -0.001078202 0.101763763 -0.000611670 0.999998510 -0.001641562 -0.003141445 0.001077199 0.001642220 0.999998093 0.552957952
0.999999404 0.000444760 -0.000998061 0.100662291 -0.000446374 0.999998629 -0.001617410 -0.004517951 0.000997341 0.001617854 0.999998212 0.556914508
0.999999285 0.000676198 -0.000980519 0.098504022 -0.000677940 0.999998212 -0.001776607 -0.006515618 0.000979316 0.001777271 0.999997854 0.568059504
0.999999166 0.000668119 -0.001011004 0.097222261 -0.000669963 0.999998152 -0.001825303 -0.008497030 0.001009782 0.001825979 0.999997735 0.574660540
0.999999523 0.000433601 -0.000832661 0.096804641 -0.000435258 0.999997973 -0.001990641 -0.007552916 0.000831796 0.001991003 0.999997616 0.573465824
0.999999702 0.000284840 -0.000743375 0.087220147 -0.000286581 0.999997139 -0.002342821 -0.012252180 0.000742705 0.002343033 0.999996960 0.606255412
0.999999702 0.000192687 -0.000720368 0.091851741 -0.000194705 0.999996066 -0.002802714 -0.010381931 0.000719825 0.002802854 0.999995828 0.592822790
0.999999821 0.000400911 -0.000512974 0.088451028 -0.000402898 0.999992430 -0.003879604 -0.015649166 0.000511415 0.003879810 0.999992371 0.607822061
0.999999285 0.000498823 -0.001089302 0.111406058 -0.000504582 0.999985874 -0.005293177 -0.004092929 0.001086646 0.005293722 0.999985397 0.653432310
0.999999404 0.000560733 -0.000982596 0.105825223 -0.000566316 0.999983668 -0.005691313 -0.002728451 0.000979389 0.005691866 0.999983370 0.673547208
0.999998927 0.000418376 -0.001360276 0.114723399 -0.000426401 0.999982417 -0.005904655 -0.009213245 0.001357782 0.005905229 0.999981642 0.733353972
0.999997616 0.000268288 -0.002178726 0.141179428 -0.000282380 0.999979019 -0.006470155 -0.000987055 0.002176944 0.006470755 0.999976695 0.830283523
0.999997437 -0.000196648 -0.002254294 0.136223391 0.000181190 0.999976516 -0.006855575 -0.004082322 0.002255589 0.006855150 0.999973953 0.841118157
0.999995828 -0.000262477 -0.002849958 0.146139070 0.000241483 0.999972820 -0.007364189 -0.012298020 0.002851814 0.007363471 0.999968827 0.937267601
0.999996305 0.000214414 -0.002689956 0.119787149 -0.000236200 0.999967217 -0.008101331 0.006810362 0.002688131 0.008101935 0.999963582 1.012856960
0.999996364 0.000762608 -0.002592713 0.104438335 -0.000782743 0.999969482 -0.007773720 -0.001818600 0.002586705 0.007775721 0.999966443 1.050827146
0.999992549 0.001133573 -0.003685595 0.087411709 -0.001160924 0.999971747 -0.007427535 -0.017329454 0.003677072 0.007431759 0.999965608 1.149499536
0.999984562 0.001806724 -0.005256684 0.088564254 -0.001849700 0.999964833 -0.008182175 0.001412133 0.005241716 0.008191773 0.999952734 1.249589205
0.999983311 0.001635717 -0.005544352 0.060848121 -0.001682009 0.999963701 -0.008355001 -0.003438725 0.005530484 0.008364188 0.999949753 1.309808373
0.999967575 0.000416867 -0.008040933 0.056363713 -0.000490293 0.999958158 -0.009131664 -0.015878037 0.008036789 0.009135311 0.999925971 1.443971395
0.999931097 -0.000607224 -0.011725519 0.054686241 0.000477890 0.999939084 -0.011029834 -0.006034108 0.011731501 0.011023471 0.999870360 1.577977657
0.999900579 -0.001108086 -0.014056787 0.067415461 0.000944414 0.999931812 -0.011644924 -0.008006142 0.014068730 0.011630492 0.999833345 1.673697829
0.999800980 -0.001802205 -0.019870866 0.095167488 0.001547594 0.999916673 -0.012821241 -0.011194320 0.019892316 0.012787936 0.999720395 1.851372600
0.999698043 -0.002017699 -0.024488511 0.041706610 0.001668435 0.999896705 -0.014274453 -0.012603158 0.024514783 0.014229286 0.999598145 2.008670092
0.999621749 -0.002197465 -0.027414165 0.014937263 0.001785111 0.999885023 -0.015057066 -0.008130660 0.027444098 0.015002430 0.999510646 2.090857267
0.999385476 -0.002158595 -0.034984253 0.004514024 0.001593833 0.999868095 -0.016163172 -0.015722502 0.035014533 0.016097482 0.999257207 2.283671379
0.999092519 -0.001902726 -0.042551417 -0.028309509 0.001160984 0.999847054 -0.017449588 -0.016241422 0.042578109 0.017384352 0.998941898 2.482102394
0.998890460 -0.002504067 -0.047027718 -0.037680916 0.001671647 0.999841332 -0.017731627 -0.024821699 0.047064655 0.017633338 0.998736143 2.592448950
0.998285651 -0.003046955 -0.058450535 -0.049360722 0.001963056 0.999825180 -0.018592345 -0.010528672 0.058496963 0.018445725 0.998117089 2.825855970
0.997505188 -0.004803976 -0.070429377 -0.089511901 0.003486668 0.999816835 -0.018814962 -0.009162687 0.070506871 0.018522458 0.997339249 3.058609009
0.996994913 -0.005696187 -0.077256963 -0.097284764 0.004263712 0.999816120 -0.018693980 -0.023885068 0.077349253 0.018308403 0.996835947 3.177349567
0.995845139 -0.005861512 -0.090873763 -0.147285387 0.004094215 0.999799132 -0.019622060 -0.028289758 0.090970516 0.019168474 0.995669067 3.410277843
0.994242191 -0.005054368 -0.107037038 -0.199101806 0.002851654 0.999781251 -0.020722063 -0.029324695 0.107118346 0.020297512 0.994039118 3.666925192
0.993222415 -0.003767204 -0.116167538 -0.223214179 0.001293859 0.999770999 -0.021359248 -0.021412250 0.116221406 0.021064183 0.992999911 3.863744736
0.990934908 -0.002634943 -0.134316728 -0.307576537 -0.000363781 0.999751270 -0.022296336 -0.005327411 0.134342089 0.022143081 0.990687609 4.123090267
0.987798095 -0.003714631 -0.155695513 -0.351151615 0.000468707 0.999781847 -0.020879431 -0.032592822 0.155739099 0.020551687 0.987584412 4.431973934
0.986056566 -0.004187919 -0.166357785 -0.397420287 0.000720210 0.999781251 -0.020899747 -0.023753628 0.166408926 0.020488517 0.985843956 4.583728313
0.981851101 -0.005171899 -0.189582646 -0.486684322 0.001349419 0.999793291 -0.020286147 -0.023013376 0.189648360 0.019662149 0.981655180 4.935381413
0.976993084 -0.004949821 -0.213213250 -0.604004979 0.000765498 0.999805629 -0.019703146 -0.029137053 0.213269323 0.019086624 0.976807058 5.245729923
0.974238038 -0.005174800 -0.225462466 -0.660038531 0.000764735 0.999806762 -0.019643033 -0.030501172 0.225520521 0.018964572 0.974053860 5.411458969
0.968011856 -0.005458412 -0.250845194 -0.764874458 0.000618328 0.999812186 -0.019369865 -0.030799061 0.250903785 0.018595157 0.967833459 5.738611221
0.960922241 -0.006361267 -0.276745319 -0.895581007 0.001333112 0.999830663 -0.018353239 -0.032385699 0.276815206 0.017267101 0.960768044 6.066495895
0.956825197 -0.006384346 -0.290593803 -0.968013227 0.001292808 0.999842346 -0.017709766 -0.029755138 0.290661067 0.016569467 0.956682622 6.298025608
0.949068487 -0.004218845 -0.315041274 -0.950478077 -0.000300403 0.999897778 -0.014295005 -0.090803869 0.315069467 0.013661575 0.948970377 6.208471298
0.938892424 -0.005353171 -0.344168901 -1.293897510 0.000192287 0.999887049 -0.015027587 -0.029493615 0.344210535 0.014043108 0.938787520 6.960421085
0.933608890 -0.005422549 -0.358252704 -1.521625638 -0.000275146 0.999874294 -0.015851229 0.010428302 0.358293623 0.014897420 0.933490098 7.415699959
0.922250628 -0.006405251 -0.386539519 -1.708083749 0.001207007 0.999905467 -0.013689371 -0.006608114 0.386590689 0.012158475 0.922171295 7.786878586
0.909896672 -0.007168647 -0.414773107 -1.917317629 0.002966174 0.999937534 -0.010775261 0.000908785 0.414824456 0.008574082 0.909861028 8.094842911
0.902807891 -0.008082434 -0.429967999 -1.989326835 0.004647768 0.999948323 -0.009037821 -0.010677159 0.430018872 0.006161025 0.902798951 8.248297691
0.887862623 -0.009329738 -0.460014015 -2.201867580 0.007581389 0.999955237 -0.005647853 -0.012468301 0.460046172 0.001526969 0.887893796 8.611095428
0.871812105 -0.009787949 -0.489742607 -2.458153725 0.009574254 0.999949813 -0.002941358 -0.011577536 0.489746869 -0.002124610 0.871862173 9.009236336
0.863467395 -0.009584807 -0.504313648 -2.585111618 0.010174977 0.999946892 -0.001583422 -0.019614797 0.504302084 -0.003764150 0.863519192 9.141386986
0.845511913 -0.008126827 -0.533894539 -2.931167841 0.009379079 0.999955893 -0.000367762 0.011850216 0.533874094 -0.004696491 0.845551014 9.674150467
0.825828850 -0.007769560 -0.563867271 -3.233653307 0.010843541 0.999938965 0.002103017 0.005495394 0.563816547 -0.007851050 0.825862706 10.019025803
0.815282226 -0.007746209 -0.579011977 -3.389892340 0.011953708 0.999922633 0.003454221 -0.005351935 0.578940392 -0.009737505 0.815311790 10.193100929
0.793297112 -0.009791283 -0.608755946 -3.753803015 0.014983540 0.999881804 0.003443540 0.014044665 0.608650267 -0.011853068 0.793350101 10.625329018
0.769512892 -0.011556529 -0.638526797 -4.129459858 0.017199861 0.999848545 0.002632204 0.035787798 0.638399661 -0.013008085 0.769595146 11.051836014
0.757465184 -0.012254627 -0.652760506 -4.343149662 0.019174276 0.999810100 0.003479909 0.005424902 0.652594030 -0.015152121 0.757556260 11.217682838
0.730979562 -0.012218099 -0.682289958 -4.686554909 0.020686725 0.999776900 0.004259474 0.014336612 0.682085693 -0.017227935 0.731069267 11.578754425
0.702313364 -0.011428378 -0.711776197 -5.133303642 0.020494647 0.999781191 0.004169550 0.053911880 0.711572826 -0.017515931 0.702393949 12.083313942
0.692463458 -0.011119520 -0.721367240 -5.639666557 0.021839518 0.999746025 0.005553858 -0.013737194 0.721122265 -0.019600160 0.692530453 12.006452560
0.658406496 -0.011287489 -0.752577960 -5.738718510 0.021390021 0.999764264 0.003718546 0.012084384 0.752358735 -0.018545972 0.658492684 12.488490105
0.625885844 -0.011228263 -0.779833913 -6.153099060 0.021900147 0.999755085 0.003182058 -0.001086541 0.779607236 -0.019070081 0.625978470 12.916984558
0.625524223 -0.012335197 -0.780107141 -7.136197090 0.022083957 0.999754310 0.001899589 0.047652453 0.779892147 -0.018416092 0.625643075 12.235563278
0.596948147 -0.010977563 -0.802204609 -7.607846260 0.019809902 0.999803245 0.001059680 0.048851959 0.802035272 -0.016524168 0.597048223 12.532135010
0.568984509 -0.008827955 -0.822300851 -8.106678009 0.017341709 0.999848843 0.001265403 0.047311246 0.822165370 -0.014980100 0.569051623 12.873262405
0.568230331 -0.009734152 -0.822811902 -9.295688629 0.017923392 0.999839187 0.000549373 0.066904411 0.822674215 -0.015059752 0.568313539 12.482603073
0.541823745 -0.009040685 -0.840443492 -9.805810928 0.015577332 0.999878347 -0.000713218 0.098045163 0.840347767 -0.012705430 0.541898727 12.823311806
0.518786013 -0.008593964 -0.854860902 -10.309646606 0.016163219 0.999869287 -0.000242836 0.121523425 0.854751289 -0.013691322 0.518857181 12.919142723
0.508874059 -0.007804595 -0.860805571 -10.937137604 0.017985737 0.999837041 0.001567312 0.113501579 0.860653102 -0.016279789 0.508931398 12.993709564
0.483451277 -0.007502331 -0.875339150 -11.473995209 0.020521482 0.999785602 0.002765113 0.139071688 0.875130773 -0.019300053 0.483501464 13.140743256
0.452969730 -0.007269087 -0.891496241 -12.085029602 0.023237733 0.999723256 0.003655558 0.142148048 0.891223013 -0.022372212 0.453013301 13.584091187
0.442127138 -0.006947740 -0.896925449 -12.662655830 0.022356369 0.999744594 0.003276072 0.157285348 0.896673739 -0.021500438 0.442169577 13.644287109
0.412028283 -0.007525131 -0.911139905 -12.973137856 0.020646591 0.999786258 0.001079372 0.149363115 0.910937130 -0.019256666 0.412095577 14.044721603
0.388970971 -0.011416695 -0.921179295 -13.632950783 0.020192614 0.999788761 -0.003864549 0.179615200 0.921028614 -0.017097820 0.389119238 14.226638794
0.375963867 -0.013264485 -0.926539481 -14.078547478 0.019835740 0.999783695 -0.006264272 0.185166121 0.926422000 -0.016023451 0.376145571 14.421949387
0.350979686 -0.016868237 -0.936231136 -14.544440269 0.022504143 0.999700904 -0.009575302 0.195629716 0.936112583 -0.017708343 0.351254284 14.550720215
0.324597895 -0.016748033 -0.945703804 -15.189562798 0.024073781 0.999665558 -0.009440730 0.219334751 0.945545733 -0.019702224 0.324892491 14.788310051
0.316279799 -0.016174864 -0.948528051 -16.005207062 0.025165679 0.999645829 -0.008655244 0.224970967 0.948332131 -0.021132875 0.316574782 14.831971169
0.288903505 -0.013676481 -0.957260549 -16.256568909 0.026613072 0.999626279 -0.006249877 0.209527463 0.956988275 -0.023670031 0.289159507 14.939949036
0.259907424 -0.010620083 -0.965575278 -16.881511688 0.027063657 0.999626815 -0.003709785 0.204736128 0.965254128 -0.025167793 0.260097861 15.281733513
0.247683823 -0.009640709 -0.968792975 -17.152950287 0.028134711 0.999600410 -0.002754295 0.197229132 0.968432367 -0.026574520 0.247856051 15.338997841
0.225546703 -0.008740241 -0.974193156 -17.709312439 0.027870947 0.999608338 -0.002515532 0.203679115 0.973833561 -0.026584314 0.225701988 15.426521301
0.204631820 -0.007613651 -0.978809416 -18.377792358 0.027873371 0.999609530 -0.001948180 0.215424925 0.978442132 -0.026884057 0.204764158 15.584192276
0.195194200 -0.006261902 -0.980744720 -18.675718307 0.027422309 0.999623537 -0.000924672 0.230273724 0.980381191 -0.026713792 0.195292488 15.654245377
0.176976115 -0.003902386 -0.984207392 -19.353523254 0.029387932 0.999567211 0.001321129 0.239772916 0.983776271 -0.029157629 0.177014247 15.778242111
0.158395633 -0.002377707 -0.987372816 -20.063735962 0.031319965 0.999505997 0.002617464 0.281325281 0.986878932 -0.031339079 0.158391863 15.921912193
0.149064839 -0.000748444 -0.988826990 -20.415950775 0.032605805 0.999459505 0.004158805 0.264966130 0.988289714 -0.032861434 0.149008706 15.960426331
0.130315542 0.000652459 -0.991472363 -21.091037750 0.034196910 0.999401748 0.005152395 0.282203257 0.990882635 -0.034576725 0.130215287 16.076972961
0.112176940 0.002678323 -0.993684649 -21.859817505 0.034771282 0.999373317 0.006618983 0.310369194 0.993079722 -0.035294190 0.112013549 16.162071228
0.103991464 0.004499687 -0.994567990 -22.222616196 0.033746891 0.999397993 0.008050092 0.300595641 0.994005501 -0.034400709 0.103776991 16.189844131
0.090366691 0.007137110 -0.995882988 -22.965972900 0.031472217 0.999454498 0.010018501 0.311999649 0.995411098 -0.032247990 0.090092763 16.233655930
0.078393660 0.007402352 -0.996895015 -23.725942612 0.029195532 0.999526501 0.009717765 0.336724997 0.996494889 -0.029866692 0.078140423 16.309371948
0.073132187 0.006954998 -0.997298062 -24.105167389 0.028357755 0.999556899 0.009050236 0.344343811 0.996919036 -0.028942998 0.072902560 16.344661713
0.063495174 0.005907396 -0.997964680 -24.861524582 0.028553136 0.999562323 0.007733538 0.366254658 0.997573674 -0.028986061 0.063298710 16.392518997
0.053740360 0.005108082 -0.998541892 -25.647739410 0.030591339 0.999509096 0.006759420 0.376419842 0.998086214 -0.030909991 0.053557716 16.439453125
0.048447654 0.004870924 -0.998813808 -26.078166962 0.031080680 0.999496460 0.006381827 0.390578389 0.998341918 -0.031353001 0.048271876 16.494358063
0.041011076 0.005633716 -0.999142826 -26.803321838 0.030802285 0.999501705 0.006900058 0.385255575 0.998683810 -0.031058861 0.040817101 16.495615005
0.034453046 0.005453503 -0.999391437 -27.602243423 0.030037884 0.999527812 0.006489773 0.400301278 0.998954773 -0.030243199 0.034272950 16.529148102
0.031971261 0.005449754 -0.999473929 -27.986955643 0.029749738 0.999536872 0.006401735 0.413962007 0.999045908 -0.029938757 0.031794328 16.536563873
0.028085012 0.004588990 -0.999594986 -28.791473389 0.029269828 0.999556839 0.005411192 0.434396237 0.999176919 -0.029409949 0.027938245 16.585361481
0.025882749 0.003671319 -0.999658227 -29.595239639 0.029878825 0.999543607 0.004444508 0.441950947 0.999218345 -0.029983651 0.025761243 16.591743469
0.023559531 0.002961077 -0.999718010 -30.028476715 0.030404544 0.999530971 0.003677041 0.448914170 0.999259949 -0.030482600 0.023458447 16.644958496
0.021350075 -0.000026027 -0.999772012 -30.833366394 0.030493017 0.999534786 0.000625156 0.470165342 0.999306917 -0.030499414 0.021340935 16.636100769
0.018999780 -0.002915816 -0.999815345 -31.654182434 0.031581398 0.999498487 -0.002314743 0.479063839 0.999320567 -0.031531584 0.019082341 16.657785416
0.018067414 -0.003044335 -0.999832213 -32.093265533 0.031519562 0.999500036 -0.002473751 0.481181592 0.999339819 -0.031469576 0.018154338 16.678953171
0.016700562 -0.001907846 -0.999858737 -32.893749237 0.030140063 0.999544680 -0.001403819 0.489348888 0.999406099 -0.030112362 0.016750462 16.695104599
0.015267808 0.002645867 -0.999879956 -33.741744995 0.028188305 0.999597907 0.003075546 0.508775949 0.999486029 -0.028231878 0.015187086 16.710704803
0.014367899 0.005356996 -0.999882460 -34.181552887 0.027800687 0.999596834 0.005754951 0.514751971 0.999510229 -0.027880108 0.014213178 16.738710403
0.013468677 0.009436444 -0.999864697 -35.002201080 0.027594049 0.999571085 0.009805379 0.531352758 0.999528587 -0.027722375 0.013202508 16.747489929
0.012079244 0.011023271 -0.999866307 -35.855514526 0.026275733 0.999590576 0.011337665 0.551401615 0.999581695 -0.026409172 0.011784650 16.778957367
0.011697953 0.010781956 -0.999873459 -36.287445068 0.025517846 0.999612868 0.011077693 0.559845924 0.999605894 -0.025644198 0.011418293 16.784709930
0.010974605 0.008872733 -0.999900341 -37.149181366 0.024834039 0.999649882 0.009143078 0.587709904 0.999631345 -0.024931908 0.010750415 16.778053284
0.010177454 0.007323651 -0.999921322 -37.992641449 0.023598947 0.999692917 0.007562174 0.603198588 0.999669671 -0.023674056 0.010001499 16.788619995
0.010214446 0.006530482 -0.999926507 -38.410804749 0.023547349 0.999699771 0.006769542 0.619236469 0.999670684 -0.023614760 0.010057602 16.787717819
0.009967329 0.006349238 -0.999930203 -39.265594482 0.023908649 0.999692440 0.006586051 0.621725917 0.999664485 -0.023972625 0.009812462 16.801420212
0.009414504 0.005116275 -0.999942541 -40.105525970 0.023460813 0.999710381 0.005335973 0.646795869 0.999680340 -0.023509704 0.009291747 16.816900253
0.009013418 0.005227911 -0.999945700 -40.559837341 0.023592966 0.999706924 0.005439326 0.652648687 0.999681056 -0.023640713 0.008887433 16.849525452
0.008505409 0.005963449 -0.999946058 -41.362220764 0.024294998 0.999685824 0.006168546 0.663854837 0.999668658 -0.024346158 0.008357855 16.844282150
0.007993810 0.006956045 -0.999943852 -42.195816040 0.024824847 0.999666214 0.007152570 0.681645751 0.999659836 -0.024880625 0.007818457 16.859682083
0.008087091 0.007114552 -0.999941945 -42.651195526 0.024781955 0.999666095 0.007313015 0.687630892 0.999660194 -0.024839656 0.007908078 16.865573883
0.007045423 0.005896192 -0.999957800 -43.440502167 0.023863774 0.999696970 0.006062789 0.696254969 0.999690413 -0.023905486 0.006902582 16.892108917
0.006350446 0.003624632 -0.999973357 -44.267951965 0.023452513 0.999717772 0.003772645 0.700139761 0.999704719 -0.023475848 0.006263649 16.915752411
0.006038513 0.002827259 -0.999977708 -44.698356628 0.023401219 0.999721706 0.002967847 0.709653854 0.999707937 -0.023418615 0.005970671 16.929140091
0.005201278 0.002950944 -0.999982119 -45.492958069 0.023060553 0.999729276 0.003070145 0.723595977 0.999720514 -0.023076108 0.005131820 16.951211929
0.004625868 0.003200532 -0.999984205 -46.314025879 0.022771632 0.999735236 0.003305076 0.728618026 0.999729991 -0.022786558 0.004551762 16.972047806
0.004576984 0.003474390 -0.999983490 -46.772327423 0.022774011 0.999734223 0.003577762 0.734873176 0.999730170 -0.022790009 0.004496643 16.979480743
0.003952350 0.004056610 -0.999983966 -47.569869995 0.023068026 0.999725282 0.004146735 0.744050622 0.999726057 -0.023084044 0.003857686 16.994796753
0.003570174 0.004962263 -0.999981463 -48.388328552 0.022705469 0.999729455 0.005042079 0.759546757 0.999735832 -0.022723051 0.003456539 17.009387970
0.003359720 0.005438327 -0.999979556 -48.833114624 0.022965217 0.999720931 0.005514079 0.768488765 0.999730647 -0.022983272 0.003233891 17.024602890
0.002853580 0.005956981 -0.999978185 -49.620132446 0.023070795 0.999715626 0.006021254 0.774903953 0.999729693 -0.023087477 0.002715336 17.033460617
0.002366655 0.005720174 -0.999980867 -50.426235199 0.023123829 0.999715924 0.005773386 0.786199868 0.999729753 -0.023137052 0.002233711 17.047504425
0.002064413 0.005434534 -0.999983072 -50.849330902 0.023480577 0.999709189 0.005481520 0.796771228 0.999722123 -0.023491492 0.001936207 17.058719635
0.001861499 0.005254309 -0.999984384 -51.653957367 0.023051443 0.999720216 0.005295831 0.805847883 0.999732494 -0.023060942 0.001739859 17.059045792
0.001143887 0.004948672 -0.999987125 -52.454799652 0.022335632 0.999738157 0.004972989 0.817453980 0.999749899 -0.022341028 0.001033056 17.080564499
0.000214475 0.004918622 -0.999987900 -53.638191223 0.021865692 0.999748945 0.004922135 0.844067156 0.999760866 -0.021866485 0.000106872 17.093700409
-0.000471465 0.004253568 -0.999990821 -54.455287933 0.021449978 0.999760926 0.004242477 0.852544248 0.999769747 -0.021447780 -0.000562591 17.111478806
-0.000840018 0.004123119 -0.999991119 -54.872188568 0.021186436 0.999767184 0.004104399 0.855762720 0.999775171 -0.021182800 -0.000927176 17.119163513
-0.001369125 0.004475684 -0.999988973 -55.649456024 0.021536421 0.999758184 0.004445164 0.870396018 0.999767065 -0.021530097 -0.001465184 17.127740860
-0.001479964 0.004895447 -0.999986887 -56.460491180 0.021816416 0.999750257 0.004862000 0.879186869 0.999760866 -0.021808933 -0.001586396 17.149333954
-0.001193923 0.005236133 -0.999985576 -56.854095459 0.022163840 0.999740779 0.005208388 0.888529778 0.999753654 -0.022157302 -0.001309666 17.144575119
-0.001052015 0.005829244 -0.999982476 -57.668468475 0.023132775 0.999715507 0.005803351 0.901845098 0.999731839 -0.023126265 -0.001186562 17.168073654
-0.001007673 0.006564382 -0.999977946 -58.475929260 0.024484206 0.999678850 0.006537746 0.921246231 0.999699652 -0.024477076 -0.001168073 17.173559189
-0.001271126 0.006712361 -0.999976635 -58.891521454 0.024861639 0.999668658 0.006678690 0.931571484 0.999690056 -0.024852568 -0.001437585 17.189748764
-0.000622838 0.006607865 -0.999977887 -59.694046021 0.024527084 0.999677360 0.006590602 0.929626822 0.999698937 -0.024522439 -0.000784708 17.187456131
-0.000438864 0.006273299 -0.999980152 -60.462741852 0.024999261 0.999667883 0.006260368 0.945816636 0.999687314 -0.024996018 -0.000595546 17.193069458
-0.000656772 0.006544572 -0.999978364 -60.881443024 0.025348064 0.999657273 0.006525825 0.943168402 0.999678493 -0.025343230 -0.000822440 17.209705353
0.000003072 0.006275707 -0.999980211 -61.663021088 0.025474839 0.999655783 0.006273749 0.962919831 0.999675453 -0.025474356 -0.000156802 17.205533981
-0.000144260 0.007263058 -0.999973595 -62.478515625 0.026330432 0.999626935 0.007256741 0.964067578 0.999653399 -0.026328690 -0.000335446 17.244215012
0.000309559 0.007120960 -0.999974608 -62.867855072 0.026055489 0.999635100 0.007126608 0.981861353 0.999660432 -0.026057033 0.000123906 17.237565994
0.001097346 0.006718050 -0.999976814 -63.694801331 0.026301352 0.999631226 0.006744591 0.993780971 0.999653459 -0.026308144 0.000920248 17.217845917
0.000738602 0.006521348 -0.999978423 -64.449470520 0.025351783 0.999657214 0.006537979 1.000871420 0.999678314 -0.025356065 0.000573021 17.238887787
0.000489540 0.006314493 -0.999979913 -64.860137939 0.025392529 0.999657512 0.006324888 1.007207155 0.999677420 -0.025395112 0.000329031 17.263179779
0.000787431 0.006475761 -0.999978721 -65.616287231 0.024698036 0.999673903 0.006493235 1.004709959 0.999694645 -0.024702622 0.000627236 17.259387970
0.000696837 0.007034352 -0.999974966 -66.400665283 0.023966046 0.999687970 0.007049032 1.027199507 0.999712467 -0.023970362 0.000528033 17.261121750
0.001535791 0.007365935 -0.999971688 -66.810752869 0.024076466 0.999682724 0.007400785 1.032969236 0.999708951 -0.024087155 0.001357958 17.247228622
0.001611343 0.008903549 -0.999959111 -67.570297241 0.024078712 0.999670029 0.008939778 1.007367253 0.999708831 -0.024092130 0.001396426 17.277166367
0.001584081 0.008981772 -0.999958456 -68.370048523 0.024358679 0.999662638 0.009017702 1.047175169 0.999702036 -0.024371956 0.001364762 17.286300659
0.001846207 0.009016109 -0.999957621 -68.754684448 0.024511043 0.999658525 0.009058666 1.037752986 0.999697864 -0.024526730 0.001624583 17.290658951
0.002386902 0.008342883 -0.999962330 -69.579513550 0.025160717 0.999648154 0.008400319 1.053259850 0.999680579 -0.025179822 0.002176149 17.279428482
0.002293512 0.007582976 -0.999968588 -70.300468445 0.027008167 0.999606013 0.007642172 1.076371670 0.999632537 -0.027024847 0.002087806 17.289888382
0.003135852 0.007476986 -0.999967158 -70.708793640 0.027980562 0.999579847 0.007561837 1.080145121 0.999603570 -0.028003355 0.002925324 17.269248962
0.002470841 0.007897360 -0.999965787 -71.423294067 0.028577367 0.999559820 0.007964768 1.075927615 0.999588549 -0.028596066 0.002244068 17.348653793
0.002542315 0.008425028 -0.999961257 -72.169181824 0.028740352 0.999550819 0.008494640 1.064492702 0.999583662 -0.028760836 0.002299035 17.384437561
0.002602656 0.007524062 -0.999968290 -72.546966553 0.028807905 0.999556124 0.007595942 1.084435463 0.999581635 -0.028826760 0.002384748 17.375747681
0.002353598 0.007061504 -0.999972224 -73.276062012 0.029848138 0.999528885 0.007128627 1.085144043 0.999551654 -0.029864086 0.002141716 17.397241592
0.002785682 0.006799651 -0.999972939 -74.065696716 0.029995797 0.999526381 0.006880175 1.095992804 0.999546111 -0.030014154 0.002580402 17.398925781
0.002484279 0.006766313 -0.999973953 -74.430397034 0.029812584 0.999532044 0.006837387 1.095755816 0.999552369 -0.029828796 0.002281395 17.427532196
0.003049251 0.006363831 -0.999975085 -75.107879639 0.029644411 0.999539673 0.006451455 1.105194330 0.999555886 -0.029663349 0.002859196 17.409631729
0.002615156 0.006552412 -0.999975085 -75.892677307 0.029249582 0.999550104 0.006626122 1.106191278 0.999568701 -0.029266180 0.002422325 17.442922592
0.003274770 0.005788935 -0.999977887 -76.246032715 0.029960820 0.999533713 0.005884481 1.124038815 0.999545753 -0.029979428 0.003099802 17.423404694
0.003424036 0.005438857 -0.999979377 -77.008003235 0.029890498 0.999537766 0.005538804 1.131745577 0.999547243 -0.029908849 0.003259883 17.441383362
0.002943870 0.005750929 -0.999979198 -77.755821228 0.030667920 0.999512494 0.005838530 1.149268627 0.999525249 -0.030684466 0.002766066 17.467231750
0.003561689 0.006461655 -0.999972820 -78.144531250 0.030486641 0.999513507 0.006567274 1.142329574 0.999528825 -0.030509202 0.003362963 17.465238571
0.003539336 0.006941886 -0.999969602 -78.845191956 0.031169569 0.999489188 0.007048874 1.150039434 0.999507785 -0.031193571 0.003321152 17.488092422
0.003923132 0.008484879 -0.999956369 -79.582817078 0.031346232 0.999471605 0.008603745 1.143882155 0.999500811 -0.031378616 0.003655090 17.484489441
0.004087360 0.008001353 -0.999959767 -79.944999695 0.031459536 0.999471962 0.008126044 1.166370749 0.999496639 -0.031491481 0.003833483 17.499399185
0.004677356 0.008631976 -0.999951839 -80.682411194 0.031364057 0.999469459 0.008774521 1.169272423 0.999497056 -0.031403583 0.004404141 17.506546021
0.004312202 0.008848986 -0.999951541 -81.446327209 0.031160587 0.999473989 0.008979139 1.194462538 0.999505103 -0.031197799 0.004034195 17.523344040
0.004575318 0.008969080 -0.999949336 -81.810455322 0.030906878 0.999480784 0.009106291 1.196326256 0.999511719 -0.030946976 0.004295736 17.521783829
0.004966094 0.009205932 -0.999945283 -82.559738159 0.030106727 0.999502957 0.009351380 1.207430482 0.999534369 -0.030151514 0.004686465 17.523586273
0.004945995 0.009511532 -0.999942482 -83.273063660 0.030495107 0.999488294 0.009658049 1.216641784 0.999522746 -0.030541120 0.004653409 17.537220001
0.005141933 0.009526628 -0.999941409 -83.658370972 0.030505255 0.999487698 0.009679169 1.219941974 0.999521494 -0.030553235 0.004848687 17.541610718
0.005113160 0.008743823 -0.999948740 -84.391159058 0.029756809 0.999517620 0.008892214 1.234819889 0.999544084 -0.029800752 0.004850504 17.560327530
0.005517981 0.008086236 -0.999952078 -85.158752441 0.029462634 0.999531865 0.008245421 1.248316288 0.999550641 -0.029506715 0.005277156 17.572387695
0.005715454 0.008252939 -0.999949574 -85.495452881 0.029437840 0.999531150 0.008417745 1.249813557 0.999550164 -0.029484466 0.005469826 17.560741425
0.005920219 0.008525970 -0.999946117 -86.250549316 0.028391015 0.999559104 0.008690759 1.276783109 0.999579370 -0.028440937 0.005675548 17.573789597
0.005864132 0.009601376 -0.999936700 -86.971984863 0.028609812 0.999542952 0.009765376 1.282255292 0.999573529 -0.028665271 0.005586759 17.593488693
0.006199947 0.009382536 -0.999936879 -87.334220886 0.028693072 0.999542534 0.009556746 1.293383837 0.999569058 -0.028750511 0.005927898 17.584589005
0.006477549 0.009559459 -0.999933422 -88.020851135 0.028660053 0.999541700 0.009741373 1.303104877 0.999568224 -0.028721247 0.006200607 17.594375610
0.006810996 0.009085597 -0.999935508 -88.751182556 0.028541444 0.999549568 0.009276498 1.303101659 0.999569416 -0.028602786 0.006548612 17.590057373
0.007008608 0.008773195 -0.999936938 -89.092750549 0.028261365 0.999560237 0.008967976 1.308071017 0.999576032 -0.028322436 0.006757585 17.589509964
0.007539090 0.008033963 -0.999939322 -89.799209595 0.028364483 0.999563634 0.008244799 1.308634043 0.999569237 -0.028424921 0.007307921 17.589214325
0.007376789 0.007077643 -0.999947727 -90.506301880 0.028770309 0.999559462 0.007287138 1.313524365 0.999558866 -0.028822564 0.007169914 17.595264435
0.007575870 0.006385516 -0.999950886 -90.898521423 0.028698783 0.999566317 0.006600489 1.322913766 0.999559402 -0.028747370 0.007389328 17.602024078
0.007645729 0.005318890 -0.999956608 -91.580581665 0.028992210 0.999564290 0.005538478 1.327137232 0.999550402 -0.029033296 0.007488191 17.604524612
0.007492949 0.004332397 -0.999962568 -92.339340210 0.029354816 0.999558687 0.004550610 1.340904474 0.999540985 -0.029387817 0.007362465 17.631528854
0.007425620 0.004317492 -0.999963164 -92.665840149 0.028767582 0.999575794 0.004529445 1.344429612 0.999558568 -0.028800158 0.007298267 17.628246307
0.007397108 0.003627659 -0.999966085 -93.374771118 0.029035769 0.999570966 0.003841014 1.343668222 0.999550998 -0.029063197 0.007288602 17.644243240
0.007613504 0.003379867 -0.999965370 -94.073913574 0.029648378 0.999553859 0.003604213 1.348698854 0.999531448 -0.029674793 0.007509900 17.650209427
0.007054042 0.003654127 -0.999968469 -94.436851501 0.029747756 0.999549985 0.003862447 1.351076841 0.999532461 -0.029774066 0.006942165 17.670946121
0.006589860 0.004954546 -0.999966025 -95.112586975 0.029327679 0.999556601 0.005145789 1.375865221 0.999548137 -0.029360589 0.006441633 17.716653824
