1.000000000 0.000000000 0.000000000 0.000000000 0.000000000 1.000000000 0.000000000 0.000000000 0.000000000 0.000000000 1.000000000 0.000000000
0.999989212 -0.002886629 -0.003633678 0.003415515 0.002879587 0.999993980 -0.001941755 -0.005828979 0.003639261 0.001931270 0.999991536 0.685039997
0.999974549 -0.001134709 -0.007037564 -0.017316984 0.001109036 0.999992728 -0.003650906 -0.007104166 0.007041655 0.003643009 0.999968588 1.384091973
0.999938011 -0.001094160 -0.011081134 -0.029432578 0.001036275 0.999985814 -0.005228186 -0.007345498 0.011086699 0.005216380 0.999924958 2.101475477
0.999875546 0.000233836 -0.015776293 -0.051495515 -0.000327487 0.999982297 -0.005933844 -0.010933239 0.015774626 0.005938272 0.999857962 2.836097240
0.999791861 -0.000794986 -0.020387148 -0.066144474 0.000672543 0.999981701 -0.006012041 -0.021372553 0.020391552 0.005997078 0.999774098 3.590054274
0.999696493 0.000677444 -0.024627222 -0.094330534 -0.000850260 0.999975085 -0.007007474 -0.031377655 0.024621861 0.007026286 0.999672174 4.350911617
0.999558389 0.003534354 -0.029502388 -0.127033755 -0.003766947 0.999962211 -0.007832010 -0.037976425 0.029473595 0.007939686 0.999534011 5.128139973
0.999412715 0.004006667 -0.034032430 -0.152848616 -0.004207971 0.999974072 -0.005845466 -0.052881699 0.034008123 0.005985240 0.999403656 5.925892353
0.999257863 0.003398435 -0.038368847 -0.186630428 -0.003537682 0.999987364 -0.003561859 -0.055465654 0.038356263 0.003694953 0.999257267 6.735471725
0.999122083 0.002724096 -0.041802578 -0.223887295 -0.002745187 0.999996126 -0.000447140 -0.070964634 0.041801199 0.000561503 0.999125838 7.556620598
0.999001741 0.004092382 -0.044483386 -0.266398221 -0.004144319 0.999990821 -0.001075399 -0.079372510 0.044478580 0.001258678 0.999009609 8.377769470
0.998905063 0.003662672 -0.046639178 -0.309986532 -0.003726033 0.999992251 -0.001271671 -0.087123439 0.046634171 0.001444058 0.998910964 9.200771332
0.998824477 0.000572706 -0.048469190 -0.348745942 -0.000667370 0.999997854 -0.001936914 -0.091603182 0.048467979 0.001966984 0.998822808 10.041391373
0.998728514 0.000573570 -0.050406054 -0.392891884 -0.000617957 0.999999404 -0.000865034 -0.100519761 0.050405521 0.000895084 0.998728395 10.888741493
0.998659670 -0.001438007 -0.051736094 -0.441705555 0.001384321 0.999998450 -0.001073520 -0.111969963 0.051737554 0.001000462 0.998660207 11.757456779
0.998539984 0.001202311 -0.054004449 -0.484807789 -0.001401263 0.999992490 -0.003646288 -0.117457390 0.053999655 0.003716639 0.998533964 12.611883163
0.998479486 0.001638194 -0.055100691 -0.541930139 -0.001983627 0.999978721 -0.006215021 -0.126432076 0.055089340 0.006314870 0.998461485 13.488807678
0.998370588 0.005257547 -0.056821480 -0.601545930 -0.005692550 0.999955654 -0.007496456 -0.141192287 0.056779552 0.007807699 0.998356164 14.378101349
0.998296797 0.006134283 -0.058015991 -0.658513010 -0.006553906 0.999953687 -0.007045369 -0.153971076 0.057970084 0.007413601 0.998290777 15.273856163
0.998211682 0.005862481 -0.059489794 -0.714530528 -0.006240818 0.999961436 -0.006175888 -0.164048985 0.059451297 0.006536108 0.998209834 16.171045303
0.998128951 0.006538014 -0.060794022 -0.774794817 -0.006830466 0.999966085 -0.004603965 -0.175707936 0.060761865 0.005010603 0.998139739 17.079397202
0.998076499 0.005476491 -0.061751794 -0.833725810 -0.005745568 0.999974728 -0.004180666 -0.191336542 0.061727341 0.004527424 0.998082817 17.992828369
0.997968674 0.005579469 -0.063461959 -0.888550520 -0.005935178 0.999967694 -0.005417922 -0.200335234 0.063429698 0.005783574 0.997969568 18.893171310
0.997894585 0.004347025 -0.064710908 -0.948920846 -0.004756473 0.999969661 -0.006174636 -0.209614500 0.064682096 0.006469431 0.997884989 19.825416565
0.997871459 0.004204541 -0.065076232 -1.009617567 -0.004504769 0.999979854 -0.004467434 -0.223356754 0.065056145 0.004751079 0.997870326 20.748006821
0.997885823 0.005411770 -0.064766422 -1.079007387 -0.005485135 0.999984503 -0.000954997 -0.235817075 0.064760260 0.001308231 0.997900009 21.685256958
0.997918308 0.006572661 -0.064153925 -1.143932462 -0.006411904 0.999975741 0.002711383 -0.247638687 0.064170197 -0.002294391 0.997936308 22.619333267
0.998026192 0.005376909 -0.062566906 -1.204125524 -0.005033730 0.999971390 0.005641329 -0.253792286 0.062595434 -0.005315250 0.998024881 23.566720963
0.998121798 0.005964892 -0.060969673 -1.262496710 -0.005568841 0.999962330 0.006663743 -0.262859762 0.061007120 -0.006311697 0.998117328 24.516098022
0.998208761 0.005629051 -0.059560828 -1.319224596 -0.005401385 0.999977469 0.003982731 -0.271316886 0.059581902 -0.003653886 0.998216689 25.464500427
0.998241961 0.005814081 -0.058982972 -1.379506111 -0.005869390 0.999982476 -0.000764513 -0.274511606 0.058977488 0.001109364 0.998258710 26.443166733
0.998333752 0.005161551 -0.057471909 -1.441107035 -0.005381038 0.999978781 -0.003664925 -0.285373330 0.057451777 0.003968076 0.998340368 27.381427765
0.998391330 0.002622528 -0.056637686 -1.496910214 -0.002774300 0.999992728 -0.002601227 -0.293554962 0.056630459 0.002754173 0.998391330 28.356061935
0.998379230 0.000993456 -0.056902163 -1.550518751 -0.000846446 0.999996245 0.002607608 -0.307057500 0.056904536 -0.002555216 0.998376310 29.343652725
0.998332858 -0.003320759 -0.057622664 -1.603574157 0.003672563 0.999975204 0.006000474 -0.313450515 0.057601314 -0.006202092 0.998320341 30.327457428
0.998190641 -0.010872903 -0.059137326 -1.647639513 0.011205046 0.999923229 0.005287786 -0.319376111 0.059075300 -0.005940854 0.998235822 31.320846558
0.998135209 -0.012054854 -0.059840046 -1.727120161 0.012144111 0.999925554 0.001128136 -0.321211934 0.059821993 -0.001852736 0.998207271 32.286880493
0.998045504 -0.011812486 -0.061367031 -1.789423227 0.011671853 0.999928296 -0.002649675 -0.328809738 0.061393943 0.001928229 0.998111725 33.281700134
0.997916400 -0.010999985 -0.063576184 -1.854329109 0.010816691 0.999936283 -0.003226557 -0.338806033 0.063607633 0.002532151 0.997971714 34.281795502
0.997850299 -0.011212786 -0.064568758 -1.913600683 0.011151034 0.999936938 -0.001316704 -0.358929396 0.064579464 0.000593865 0.997912407 35.282749176
0.997824550 -0.007806116 -0.065462232 -1.993857622 0.007891597 0.999968290 0.001047343 -0.367797613 0.065451980 -0.001561667 0.997854471 36.294883728
0.997724235 -0.007810204 -0.066974558 -2.067955256 0.007975788 0.999965727 0.002205260 -0.375314295 0.066955045 -0.002734415 0.997752249 37.330703735
0.997686982 -0.006179207 -0.067693859 -2.137820482 0.006509506 0.999967992 0.004659826 -0.379612237 0.067662895 -0.005089701 0.997695267 38.320396423
0.997709811 -0.007132526 -0.067261666 -2.205654621 0.007665602 0.999941170 0.007670649 -0.384412020 0.067202985 -0.008168683 0.997705877 39.304195404
0.997669697 -0.001845330 -0.068205461 -2.273477554 0.002530899 0.999947131 0.009966478 -0.386924028 0.068183459 -0.010115873 0.997621477 40.307662964
0.997694910 -0.001459758 -0.067844026 -2.365617990 0.002087514 0.999955595 0.009182939 -0.388157696 0.067827597 -0.009303398 0.997653604 41.326263428
0.997694731 -0.001760555 -0.067838840 -2.425184965 0.002294565 0.999966919 0.007794606 -0.396079510 0.067822881 -0.007932298 0.997665823 42.316741943
0.997696340 0.000690928 -0.067833722 -2.502820969 -0.000314476 0.999984443 0.005560135 -0.400949359 0.067836501 -0.005525993 0.997681141 43.318046570
0.997654736 0.000459773 -0.068444997 -2.581381798 -0.000063087 0.999983132 0.005797724 -0.412693352 0.068446502 -0.005779808 0.997638047 44.319805145
0.997586310 -0.001887371 -0.069413342 -2.643495083 0.002386516 0.999971807 0.007108664 -0.419762880 0.069397971 -0.007257160 0.997562706 45.313102722
0.997554362 0.000217980 -0.069893427 -2.744679451 0.000308185 0.999971688 0.007517225 -0.424636096 0.069893092 -0.007520381 0.997526169 46.302921295
0.997554362 0.002813955 -0.069838494 -2.825257778 -0.002546385 0.999989152 0.003919998 -0.434655428 0.069848754 -0.003732576 0.997550607 47.287063599
0.997505665 0.003009742 -0.070522189 -2.903836727 -0.003043079 0.999995291 -0.000365288 -0.440084159 0.070520744 0.000578982 0.997510135 48.270217896
0.997436583 0.004086991 -0.071439527 -2.972813368 -0.004223222 0.999989569 -0.001756002 -0.446541458 0.071431607 0.002053205 0.997443378 49.248832703
0.997482538 0.003152836 -0.070842907 -3.057312727 -0.003001347 0.999992967 0.002244726 -0.469796240 0.070849486 -0.002026451 0.997484922 50.231971741
0.997411966 0.000347254 -0.071897864 -3.108794689 0.000033341 0.999986053 0.005292271 -0.473011523 0.071898691 -0.005280972 0.997397959 51.200706482
0.997448564 -0.001862535 -0.071363889 -3.182435036 0.002305030 0.999978662 0.006118687 -0.487099320 0.071350954 -0.006267573 0.997431636 52.162811279
0.997351944 -0.004396213 -0.072592236 -3.248897552 0.004731555 0.999978900 0.004448218 -0.489267826 0.072571151 -0.004779914 0.997351885 53.197708130
0.997309625 -0.007095686 -0.072959192 -3.316980124 0.007346088 0.999968052 0.003164317 -0.497371137 0.072934397 -0.003691769 0.997329950 54.162075043
0.997207701 -0.008872714 -0.074149132 -3.384377956 0.009236242 0.999946833 0.004561204 -0.509358406 0.074104741 -0.005233327 0.997236729 55.121459961
0.997084260 -0.012000660 -0.075359836 -3.455259800 0.012674738 0.999883711 0.008472878 -0.514743090 0.075249404 -0.009403339 0.997120440 56.087245941
0.997041404 -0.012682940 -0.075812139 -3.529100657 0.013771789 0.999809146 0.013856970 -0.521134019 0.075621918 -0.014860041 0.997025847 57.056476593
0.997083962 -0.010822939 -0.075541422 -3.619039536 0.012028716 0.999807060 0.015525106 -0.519369066 0.075358815 -0.016388498 0.997021794 58.000259399
0.996965885 -0.009962745 -0.077199019 -3.695561409 0.010896293 0.999872386 0.011680935 -0.522818148 0.077072799 -0.012486676 0.996947229 58.954261780
0.996848166 -0.008847021 -0.078838781 -3.769231081 0.009173451 0.999950767 0.003779229 -0.523861766 0.078801468 -0.004490542 0.996880174 59.867538452
0.996751785 -0.007778545 -0.080157705 -3.842781544 0.007783031 0.999969721 -0.000256473 -0.540631592 0.080157273 -0.000368230 0.996782184 60.786361694
0.996628225 -0.004736071 -0.081912562 -3.905710936 0.004774622 0.999988496 0.000274763 -0.545861125 0.081910327 -0.000664938 0.996639431 61.715026855
0.996567905 -0.002103713 -0.082752213 -3.988476038 0.002318179 0.999994218 0.002495670 -0.557626247 0.082746483 -0.002678939 0.996567070 62.618350983
0.996482611 0.000519619 -0.083798848 -4.070646763 -0.000193320 0.999992311 0.003901895 -0.570855260 0.083800241 -0.003871970 0.996474981 63.501663208
0.996337414 0.001619475 -0.085493565 -4.132438660 -0.001254248 0.999989808 0.004325515 -0.591927290 0.085499704 -0.004202442 0.996329367 64.357063293
0.996199071 0.002648652 -0.087064765 -4.214042187 -0.002226356 0.999985278 0.004947098 -0.598080993 0.087076597 -0.004734458 0.996190369 65.227531433
0.996096909 0.004029513 -0.088174820 -4.296435833 -0.003559294 0.999978542 0.005489385 -0.608016491 0.088195071 -0.005154119 0.996089876 66.062103271
0.995906293 0.003052425 -0.090341046 -4.363106728 -0.002536535 0.999979794 0.005824710 -0.615140438 0.090357013 -0.005571712 0.995893896 66.905746460
0.995869994 0.004329404 -0.090688154 -4.458340645 -0.003729754 0.999970019 0.006780634 -0.626006365 0.090714797 -0.006414385 0.995856225 67.728340149
0.995705605 0.005790631 -0.092395008 -4.527551651 -0.004878296 0.999937057 0.010097058 -0.641312361 0.092447683 -0.009602967 0.995671272 68.532066345
0.995537817 0.006893079 -0.094111256 -4.588239193 -0.005639330 0.999891818 0.013581450 -0.637137830 0.094194695 -0.012990122 0.995469034 69.312980652
0.995370507 0.009966340 -0.095593691 -4.669928551 -0.008549390 0.999847531 0.015220783 -0.640039563 0.095730811 -0.014333050 0.995304048 70.087562561
0.995211065 0.012863651 -0.096899532 -4.750773430 -0.011834869 0.999867439 0.011184310 -0.647969663 0.097030558 -0.009983955 0.995231330 70.840408325
0.995065570 0.012946485 -0.098370627 -4.824617386 -0.012618902 0.999912500 0.003951533 -0.656574428 0.098413184 -0.002690705 0.995141983 71.570198059
0.994917095 0.011875051 -0.099994332 -4.896613598 -0.012129994 0.999924481 -0.001941950 -0.661497355 0.099963717 0.003145009 0.994986057 72.288619995
0.994894981 0.012867353 -0.100091979 -4.975825310 -0.013241089 0.999907553 -0.003070471 -0.670715332 0.100043200 0.004380125 0.994973481 72.980278015
0.994794130 0.015191566 -0.100766681 -5.055016994 -0.015226533 0.999883950 0.000422155 -0.678909838 0.100761391 0.001114370 0.994909942 73.662940979
0.994630754 0.016240560 -0.102204986 -5.121988297 -0.016035855 0.999867439 0.002824239 -0.699701607 0.102237292 -0.001170132 0.994759321 74.310203552
0.994637966 0.012740473 -0.102630533 -5.198070526 -0.012917436 0.999915898 -0.001059811 -0.696579337 0.102608413 0.002379850 0.994718969 74.959587097
0.994685054 0.004838288 -0.102850139 -5.244413376 -0.005510170 0.999965250 -0.006249511 -0.712486446 0.102816328 0.006783016 0.994677186 75.563796997
0.994882643 0.001051511 -0.101031192 -5.318054199 -0.002081344 0.999946952 -0.010088353 -0.741896093 0.101015218 0.010247012 0.994832039 76.162551880
0.995130241 0.002629719 -0.098533660 -5.362823486 -0.003694693 0.999936700 -0.010627310 -0.746468067 0.098499455 0.010939611 0.995077014 76.734519958
0.995529056 0.008349076 -0.094086654 -5.438144684 -0.009045834 0.999934673 -0.006981413 -0.768067777 0.094022229 0.007801293 0.995539486 77.310882568
0.995967984 0.006442401 -0.089477673 -5.477835178 -0.006883727 0.999965608 -0.004624533 -0.765777588 0.089444801 0.005221826 0.995978117 77.876777649
0.996511281 0.002991409 -0.083404511 -5.520593643 -0.003036195 0.999995232 -0.000410163 -0.777671516 0.083402894 0.000661964 0.996515691 78.420509338
0.997128308 -0.001817213 -0.075707786 -5.536382675 0.002066760 0.999992669 0.003217951 -0.792910218 0.075701386 -0.003365181 0.997124791 78.961219788
0.997880995 0.002025395 -0.065033019 -5.566142082 -0.001806400 0.999992549 0.003426069 -0.806075931 0.065039471 -0.003301332 0.997877181 79.474845886
0.998757660 0.006881899 -0.049353797 -5.604348183 -0.006743461 0.999972880 0.002970992 -0.813506842 0.049372904 -0.002634486 0.998776913 79.981498718
0.999463201 0.012343108 -0.030344214 -5.634611130 -0.012248879 0.999919534 0.003289268 -0.811482310 0.030382376 -0.002915822 0.999534130 80.475494385
0.999909937 0.010395046 -0.008480050 -5.618770599 -0.010354171 0.999934614 0.004850008 -0.835132837 0.008529909 -0.004761768 0.999952316 80.953941345
0.999823213 0.006843418 0.017513700 -5.585457802 -0.006944829 0.999959409 0.005736146 -0.837357759 -0.017473742 -0.005856762 0.999830127 81.410545349
0.998899639 0.005739840 0.046543621 -5.534211159 -0.006106320 0.999951422 0.007735553 -0.853737295 -0.046496965 -0.008011252 0.998886347 81.848121643
0.996830344 0.004708707 0.079416163 -5.478758335 -0.005449949 0.999943554 0.009119471 -0.855511904 -0.079368748 -0.009523379 0.996799827 82.299835205
0.993043005 0.004920992 0.117648751 -5.416802406 -0.006103412 0.999934435 0.009692273 -0.859041095 -0.117593341 -0.010342902 0.993007958 82.732498169
0.987424374 0.004355561 0.158032119 -5.308470726 -0.005940803 0.999936581 0.009560143 -0.862893105 -0.157980502 -0.010378757 0.987387657 83.144065857
0.979267955 0.004321250 0.202523202 -5.189542770 -0.006366049 0.999935150 0.009446317 -0.867203891 -0.202469245 -0.010539750 0.979231954 83.544189453
0.967305303 0.006265000 0.253537148 -5.084003448 -0.008571975 0.999931335 0.007995464 -0.879002929 -0.253469646 -0.009907369 0.967292666 83.956550598
0.952513814 0.007606816 0.304400384 -4.920024872 -0.009484793 0.999944150 0.004691208 -0.876118064 -0.304347634 -0.007355615 0.952532649 84.288650513
0.932654500 0.007622997 0.360690325 -4.754213333 -0.009359355 0.999951541 0.003067503 -0.884845674 -0.360649467 -0.006236750 0.932680607 84.650482178
0.908257604 0.008156020 0.418331951 -4.562629700 -0.009882798 0.999949217 0.001961410 -0.892858863 -0.418294698 -0.005915755 0.908292174 84.996994019
0.879118145 0.009107681 0.476516843 -4.337482452 -0.009611672 0.999952912 -0.001379711 -0.879013419 -0.476506948 -0.003367195 0.879164338 85.337257385
0.845669150 0.006306752 0.533670306 -4.099666595 -0.006483855 0.999977827 -0.001542930 -0.905638099 -0.533668160 -0.002155432 0.845691264 85.641471863
0.808680594 0.007249469 0.588203430 -3.835891724 -0.005976126 0.999973655 -0.004108277 -0.896636486 -0.588217676 -0.000192894 0.808702588 85.938087463
0.768413544 0.005286330 0.639931798 -3.559513092 -0.004774186 0.999985397 -0.002527932 -0.909425378 -0.639935791 -0.001112657 0.768427610 86.218040466
0.726621270 0.004759429 0.687021732 -3.266250610 -0.006940276 0.999975860 0.000412853 -0.921107113 -0.687003195 -0.005068110 0.726636767 86.448211670
0.679852188 0.004201383 0.733337164 -2.975479126 -0.006452525 0.999979138 0.000252911 -0.920315027 -0.733320713 -0.004903819 0.679865181 86.691902161
0.636272788 0.002659592 0.771459579 -2.635509491 -0.002770665 0.999995470 -0.001162319 -0.924394429 -0.771459162 -0.001397904 0.636277318 86.862968445
0.590892315 -0.001081853 0.806749761 -2.296150208 0.001879345 0.999998271 -0.000035499 -0.946982265 -0.806748271 0.001537138 0.590893388 87.028213501
0.543992937 0.001175727 0.839089036 -1.946430206 0.002977828 0.999990046 -0.003331747 -0.925972462 -0.839084506 0.004311111 0.543983936 87.219329834
0.497386754 0.004748976 0.867515981 -1.616394043 -0.002501254 0.999988735 -0.004040079 -0.940371275 -0.867525339 -0.000160397 0.497392952 87.360336304
0.447673857 0.007240035 0.894167602 -1.258846283 -0.005356654 0.999970973 -0.005414858 -0.959495544 -0.894180894 -0.002365656 0.447699636 87.578048706
0.404892474 0.004891569 0.914351165 -0.906488419 0.001746881 0.999979675 -0.006123214 -0.961072862 -0.914362729 0.004076506 0.404875666 87.690727234
0.365687191 -0.002852163 0.930733383 -0.535686493 0.017208232 0.999845088 -0.003697202 -0.962700725 -0.930578649 0.017368300 0.365679622 87.775054932
0.330205142 -0.006353281 0.943887770 -0.166757584 0.021071536 0.999777675 -0.000642089 -0.964007318 -0.943674028 0.020101186 0.330265611 87.866134644
0.296705127 -0.002448621 0.954966009 0.195894241 0.018898768 0.999815881 -0.003308172 -0.969313800 -0.954782188 0.019029232 0.296696782 87.965644836
0.265557557 0.005271812 0.964080572 0.558588028 0.007186693 0.999946356 -0.007447521 -0.982730389 -0.964068174 0.008906297 0.265505433 88.065284729
0.236643270 0.010125086 0.971543849 0.965789795 0.002602908 0.999935448 -0.011054976 -0.988424659 -0.971593142 0.005144925 0.236601666 88.171203613
0.211283132 0.011555568 0.977356613 1.330360413 0.004618157 0.999907136 -0.012820536 -1.005439758 -0.977413952 0.007222349 0.211210176 88.224655151
0.187124357 0.013386088 0.982245088 1.761207581 0.007256725 0.999861002 -0.015008615 -1.016243577 -0.982309401 0.009936362 0.187001169 88.298339844
0.168216139 0.019230753 0.985562503 2.145140648 0.015217350 0.999639750 -0.022102740 -1.020153284 -0.985632658 0.018715685 0.167862907 88.313781738
0.147996753 0.026063556 0.988644302 2.571821213 0.017273592 0.999432027 -0.028933754 -1.017564654 -0.988837004 0.021359539 0.147462487 88.367668152
0.130003273 0.026864663 0.991149545 3.030754089 0.014861796 0.999467731 -0.029039463 -1.026612401 -0.991402149 0.018505489 0.129534826 88.432121277
0.114599705 0.022199295 0.993163586 3.479413986 0.012927772 0.999632299 -0.023835599 -1.050708294 -0.993327677 0.015570945 0.114270568 88.473510742
0.100531273 0.019277761 0.994747162 3.966837883 0.012841019 0.999703884 -0.020671563 -1.063570499 -0.994851053 0.014851705 0.100253969 88.511924744
0.087320350 0.016739255 0.996039629 4.430904388 0.014741909 0.999727547 -0.018093621 -1.082505703 -0.996071219 0.016263470 0.087049805 88.544860840
0.075715058 0.015944349 0.997002006 4.929255009 0.018007345 0.999687195 -0.017354820 -1.090597630 -0.996966839 0.019267382 0.075404264 88.564682007
0.065082394 0.016549248 0.997742712 5.442924976 0.021627154 0.999604166 -0.017990859 -1.104980111 -0.997645438 0.022749221 0.064698741 88.600570679
0.057341181 0.017029151 0.998209357 5.948313713 0.024324469 0.999533772 -0.018449042 -1.120128632 -0.998058259 0.025338804 0.056900211 88.623733521
0.052154392 0.017509075 0.998485506 6.505357742 0.026615402 0.999466717 -0.018916495 -1.129904151 -0.998284280 0.027561674 0.051660590 88.638671875
0.047134131 0.018384170 0.998719394 7.049030304 0.026237262 0.999462962 -0.019636109 -1.145225525 -0.998543859 0.027129197 0.046626467 88.649894714
0.040709849 0.018779008 0.998994529 7.643086433 0.026236197 0.999458551 -0.019856878 -1.161566734 -0.998826563 0.027018184 0.040195115 88.677497864
0.036670346 0.018827053 0.999150097 8.244626999 0.029337034 0.999371290 -0.019907938 -1.175470591 -0.998896658 0.030042131 0.036094967 88.689987183
0.033527300 0.019174101 0.999253869 8.873630524 0.030822072 0.999320447 -0.020209532 -1.187020183 -0.998962462 0.031476643 0.032913536 88.709304810
0.030444380 0.018460033 0.999366045 9.521957397 0.031257708 0.999322712 -0.019411467 -1.206939101 -0.999047637 0.031828858 0.029846748 88.726745605
0.027731452 0.017904580 0.999455035 10.172179222 0.033171885 0.999272346 -0.018821711 -1.221397996 -0.999064803 0.033675764 0.027117344 88.753990173
0.027391879 0.017689817 0.999468267 10.858076096 0.038715955 0.999074399 -0.018743914 -1.237818122 -0.998874843 0.039208792 0.026681647 88.760772705
0.028291637 0.017166043 0.999452293 11.552025795 0.040591326 0.999008000 -0.018307436 -1.253787875 -0.998775244 0.041087035 0.027566785 88.782386780
0.030994840 0.017006248 0.999374926 12.287512779 0.042704508 0.998919606 -0.018322950 -1.272495270 -0.998606861 0.043245729 0.030235117 88.797836304
0.035010550 0.016968092 0.999242902 13.024702072 0.046720039 0.998734891 -0.018596401 -1.277851582 -0.998294294 0.047335740 0.034173515 88.808601379
0.039236464 0.016477564 0.999094069 13.783554077 0.047075685 0.998723328 -0.018320208 -1.294142723 -0.998120368 0.047751863 0.038410679 88.838645935
0.043248456 0.014749395 0.998955488 14.552363396 0.048620749 0.998675168 -0.016850229 -1.312674284 -0.997880638 0.049298711 0.042474035 88.873100281
0.047239669 0.013182245 0.998796642 15.337047577 0.048618566 0.998697400 -0.015480431 -1.328307033 -0.997699678 0.049291357 0.046537235 88.912780762
0.051468872 0.010977898 0.998614192 16.136144638 0.045446888 0.998877943 -0.013323141 -1.347024560 -0.997640014 0.046069641 0.050912209 88.959754944
0.055470385 0.009799128 0.998412251 16.941005707 0.044264819 0.998944581 -0.012263645 -1.367234945 -0.997478604 0.044874806 0.054978084 89.009918213
0.060376123 0.010883570 0.998116374 17.695804596 0.042778928 0.998993635 -0.013480835 -1.371209145 -0.997258604 0.043512274 0.059849776 89.022628784
0.064498402 0.015312146 0.997800350 18.513128281 0.040671792 0.999011099 -0.017959775 -1.391429305 -0.997088671 0.041740708 0.063811854 89.059799194
0.064386651 0.019792002 0.997728705 19.374076843 0.032585479 0.999228418 -0.021924598 -1.444732904 -0.997392893 0.033923119 0.063692033 89.170730591
0.064305410 0.023187749 0.997660756 20.207481384 0.031355340 0.999189496 -0.025244322 -1.458075285 -0.997437596 0.032905351 0.063526228 89.228446960
0.064220130 0.022748198 0.997676432 21.030878067 0.026572339 0.999346793 -0.024496734 -1.498311281 -0.997581959 0.028083781 0.063573696 89.292678833
0.063941814 0.020788437 0.997737110 21.878690720 0.023121849 0.999483824 -0.022306634 -1.533787966 -0.997685730 0.024495851 0.063428134 89.367538452
0.064512618 0.019774290 0.997720957 22.595100403 0.027227502 0.999396563 -0.021568030 -1.539771557 -0.997545481 0.028556854 0.063935280 89.383590698
0.065125294 0.019094169 0.997694373 23.429307938 0.024945481 0.999473393 -0.020756546 -1.567237496 -0.997565210 0.026239745 0.064614676 89.442489624
0.064930089 0.019546939 0.997698367 24.255344391 0.022989502 0.999513388 -0.021078654 -1.595725060 -0.997624993 0.024305230 0.064449131 89.504821777
0.065501682 0.019931568 0.997653306 25.079887390 0.020713167 0.999557912 -0.021329556 -1.623986483 -0.997637451 0.022061685 0.065059885 89.555938721
0.064142756 0.021507910 0.997708917 25.901365280 0.017489731 0.999589860 -0.022672875 -1.653602839 -0.997787476 0.018903969 0.063740298 89.617698669
0.061069999 0.020884313 0.997914970 26.724372864 0.014099380 0.999663293 -0.021783749 -1.685335159 -0.998033941 0.015400317 0.060754977 89.674606323
0.057138942 0.019992929 0.998166025 27.539028168 0.011168484 0.999724090 -0.020663464 -1.710422993 -0.998303831 0.012328688 0.056899894 89.732162476
0.052564565 0.017394153 0.998466015 28.352970123 0.009125609 0.999798238 -0.017897785 -1.743741274 -0.998575807 0.010052407 0.052395239 89.775444031
0.046107832 0.015501558 0.998816192 29.202354431 0.008025067 0.999841511 -0.015887929 -1.761591434 -0.998904228 0.008748122 0.045976121 89.820999146
0.038617879 0.015733860 0.999130189 30.014488220 0.007519188 0.999843121 -0.016035717 -1.786878347 -0.999225795 0.008131912 0.038493514 89.852424622
0.030131064 0.016829042 0.999404311 30.832180023 0.007892397 0.999823034 -0.017074041 -1.807796955 -0.999514759 0.008402155 0.029992912 89.875450134
0.019733472 0.017187266 0.999657571 31.643493652 0.008078297 0.999816775 -0.017349470 -1.830360413 -0.999772549 0.008417894 0.019591019 89.895019531
0.010039594 0.016116319 0.999819815 32.447284698 0.010186368 0.999816597 -0.016218552 -1.857398868 -0.999897718 0.010347357 0.009873595 89.892601013
-0.001285166 0.014987308 0.999886811 33.251113892 0.008574561 0.999851048 -0.014975749 -1.883973241 -0.999962449 0.008554344 -0.001413487 89.899261475
-0.011779986 0.014552464 0.999824643 34.039688110 0.010095197 0.999844790 -0.014433814 -1.903856039 -0.999879599 0.009923398 -0.011925064 89.873268127
-0.022509256 0.014905809 0.999635518 34.684589386 0.010887817 0.999833226 -0.014663591 -1.924804330 -0.999687374 0.010553783 -0.022667794 89.849342346
-0.033638842 0.015559466 0.999312937 35.467407227 0.011491095 0.999818742 -0.015180528 -1.946999073 -0.999368012 0.010972545 -0.033811536 89.822166443
-0.043968149 0.016444176 0.998897612 36.246639252 0.010501385 0.999816835 -0.015997073 -1.972171187 -0.998977721 0.009786446 -0.044132784 89.783531189
-0.054210301 0.017385997 0.998378158 37.005241394 0.012342183 0.999783635 -0.016740311 -1.998288870 -0.998453319 0.011414669 -0.054413155 89.735015869
-0.063581891 0.018097430 0.997812510 37.790451050 0.012340244 0.999773383 -0.017346660 -2.016713858 -0.997900307 0.011210318 -0.063790806 89.683883667
-0.073955245 0.018789444 0.997084498 38.530490875 0.012363285 0.999762952 -0.017922912 -2.033864260 -0.997184932 0.011001748 -0.074170008 89.648643494
-0.083488651 0.018743448 0.996332467 39.230667114 0.012367193 0.999765575 -0.017771713 -2.071110487 -0.996432006 0.010838100 -0.083700866 89.588226318
-0.091210879 0.018642718 0.995657146 39.994392395 0.015912559 0.999724329 -0.017261146 -2.083645344 -0.995704472 0.014269048 -0.091482393 89.497451782
-0.099046737 0.017034423 0.994937003 40.733024597 0.016422901 0.999745309 -0.015481833 -2.121476889 -0.994947255 0.014806327 -0.099301264 89.431472778
-0.104099736 0.015918897 0.994439423 41.515895844 0.018835803 0.999724150 -0.014031729 -2.132762671 -0.994388461 0.017270368 -0.104370855 89.345344543
-0.107885227 0.014231812 0.994061470 42.238124847 0.021742476 0.999692202 -0.011952721 -2.153328419 -0.993925512 0.020323837 -0.108161435 89.262847900
-0.110759228 0.013222034 0.993759334 42.942550659 0.023601463 0.999664485 -0.010670109 -2.172485590 -0.993566871 0.022272361 -0.111034125 89.182357788
-0.112581849 0.012099089 0.993568718 43.634494781 0.023881409 0.999669909 -0.009467369 -2.195841789 -0.993355334 0.022661971 -0.112833641 89.102325439
-0.113360003 0.012860554 0.993470788 44.306999207 0.024651112 0.999644816 -0.010127663 -2.209550858 -0.993248105 0.023342088 -0.113636777 89.030136108
-0.112620860 0.013735638 0.993543088 44.973728180 0.024989862 0.999627352 -0.010987082 -2.227279425 -0.993323624 0.023591131 -0.112922147 88.964530945
-0.109505974 0.015229942 0.993869483 45.617881775 0.026379148 0.999575019 -0.012410878 -2.247384548 -0.993635952 0.024858363 -0.109861188 88.887252808
-0.104305416 0.015888454 0.994418383 46.240554810 0.026558524 0.999560237 -0.013184863 -2.264502048 -0.994190633 0.025035033 -0.104681522 88.824935913
-0.097123280 0.016844299 0.995129883 46.854747772 0.025711387 0.999565542 -0.014409987 -2.278772354 -0.994940221 0.024186619 -0.097514167 88.783111572
-0.085377753 0.016582891 0.996210694 47.409889221 0.024353532 0.999597490 -0.014552111 -2.306319475 -0.996050954 0.023018822 -0.085747257 88.736404419
-0.072071798 0.016696034 0.997259736 47.986347198 0.023264213 0.999616086 -0.015054180 -2.325469494 -0.997128069 0.022115480 -0.072432548 88.720306396
-0.054102063 0.017476447 0.998382568 48.436935425 0.022598229 0.999612212 -0.016273381 -2.356633902 -0.998279572 0.021681253 -0.054476045 88.685974121
-0.033405460 0.020486388 0.999231935 49.020317078 0.020251542 0.999598563 -0.019816872 -2.361694098 -0.999236584 0.019573996 -0.033806942 88.696640015
-0.009067781 0.023355858 0.999686062 49.584548950 0.018563442 0.999558866 -0.023184502 -2.390760422 -0.999786496 0.018347383 -0.009497359 88.704483032
0.020390818 0.026606726 0.999437988 50.136024475 0.020667469 0.999421120 -0.027027935 -2.378874779 -0.999578476 0.021206981 0.019829122 88.711174011
0.053837486 0.026109854 0.998208284 50.663307190 0.018895449 0.999452472 -0.027161511 -2.396570683 -0.998370945 0.020323899 0.053314649 88.754737854
0.091694459 0.023963628 0.995498776 51.190101624 0.017909955 0.999508977 -0.025709834 -2.411952496 -0.995626152 0.020186786 0.091220260 88.829742432
0.134158731 0.020173211 0.990754485 51.690971375 0.016367266 0.999611259 -0.022569846 -2.433418751 -0.990824699 0.019243885 0.133776397 88.917106628
0.179097354 0.015690796 0.983706236 52.198509216 0.013325516 0.999742389 -0.018372681 -2.456077099 -0.983741105 0.016398892 0.178842157 89.038185120
0.227647260 0.012475301 0.973663688 52.667518616 0.009102342 0.999846935 -0.014938948 -2.471807957 -0.973701239 0.012263431 0.227498904 89.175697327
0.279126465 0.010946285 0.960191905 53.158775330 0.005065947 0.999904335 -0.012871673 -2.492092371 -0.960241020 0.008457107 0.279044300 89.345870972
0.333490849 0.010528579 0.942694545 53.620670319 0.003251208 0.999918818 -0.012317854 -2.508671045 -0.942747772 0.007172787 0.333429575 89.547309875
0.389116287 0.010741443 0.921126008 54.044860840 0.005313401 0.999889195 -0.013904487 -2.528879642 -0.921173275 0.010304774 0.389016122 89.793365479
0.449259847 0.014369585 0.893285513 54.463562012 0.006576734 0.999790311 -0.019390481 -2.536901951 -0.893376887 0.014586264 0.449071199 90.035095215
0.509683371 0.017493650 0.860184133 54.868339539 0.007981820 0.999654114 -0.025059514 -2.554878235 -0.860325038 0.019638253 0.509367406 90.299148560
0.568391800 0.022268537 0.822456539 55.232078552 0.003318760 0.999563515 -0.029357381 -2.562705040 -0.822751284 0.019416034 0.568069816 90.594154358
0.625031471 0.024849752 0.780203938 55.576324463 0.000216019 0.999487519 -0.032007065 -2.577339411 -0.780599654 0.020173958 0.624705732 90.901092529
0.677033782 0.027173268 0.735450089 55.853218079 -0.001810276 0.999376535 -0.035258293 -2.574198723 -0.735949695 0.022539685 0.676660895 91.226432800
0.726120055 0.025270335 0.687103271 56.159484863 -0.002223201 0.999405503 -0.034406759 -2.591859818 -0.687564254 0.023455873 0.725744605 91.597732544
0.771510124 0.023089547 0.635797739 56.431945801 -0.005172647 0.999535799 -0.030022241 -2.596610308 -0.636195898 0.019873708 0.771271527 91.984794617
0.812762022 0.016947605 0.582349122 56.682479858 -0.004736802 0.999736011 -0.022483479 -2.616992474 -0.582576513 0.015515246 0.812627733 92.399414062
0.849012971 0.015205516 0.528153241 56.887313843 -0.007827414 0.999838114 -0.016202642 -2.630125999 -0.528314114 0.009622180 0.848994374 92.812164307
0.879617274 0.010830283 0.475558519 57.047748566 -0.007638568 0.999933422 -0.008643610 -2.648396969 -0.475620508 0.003970487 0.879641533 93.217376709
0.905028343 0.011413749 0.425198078 57.212677002 -0.011176914 0.999932885 -0.003051655 -2.663087130 -0.425204337 -0.001990566 0.905095220 93.670043945
0.924981475 0.013972323 0.379755139 57.340850830 -0.015283456 0.999883056 0.000437714 -2.676292419 -0.379704565 -0.006208845 0.925086856 94.094833374
0.940090001 0.020376131 0.340316772 57.436561584 -0.022963241 0.999729931 0.003575765 -2.694192410 -0.340151995 -0.011176314 0.940304041 94.516700745
0.952034116 0.022867206 0.305136234 57.566841125 -0.024763506 0.999690592 0.002345093 -2.691534042 -0.304988205 -0.009788850 0.952305794 95.005424500
0.961277008 0.023664717 0.274566382 57.678440094 -0.025422761 0.999672711 0.002845688 -2.692782402 -0.274409235 -0.009715728 0.961563945 95.477867126
0.967393517 0.018368734 0.252610981 57.795082092 -0.019720629 0.999801576 0.002820627 -2.697596073 -0.252509087 -0.007710306 0.967563808 95.947433472
0.971281052 0.015286946 0.237443596 57.899856567 -0.016617008 0.999855459 0.003601048 -2.705098867 -0.237354279 -0.007443232 0.971394718 96.440788269
0.974320829 0.019898839 0.224283397 58.001930237 -0.021117309 0.999772310 0.003035077 -2.707176447 -0.224171996 -0.007693399 0.974519193 96.940925598
0.976302564 0.024927711 0.214969456 58.093872070 -0.026292847 0.999648094 0.003492742 -2.703931570 -0.214806795 -0.009062133 0.976614475 97.447288513
0.977332234 0.032303035 0.209232733 58.185508728 -0.033491906 0.999436617 0.002140589 -2.704269171 -0.209045738 -0.009099669 0.977863550 97.965873718
0.977998257 0.037685972 0.205181107 58.301048279 -0.038179129 0.999269605 -0.001556342 -2.707197905 -0.205089927 -0.006311536 0.978722751 98.477142334
0.978059888 0.038909607 0.204657912 58.404685974 -0.038862556 0.999235511 -0.004250773 -2.712619543 -0.204666913 -0.003796021 0.978824377 99.029914856
0.977614164 0.036663003 0.207186818 58.525024414 -0.035691023 0.999327242 -0.008428598 -2.710860729 -0.207356498 0.000845206 0.978265047 99.557342529
0.976397336 0.038824324 0.212463692 58.623409271 -0.037012916 0.999236584 -0.012497998 -2.759546280 -0.212786764 0.004339111 0.977088988 100.126358032
0.976195991 0.036866486 0.213734165 58.800323486 -0.033789564 0.999266267 -0.018032663 -2.753884077 -0.214242190 0.010381427 0.976725399 100.638038635
0.974882245 0.041476380 0.218824983 58.901554108 -0.038436808 0.999096453 -0.018131141 -2.754852057 -0.219379291 0.009264793 0.975595653 101.228324890
0.973410189 0.044861063 0.224633217 59.025306702 -0.042831965 0.998985589 -0.013900395 -2.776401997 -0.225028962 0.003909305 0.974344254 101.824882507
0.972425640 0.041882079 0.229421347 59.170974731 -0.040823866 0.999122441 -0.009358972 -2.786856174 -0.229612023 -0.000264964 0.973282218 102.434249878
0.971686363 0.037491351 0.233280852 59.326259613 -0.037666343 0.999283552 -0.003706313 -2.798268795 -0.233252645 -0.005185464 0.972402334 103.059455872
0.970988750 0.035026073 0.236545950 59.485710144 -0.036230497 0.999343157 0.000745497 -2.805738926 -0.236364484 -0.009294047 0.971620023 103.688796997
0.970397949 0.030548727 0.239571661 59.643646240 -0.031769600 0.999494374 0.001234991 -2.809951544 -0.239412814 -0.008809530 0.970877886 104.325798035
0.970191181 0.027139908 0.240816101 59.787818909 -0.027588969 0.999618173 -0.001507248 -2.821394920 -0.240765065 -0.005181550 0.970569551 104.963218689
0.970388710 0.026183577 0.240125567 59.951736450 -0.024996139 0.999655664 -0.007989928 -2.836320877 -0.240252092 0.001751123 0.970708966 105.621208191
0.970613241 0.028832851 0.238911197 60.112201691 -0.026056418 0.999551296 -0.014772034 -2.846584082 -0.239229903 0.008112762 0.970929146 106.269821167
0.971230745 0.032850541 0.235863507 60.291912079 -0.029200662 0.999393880 -0.018951809 -2.846549273 -0.236343145 0.011519208 0.971601427 106.965263367
0.971886158 0.031208256 0.233373851 60.459342957 -0.028665030 0.999487042 -0.014282233 -2.860004902 -0.233699888 0.007191037 0.972282171 107.670043945
0.972106934 0.027319973 0.232941583 60.605148315 -0.026433073 0.999626577 -0.006928772 -2.872156620 -0.233043879 0.000578146 0.972465992 108.332855225
0.972709775 0.027892210 0.230342656 60.774105072 -0.028372262 0.999596596 -0.001228545 -2.884190083 -0.230284035 -0.005340325 0.973108828 109.063636780
0.972992241 0.031589713 0.228666276 60.932651520 -0.031999692 0.999485970 -0.001915558 -2.894084215 -0.228609294 -0.005453428 0.973503053 109.794029236
0.973285794 0.036896877 0.226612717 61.092292786 -0.036456924 0.999316454 -0.006127820 -2.907623291 -0.226683900 -0.002297483 0.973965704 110.529647827
0.974211931 0.037164435 0.222552702 61.262805939 -0.035467863 0.999303341 -0.011616664 -2.914943218 -0.222829372 0.003423624 0.974851489 111.261665344
0.975157201 0.035928577 0.218580708 61.428531647 -0.033555716 0.999330759 -0.014559531 -2.925984144 -0.218957558 0.006863198 0.975710273 112.020324707
0.976176620 0.034004390 0.214296415 61.605464935 -0.031969093 0.999404788 -0.012957163 -2.936903954 -0.214609504 0.005797616 0.976682782 112.809188843
0.977038383 0.029585375 0.210999295 61.783229828 -0.027815962 0.999548554 -0.011349624 -2.948582172 -0.211239830 0.005219868 0.977420330 113.599906921
0.977488339 0.028708216 0.209027097 61.952316284 -0.027553068 0.999584675 -0.008436667 -2.967951298 -0.209182486 0.002487406 0.977873504 114.387992859
0.977791786 0.025490304 0.208022892 62.119789124 -0.024714801 0.999674499 -0.006326601 -2.971766472 -0.208116457 0.001044854 0.978103518 115.205337524
0.978022397 0.020073071 0.207531422 62.297065735 -0.019420642 0.999798059 -0.005180880 -2.982342958 -0.207593501 0.001036624 0.978214622 116.010589600
0.978132844 0.020721031 0.206946447 62.467941284 -0.020377161 0.999785185 -0.003793293 -2.988757610 -0.206980556 -0.000506636 0.978344917 116.828292847
0.977886617 0.026160423 0.207493439 62.632728577 -0.025536889 0.999657750 -0.005683490 -3.002972603 -0.207571104 0.000259072 0.978219926 117.673217773
0.977571368 0.032035451 0.208153740 62.792148590 -0.030815674 0.999483585 -0.009100917 -3.014674187 -0.208337784 0.002482399 0.978053808 118.498619080
0.977071464 0.040978089 0.208931252 62.950725555 -0.039622467 0.999157727 -0.010671453 -3.025672197 -0.209192589 0.002148400 0.977872133 119.318397522
0.976327419 0.046624724 0.211213142 63.130313873 -0.045649312 0.998912394 -0.009494374 -3.056585073 -0.211426109 -0.000372118 0.977393866 120.131629944
0.975502610 0.049388468 0.214371786 63.302543640 -0.048877850 0.998775244 -0.007685257 -3.069460392 -0.214488775 -0.002981044 0.976721942 120.993194580
0.974714875 0.050222009 0.217735291 63.472152710 -0.049666516 0.998733640 -0.008026792 -3.090162754 -0.217862695 -0.002990320 0.975974858 121.850517273
0.974503040 0.048242714 0.219126686 63.656826019 -0.046978772 0.998835564 -0.010978026 -3.106062889 -0.219401151 0.000403819 0.975634694 122.646987915
0.974417746 0.042351447 0.220717981 63.850631714 -0.041151371 0.999102533 -0.010034616 -3.117435455 -0.220944896 0.000695062 0.975286007 123.515861511
0.974604189 0.035619918 0.221083552 64.051071167 -0.033928573 0.999358714 -0.011444294 -3.138563156 -0.221349433 0.003652607 0.975187719 124.354316711
0.974451005 0.034641642 0.221912682 64.250762939 -0.032957122 0.999392986 -0.011290559 -3.163011074 -0.222169101 0.003688494 0.975001216 125.192337036
0.973900080 0.037506275 0.223856837 64.436454773 -0.036522321 0.999296308 -0.008535780 -3.177711010 -0.224019423 0.000137225 0.974584758 126.039314270
0.973509789 0.039097112 0.225277856 64.619445801 -0.039516330 0.999215364 -0.002649602 -3.195534706 -0.225204706 -0.006322741 0.974291027 126.885543823
0.973244429 0.041882452 0.225922719 64.814521790 -0.043302268 0.999061108 0.001330387 -3.210410357 -0.225654885 -0.011077759 0.974144340 127.730445862
0.973075926 0.041140132 0.226783946 65.008186340 -0.041045558 0.999144018 -0.005134759 -3.227360725 -0.226801082 -0.004311962 0.973931551 128.559722900
0.973298073 0.037471239 0.226465702 65.188850403 -0.033941384 0.999234319 -0.019461978 -3.242809057 -0.227021575 0.011255750 0.973824680 129.336700439
