1.000000000 0.000000000 0.000000000 0.000000000 0.000000000 1.000000000 0.000000000 0.000000000 0.000000000 0.000000000 1.000000000 0.000000000
0.999039471 -0.000355211 0.043815944 0.038790356 0.000466289 0.999996662 -0.002524904 -0.018172938 -0.043814898 0.002542910 0.999036431 0.986414969
0.996017814 -0.004571770 0.089037061 0.127124295 0.005278632 0.999956369 -0.007705114 -0.036128473 -0.088997953 0.008144427 0.995998502 1.960200906
0.990820348 -0.003877560 0.135129780 0.243512422 0.005473492 0.999919534 -0.011440843 -0.060455061 -0.135074556 0.012075451 0.990761876 2.935392857
0.983393848 -0.001790789 0.181475371 0.418938339 0.004430128 0.999890268 -0.014139485 -0.080133200 -0.181430116 0.014708642 0.983293891 3.937484980
0.973736644 -0.004074315 0.227640450 0.634242177 0.007455383 0.999874294 -0.013994778 -0.113631323 -0.227554828 0.015324376 0.973644674 4.869265079
0.962038517 -0.004868878 0.272870183 0.909189641 0.009373036 0.999840438 -0.015205478 -0.140128314 -0.272752583 0.017185878 0.961930633 5.839471817
0.948479116 -0.007311990 0.316755265 1.219884515 0.013605526 0.999751449 -0.017661536 -0.180590093 -0.316547394 0.021061219 0.948342800 6.749789238
0.933311403 -0.009434232 0.358943969 1.545949578 0.017737873 0.999645591 -0.019847300 -0.201843768 -0.358629525 0.024890615 0.933148086 7.606972694
0.915894628 -0.009085737 0.401315957 1.935816050 0.019083692 0.999598920 -0.020922566 -0.225957438 -0.400964856 0.026821459 0.915700793 8.509441376
0.896144807 -0.009896768 0.443651319 2.378458500 0.020668551 0.999597132 -0.019450486 -0.261716187 -0.443280071 0.026600080 0.895988345 9.403984070
0.874287009 -0.009329619 0.485319495 2.847548962 0.020773316 0.999618411 -0.018206110 -0.301021039 -0.484964490 0.025999060 0.874147236 10.253187180
0.850300610 -0.010255031 0.526197433 3.330814838 0.022666525 0.999596059 -0.017146552 -0.332142532 -0.525808990 0.026506789 0.850189567 11.023326874
0.824733853 -0.010606473 0.565421641 3.884705782 0.024666872 0.999547243 -0.017229496 -0.362311840 -0.564982891 0.028156932 0.824622035 11.826337814
0.797271073 -0.012481249 0.603492558 4.475058556 0.028170953 0.999466181 -0.016545849 -0.399046481 -0.602963805 0.030192485 0.797196984 12.601178169
0.768547297 -0.011098425 0.639696598 5.100575447 0.028552724 0.999448359 -0.016964000 -0.432716966 -0.639155388 0.031302717 0.768440247 13.351003647
0.737981081 -0.014195628 0.674672246 5.747132301 0.033518840 0.999315739 -0.015637740 -0.462928325 -0.673988521 0.034154579 0.737951815 14.050328255
0.705857337 -0.013459970 0.708226144 6.386093140 0.033874884 0.999316931 -0.014769371 -0.496647358 -0.707543671 0.034416143 0.705831110 14.686182976
0.671547651 -0.012130908 0.740862191 7.102247238 0.035098400 0.999264300 -0.015452618 -0.526840806 -0.740129650 0.036380239 0.671479404 15.339159012
0.636082828 -0.013421494 0.771504045 7.841237545 0.039695270 0.999093890 -0.015346829 -0.557993591 -0.770599127 0.040386911 0.636039197 15.945713043
0.599493742 -0.011816005 0.800292134 8.606042862 0.040312931 0.999067724 -0.015447315 -0.583712935 -0.799363494 0.041522689 0.599411190 16.517360687
0.561269760 -0.010110565 0.827571154 9.395353317 0.043139987 0.998923481 -0.017054113 -0.600586653 -0.826507807 0.045273367 0.561101735 17.063074112
0.522098064 -0.008336179 0.852844775 10.186888695 0.047688853 0.998673201 -0.019432778 -0.628118634 -0.851551056 0.050817002 0.521802962 17.547798157
0.483655125 -0.007525540 0.875226259 11.048244476 0.050033428 0.998565614 -0.019062702 -0.650253773 -0.873827398 0.053010341 0.483337879 18.024139404
0.444638401 -0.009049638 0.895664394 11.923067093 0.055055935 0.998334289 -0.017244648 -0.670350194 -0.894016445 0.056979276 0.444395989 18.469814301
0.407823414 -0.009690234 0.913009346 12.817594528 0.059185248 0.998121262 -0.015843321 -0.706001163 -0.911140680 0.060497958 0.407630801 18.854640961
0.372605443 -0.007320866 0.927960932 13.709064484 0.060736146 0.998017251 -0.016513918 -0.730914652 -0.926000237 0.062513955 0.372311354 19.205127716
0.338772506 -0.008088320 0.940833569 14.627544403 0.061429802 0.998019516 -0.013539512 -0.752061129 -0.938860774 0.062382039 0.338598490 19.538707733
0.305505633 -0.009304116 0.952144802 15.614948273 0.064249359 0.997874856 -0.010864095 -0.766144395 -0.950020194 0.064493746 0.305454135 19.850204468
0.272257268 -0.009163980 0.962180853 16.553056717 0.065018907 0.997844398 -0.008894010 -0.784792721 -0.960025311 0.064981416 0.272266209 20.123268127
0.240123332 -0.006438869 0.970721066 17.504894257 0.062556155 0.998002172 -0.008854436 -0.809856951 -0.968724668 0.062850729 0.240046412 20.357002258
0.208830774 -0.004658021 0.977940738 18.466508865 0.062092051 0.998034120 -0.008505488 -0.823832393 -0.975978673 0.062498551 0.208709478 20.574821472
0.178509265 -0.004007915 0.983930051 19.563190460 0.063792422 0.997934937 -0.007508560 -0.833077490 -0.981868088 0.064107627 0.178396285 20.765415192
0.147788242 -0.004129898 0.989010453 20.567298889 0.065501176 0.997836649 -0.005621110 -0.847327948 -0.986847639 0.065612055 0.147739038 20.919364929
0.116561711 -0.004748846 0.993172109 21.607742310 0.064057603 0.997942448 -0.002746341 -0.860977948 -0.991115570 0.063940339 0.116626091 21.054443359
0.087338679 -0.005206109 0.996165037 22.657592773 0.064564064 0.997913420 -0.000445401 -0.874233723 -0.994084179 0.064355366 0.087492585 21.143503189
0.059843622 -0.004714067 0.998196542 23.713134766 0.066800885 0.997766018 0.000707207 -0.878843069 -0.995970011 0.066638090 0.060024850 21.214382172
0.035126023 -0.004070622 0.999374628 24.835037231 0.071096480 0.997468174 0.001563958 -0.884124398 -0.996850789 0.070997074 0.035326507 21.245605469
0.012086051 -0.003783000 0.999919891 25.939928055 0.075166814 0.997166812 0.002864042 -0.890165567 -0.997097731 0.075126164 0.012336170 21.259386063
-0.008506130 -0.003534138 0.999957561 27.073665619 0.080908738 0.996712565 0.004210917 -0.884239495 -0.996685207 0.080941141 -0.008192219 21.243453979
-0.026410304 -0.004308943 0.999641955 28.187173843 0.085255146 0.996337652 0.006547120 -0.888973713 -0.996009111 0.085397527 -0.025946219 21.215524673
-0.042146072 -0.004502775 0.999101281 29.320735931 0.088346064 0.996056020 0.008215837 -0.897885144 -0.995197833 0.088612944 -0.041582048 21.163597107
-0.056412261 -0.004986732 0.998395085 30.459236145 0.090016790 0.995889425 0.010060431 -0.888583958 -0.994341314 0.090439849 -0.055731487 21.098857880
-0.069135338 -0.005969377 0.997589409 31.659042358 0.090855189 0.995788813 0.012255084 -0.893370926 -0.993461430 0.091483444 -0.068301842 20.995529175
-0.081424847 -0.006000834 0.996661425 32.823509216 0.090702280 0.995787799 0.013405735 -0.894057155 -0.992543697 0.091491029 -0.080537587 20.901729584
-0.092588313 -0.002778089 0.995700538 33.975807190 0.091028139 0.995784879 0.011242859 -0.884967923 -0.991534770 0.091677740 -0.091945164 20.795001984
-0.103202559 0.000144718 0.994660258 35.177036285 0.091342859 0.995775759 0.009332543 -0.882458568 -0.990457356 0.091818251 -0.102779821 20.673511505
-0.112223431 0.002697515 0.993679225 36.390750885 0.092555769 0.995677292 0.007750059 -0.879569173 -0.989363134 0.092840500 -0.111988015 20.527721405
-0.120538324 0.004458069 0.992698669 37.641639709 0.091666974 0.995767474 0.006658799 -0.855509818 -0.988467336 0.091800325 -0.120436795 20.388719559
-0.125081792 0.005009542 0.992133737 38.926307678 0.091889992 0.995747566 0.006557105 -0.858552516 -0.987881958 0.091987342 -0.125010222 20.205728531
-0.130401969 0.006692990 0.991438508 40.212623596 0.092881024 0.995662034 0.005494957 -0.851015151 -0.987101018 0.092802398 -0.130457938 20.039552689
-0.134848595 0.008140123 0.990832746 41.516139984 0.091569819 0.995789409 0.004281463 -0.846296430 -0.986625969 0.091307737 -0.135026187 19.857240677
-0.138835624 0.009297403 0.990271807 42.836799622 0.092626743 0.995694280 0.003637910 -0.840694427 -0.985974133 0.092230730 -0.139099017 19.662502289
-0.141974986 0.008287688 0.989835560 44.150745392 0.091764241 0.995769083 0.004824643 -0.841193855 -0.985607743 0.091516487 -0.142134815 19.499116898
-0.144490346 0.006556738 0.989484429 45.522144318 0.092692658 0.995670617 0.006937797 -0.834913135 -0.985155106 0.092720404 -0.144472554 19.297973633
-0.146587104 0.004929555 0.989185452 46.869041443 0.093197271 0.995608330 0.008849311 -0.846209526 -0.984797716 0.093486577 -0.146402746 19.091596603
-0.148730263 0.005969408 0.988859773 48.287300110 0.095570423 0.995387435 0.008365533 -0.827659011 -0.984248757 0.095749944 -0.148614749 18.874366760
-0.149545223 0.005764776 0.988738179 49.712963104 0.095483050 0.995393515 0.008638094 -0.823850513 -0.984133780 0.095699511 -0.149406806 18.658514023
-0.150696620 0.007517201 0.988551497 51.163391113 0.097138897 0.995244503 0.007239934 -0.805529714 -0.983796060 0.097117826 -0.150710166 18.430671692
-0.151348457 0.007010158 0.988455713 52.527526855 0.096363507 0.995316386 0.007695986 -0.811644435 -0.983772218 0.096415810 -0.151315153 18.270530701
-0.150084466 0.008575312 0.988635898 53.997928619 0.096844852 0.995280981 0.006069030 -0.809563994 -0.983918548 0.096655175 -0.150206700 18.030050278
-0.148960114 0.008685107 0.988804996 55.511810303 0.097669892 0.995200932 0.005972350 -0.801885426 -0.984007895 0.097466126 -0.149093509 17.801034927
-0.148086086 0.007266435 0.988947809 57.035774231 0.096435815 0.995313764 0.007127191 -0.801257610 -0.984261513 0.096425429 -0.148092866 17.585315704
-0.146905735 0.008282010 0.989115775 58.564575195 0.098020934 0.995164871 0.006225630 -0.795856893 -0.984281838 0.097868644 -0.147007197 17.354354858
-0.145615041 0.008829033 0.989301920 60.135143280 0.096704870 0.995298743 0.005351408 -0.796134651 -0.984603703 0.096449547 -0.145784304 17.111637115
-0.144678786 0.009527308 0.989432693 61.734718323 0.097937398 0.995181322 0.004738133 -0.790007353 -0.984619856 0.097587965 -0.144914702 16.872123718
-0.143677041 0.009584993 0.989578068 63.344390869 0.097495414 0.995225787 0.004515683 -0.784420967 -0.984810352 0.097128138 -0.143925592 16.640325546
-0.142550901 0.007691666 0.989757538 64.997703552 0.099126518 0.995053351 0.006543986 -0.783205032 -0.984811246 0.099044077 -0.142608196 16.389118195
-0.141991630 0.005937611 0.989850104 66.655197144 0.100760065 0.994874597 0.008486038 -0.771201789 -0.984726250 0.100942291 -0.141862139 16.137632370
-0.142063260 0.006567183 0.989835739 68.234069824 0.102011390 0.994750679 0.008041090 -0.794186831 -0.984587073 0.102116860 -0.141987473 15.946048737
-0.141352758 0.008585053 0.989922047 69.913093567 0.104195192 0.994537175 0.006253147 -0.785186529 -0.984460592 0.104029037 -0.141475141 15.699101448
-0.140402466 0.008528284 0.990057766 71.595008850 0.103447109 0.994616210 0.006102530 -0.780759215 -0.984675527 0.103275433 -0.140528783 15.458752632
-0.139885858 0.007987813 0.990135491 73.307479858 0.104235038 0.994530141 0.006703011 -0.782176375 -0.984665871 0.104144469 -0.139953315 15.196849823
-0.140405372 0.006635752 0.990071893 74.970657349 0.103744335 0.994571567 0.008046421 -0.798632324 -0.984643817 0.103844121 -0.140331581 15.001940727
-0.140189990 0.007218421 0.990098357 76.724304199 0.105456054 0.994394362 0.007681991 -0.783956766 -0.984492660 0.105488800 -0.140165329 14.754390717
-0.140270084 0.007002181 0.990088582 78.475601196 0.106629588 0.994265974 0.008074943 -0.774821639 -0.984354854 0.106705405 -0.140212402 14.504477501
-0.139763147 0.007784160 0.990154445 80.236869812 0.106730007 0.994261563 0.007248802 -0.775656879 -0.984416008 0.106692307 -0.139791936 14.247325897
-0.141362935 0.008542384 0.989920914 81.998497009 0.105602741 0.994387031 0.006499383 -0.778011441 -0.984309196 0.105457120 -0.141471565 14.032100677
-0.142081916 0.008920512 0.989814699 83.864768982 0.106137246 0.994331717 0.006274135 -0.791234553 -0.984148145 0.105947651 -0.142223328 13.733114243
-0.143665791 0.009485656 0.989580870 85.691322327 0.105311394 0.994422674 0.005756873 -0.785713673 -0.984006882 0.105041176 -0.143863484 13.475914001
-0.144411981 0.008570369 0.989480495 87.513237000 0.104526788 0.994499922 0.006641558 -0.787961483 -0.983981311 0.104386352 -0.144513562 13.209088326
-0.146090776 0.008338916 0.989236057 89.366035461 0.104314432 0.994519651 0.007021745 -0.780355930 -0.983756006 0.104217418 -0.146159992 12.950165749
-0.146000057 0.006965850 0.989260018 91.204322815 0.101839311 0.994768500 0.008025325 -0.781305850 -0.984028816 0.101917252 -0.145945638 12.671811104
-0.148432329 0.008316624 0.988887608 93.056732178 0.101408534 0.994821250 0.006854926 -0.770034611 -0.983709395 0.101299137 -0.148507014 12.406692505
-0.151343942 0.008767454 0.988442242 94.964515686 0.100546651 0.994910657 0.006570230 -0.771867394 -0.983354151 0.100378931 -0.151455238 12.118609428
-0.155050009 0.009802277 0.987857997 96.877319336 0.100524500 0.994917035 0.005905580 -0.756174445 -0.982778966 0.100219592 -0.155247286 11.810014725
-0.158845499 0.008378252 0.987267911 98.732795715 0.098756395 0.995083809 0.007444733 -0.772506654 -0.982351959 0.098681577 -0.158891976 11.492846489
-0.164149702 0.008133860 0.986401975 100.646903992 0.096829571 0.995269537 0.007906677 -0.754361153 -0.981671512 0.096810751 -0.164160803 11.208719254
-0.169088304 0.008506802 0.985564113 102.581634521 0.095156133 0.995432258 0.007733480 -0.771945894 -0.980996788 0.095090099 -0.169125468 10.896167755
-0.173579171 0.010563874 0.984763205 104.504745483 0.095962442 0.995365381 0.006237201 -0.769187689 -0.980133355 0.095582932 -0.173788458 10.564857483
-0.179153204 0.012184778 0.983745694 106.474655151 0.095787622 0.995388627 0.005115216 -0.783625662 -0.979147077 0.095147073 -0.179494232 10.228477478
-0.183106691 0.012179983 0.983017564 108.408668518 0.094756626 0.995486319 0.005315838 -0.785362840 -0.978515744 0.094120793 -0.183434293 9.858844757
-0.187990442 0.012447688 0.982091904 110.374076843 0.092114501 0.995735824 0.005011787 -0.775956035 -0.977841675 0.091407090 -0.188335389 9.486522675
-0.193422377 0.011949250 0.981042862 112.346435547 0.090321168 0.995896518 0.005677546 -0.773586154 -0.976949215 0.089707091 -0.193707928 9.112020493
-0.199197188 0.011128793 0.979896307 114.310127258 0.089618959 0.995952129 0.006906954 -0.781262219 -0.975852907 0.089193128 -0.199388236 8.725805283
-0.203777522 0.011599117 0.978948474 116.313621521 0.089682236 0.995946705 0.006867696 -0.763949633 -0.974900901 0.089193776 -0.203991771 8.309782028
-0.210012913 0.012745188 0.977615535 118.289749146 0.089559391 0.995961785 0.006254917 -0.771806955 -0.973588049 0.088868268 -0.210306287 7.902057648
-0.216255426 0.013039824 0.976249695 120.354141235 0.089230329 0.995990038 0.006462496 -0.790844679 -0.972250760 0.088508651 -0.216551781 7.467332840
-0.222461760 0.013115511 0.974853218 122.366920471 0.089748144 0.995939314 0.007081353 -0.789120555 -0.970801771 0.089066602 -0.222735524 7.025232315
-0.227965325 0.013037008 0.973581970 124.379165649 0.089198105 0.995985210 0.007548835 -0.792052329 -0.969574988 0.088562548 -0.228212982 6.564018250
-0.232819095 0.013533859 0.972425818 126.383155823 0.087800935 0.996112347 0.007157863 -0.792341709 -0.968548596 0.087046392 -0.233102247 6.087656021
-0.237657905 0.013815113 0.971250594 128.399581909 0.087165378 0.996168077 0.007159185 -0.799241066 -0.967430055 0.086360872 -0.237951428 5.590965271
-0.242586344 0.014378627 0.970023274 130.545425415 0.088704363 0.996030390 0.007419314 -0.772516668 -0.966065943 0.087845102 -0.242898792 5.058349609
-0.246064797 0.014294581 0.969147980 132.588867188 0.091184899 0.995798051 0.008464015 -0.771963120 -0.964954734 0.090454377 -0.246334285 4.531578064
-0.249195278 0.014736190 0.968341231 134.626876831 0.092148192 0.995708466 0.008560972 -0.768579960 -0.964059412 0.091364250 -0.249483764 4.006324768
-0.253612638 0.015395605 0.967183411 136.710220337 0.092478238 0.995679319 0.008400232 -0.767991900 -0.962875068 0.091573812 -0.253940612 3.482009888
-0.256180823 0.014543595 0.966519475 138.781829834 0.091087289 0.995800734 0.009158939 -0.770793915 -0.962327540 0.090383969 -0.256429821 2.928405762
-0.259831131 0.015957648 0.965522170 140.900161743 0.089866169 0.995923877 0.007723730 -0.755319118 -0.961463392 0.088774644 -0.260206163 2.367691040
-0.264408171 0.016156580 0.964275479 142.990936279 0.088889897 0.996011794 0.007685639 -0.758249164 -0.960305691 0.087746494 -0.264789879 1.804962158
-0.269629985 0.015813611 0.962834060 145.083602905 0.087604120 0.996121824 0.008172139 -0.753188610 -0.958970904 0.086551681 -0.269969672 1.248207092
-0.272880852 0.016418776 0.961907744 147.108047485 0.087552130 0.996129096 0.007834513 -0.750240207 -0.958055675 0.086354963 -0.273262054 0.609077454
-0.277880758 0.017055638 0.960464180 149.232208252 0.087341264 0.996149600 0.007580174 -0.745507121 -0.956636727 0.085994549 -0.278300434 0.009269714
-0.282427281 0.017106377 0.959136188 151.285522461 0.086360298 0.996234536 0.007661623 -0.743646383 -0.955393493 0.084995136 -0.282841086 -0.570510864
-0.286635071 0.016032411 0.957905650 153.396759033 0.086120605 0.996243179 0.009095892 -0.752285480 -0.954161167 0.085102603 -0.286938965 -1.182270050
-0.290676802 0.016020207 0.956687152 155.517303467 0.086600654 0.996196568 0.009630664 -0.745884776 -0.952894211 0.085649148 -0.290958583 -1.818958282
-0.294918567 0.017040482 0.955370367 157.653121948 0.087549485 0.996117175 0.009258873 -0.742280960 -0.951503038 0.086372815 -0.295265287 -2.472972870
-0.297816306 0.018371595 0.954446375 159.770263672 0.087929837 0.996092439 0.008263576 -0.724483371 -0.950564921 0.086385362 -0.298267961 -3.152290344
-0.301846206 0.019130195 0.953164637 161.854812622 0.087511711 0.996133506 0.007720435 -0.743641376 -0.949331641 0.085743442 -0.302353263 -3.787216187
-0.305491835 0.020347176 0.951977253 163.996032715 0.088352144 0.996064186 0.007062937 -0.738523722 -0.948086798 0.086266890 -0.306087226 -4.463397980
-0.308710903 0.021073457 0.950922430 166.134094238 0.088115156 0.996088862 0.006531623 -0.743900776 -0.947065651 0.085807063 -0.309360325 -5.140850067
-0.311501831 0.021149736 0.950010240 168.290618896 0.088403285 0.996061504 0.006811876 -0.741888165 -0.946124494 0.086105928 -0.312144637 -5.869720459
-0.315899909 0.021112692 0.948557615 170.374435425 0.087660998 0.996125638 0.007022460 -0.747887135 -0.944734275 0.085369900 -0.316526741 -6.544475555
-0.319639146 0.021932179 0.947285473 172.540496826 0.089883976 0.995925784 0.007270896 -0.747358680 -0.943266571 0.087469839 -0.320308149 -7.272064209
-0.322525918 0.022557812 0.946291924 174.711364746 0.092339925 0.995697498 0.007736792 -0.739410400 -0.942045867 0.089875825 -0.323221207 -8.021080017
-0.325584501 0.022382103 0.945248008 176.902282715 0.093483075 0.995583475 0.008625655 -0.734581113 -0.940880299 0.091173068 -0.326238811 -8.766586304
-0.328093171 0.021806512 0.944393694 179.127227783 0.092572443 0.995663762 0.009170366 -0.717531204 -0.940098524 0.090433560 -0.328689158 -9.554039001
-0.331057519 0.021922648 0.943355858 181.145141602 0.090886943 0.995822728 0.008753577 -0.736243248 -0.939223289 0.088636674 -0.331667125 -10.222297668
-0.334245175 0.023717383 0.942187667 183.353424072 0.090139598 0.995905221 0.006907823 -0.735247850 -0.938165724 0.087237336 -0.335014403 -10.990787506
-0.337572753 0.025459656 0.940955102 185.558456421 0.089592397 0.995965004 0.005193685 -0.733820915 -0.937026083 0.086055651 -0.338491648 -11.770317078
-0.340350598 0.026686441 0.939919889 187.727828979 0.088843375 0.996038020 0.003890950 -0.736346602 -0.936092019 0.084829926 -0.341373056 -12.555675507
-0.343385667 0.026895029 0.938809335 189.927871704 0.087337635 0.996172965 0.003406850 -0.762238741 -0.935124874 0.083163239 -0.344420433 -13.347980499
-0.347564280 0.027675789 0.937247634 192.116119385 0.088015266 0.996113896 0.003225120 -0.753745139 -0.933516145 0.083613031 -0.348649591 -14.141239166
-0.351560891 0.027026460 0.935774803 194.349624634 0.087594330 0.996147633 0.004138170 -0.754653931 -0.932058036 0.083423376 -0.352573901 -14.963581085
-0.354953825 0.026412064 0.934510648 196.566055298 0.087331600 0.996166706 0.005016393 -0.759267807 -0.930795908 0.083392888 -0.355899841 -15.803165436
-0.357948363 0.026266975 0.933371961 198.720275879 0.087404527 0.996157825 0.005485755 -0.762484193 -0.929641724 0.083544530 -0.358868867 -16.636516571
-0.362121463 0.026054135 0.931766748 200.892028809 0.086427681 0.996241570 0.005732232 -0.769560099 -0.928115427 0.082606189 -0.363012284 -17.473186493
-0.366014659 0.026442630 0.930233419 203.119796753 0.085781202 0.996299148 0.005431328 -0.779725552 -0.926647067 0.081784464 -0.366928428 -18.338417053
-0.369526505 0.026983621 0.928828359 205.368682861 0.085608684 0.996315658 0.005114481 -0.791660428 -0.925268173 0.081405699 -0.370475113 -19.216606140
-0.371855706 0.027798640 0.927874207 207.453735352 0.086725116 0.996220171 0.004909783 -0.800673842 -0.924230516 0.082295731 -0.372860998 -20.034053802
-0.374108583 0.027273420 0.926983714 209.679977417 0.087930873 0.996107459 0.006179653 -0.814396024 -0.923206866 0.083822355 -0.375050545 -20.935035706
-0.376748592 0.027040336 0.925920725 211.912017822 0.089287058 0.995979607 0.007243761 -0.813803196 -0.922002316 0.085401826 -0.377648324 -21.844692230
-0.379188180 0.028152831 0.924891233 214.151580811 0.090641364 0.995860100 0.006848219 -0.814696550 -0.920869350 0.086430177 -0.380170196 -22.769683838
-0.382010549 0.028728925 0.923711300 216.326950073 0.089952856 0.995926499 0.006226022 -0.820941448 -0.919769764 0.085468881 -0.383038729 -23.647209167
-0.384673327 0.028850915 0.922601759 218.560668945 0.089489698 0.995968699 0.006167009 -0.830963731 -0.918704510 0.084935650 -0.385704428 -24.573184967
-0.387691140 0.029879902 0.921304941 220.802825928 0.089268781 0.995993614 0.005262668 -0.844637394 -0.917456567 0.084284052 -0.388805270 -25.508728027
-0.390598208 0.031230150 0.920031369 223.044677734 0.088899322 0.996032834 0.003932109 -0.849097908 -0.916258633 0.083326042 -0.391824991 -26.437232971
-0.392814398 0.031529665 0.919077098 225.226989746 0.087140322 0.996191263 0.003068713 -0.860806167 -0.915479898 0.081294104 -0.394065797 -27.366802216
-0.395684123 0.032735322 0.917802989 227.449951172 0.088066489 0.996111631 0.002438948 -0.875740528 -0.914154410 0.081792742 -0.397028446 -28.320320129
-0.398269057 0.032019667 0.916709542 229.697006226 0.089399725 0.995987535 0.004051393 -0.891639233 -0.912901580 0.083567120 -0.399533570 -29.296607971
-0.400984973 0.031312034 0.915549338 231.819671631 0.089769572 0.995948672 0.005254848 -0.893666863 -0.911675572 0.084295593 -0.402171314 -30.224357605
-0.404262036 0.030846354 0.914122880 234.062561035 0.088791624 0.996034145 0.005656863 -0.900340438 -0.910323083 0.083453320 -0.405397743 -31.205413818
-0.407262832 0.031024180 0.912783980 236.263839722 0.087376498 0.996162176 0.005127261 -0.918305039 -0.909121752 0.081843995 -0.408410609 -32.186538696
-0.410081148 0.030668950 0.911533177 238.422073364 0.086312443 0.996253908 0.005310876 -0.918155670 -0.907955766 0.080854543 -0.411192030 -33.157409668
-0.413454086 0.029998036 0.910030663 240.647888184 0.085425459 0.996326685 0.005968662 -0.928870678 -0.906508803 0.080207564 -0.414497942 -34.156433105
-0.416887581 0.030349301 0.908451200 242.860671997 0.084884986 0.996374607 0.005667029 -0.936768889 -0.904985785 0.079476379 -0.417952389 -35.167541504
-0.420635700 0.030173436 0.906727731 244.970809937 0.084670149 0.996390224 0.006121747 -0.940870047 -0.903269947 0.079347782 -0.421672016 -36.130992889
-0.424596518 0.029522216 0.904901266 247.187438965 0.083696604 0.996468246 0.006762439 -0.949258089 -0.901505768 0.078608461 -0.425567955 -37.157829285
-0.428484648 0.029362625 0.903071821 249.353515625 0.082917698 0.996532202 0.006940923 -0.959309578 -0.899736464 0.077854708 -0.429433405 -38.164886475
-0.432360113 0.030477708 0.901185811 251.531707764 0.082830384 0.996545494 0.006036640 -0.961544752 -0.897888541 0.077255577 -0.433391005 -39.180915833
-0.435726374 0.030816019 0.899551511 253.709716797 0.083125129 0.996520340 0.006126409 -0.973096013 -0.896232545 0.077444777 -0.436771750 -40.226051331
-0.439474225 0.031196965 0.897713244 255.909271240 0.083011232 0.996530473 0.006006997 -0.967185140 -0.894411325 0.077160209 -0.440539122 -41.292427063
-0.443279654 0.031397384 0.895833313 258.050109863 0.082067743 0.996610582 0.005679637 -0.992837310 -0.892618656 0.076036684 -0.444353878 -42.332862854
-0.447324872 0.031881742 0.893803120 260.247436523 0.082677923 0.996559322 0.005831078 -1.000103831 -0.890541911 0.076506168 -0.448421568 -43.414207458
-0.449901849 0.032429170 0.892489016 262.380584717 0.083159678 0.996519864 0.005711423 -1.006536603 -0.889197767 0.076788671 -0.451032907 -44.498222351
-0.453617007 0.033510484 0.890566468 264.516448975 0.084398754 0.996416926 0.005495709 -1.010550618 -0.887191296 0.077655643 -0.454819977 -45.549583435
-0.456688255 0.035955697 0.888899803 266.693481445 0.087043583 0.996194720 0.004424460 -1.014262080 -0.885358214 0.079393625 -0.458080173 -46.663032532
-0.459660411 0.036576670 0.887341201 268.862213135 0.088083424 0.996102571 0.004569108 -1.031832337 -0.883715749 0.080260292 -0.461090803 -47.769355774
-0.462773651 0.038903724 0.885622323 271.014465332 0.090203896 0.995917678 0.003386421 -1.032549143 -0.881875157 0.081453741 -0.464393705 -48.879325867
-0.465110511 0.041719120 0.884268939 273.200469971 0.092409499 0.995719790 0.001628543 -1.037978649 -0.880416214 0.082472309 -0.466974974 -50.038536072
-0.467726409 0.042409688 0.882855237 275.392364502 0.093174018 0.995648623 0.001534571 -1.040108800 -0.878948569 0.082976930 -0.469642699 -51.209274292
-0.470799685 0.043160710 0.881183743 277.532684326 0.093385570 0.995629370 0.001127831 -1.061573982 -0.877283752 0.082820848 -0.472772539 -52.333381653
-0.474051058 0.043293953 0.879432261 279.724548340 0.092469946 0.995715141 0.000826718 -1.066589952 -0.875628173 0.081712984 -0.476023197 -53.507568359
-0.477554560 0.044877306 0.877455175 281.950378418 0.093212344 0.995646179 -0.000191391 -1.065671802 -0.873643577 0.081698261 -0.479658574 -54.710449219
-0.480095655 0.045171268 0.876052380 284.128479004 0.093079492 0.995658576 -0.000328869 -1.087936282 -0.872263968 0.081384614 -0.482215822 -55.909492493
-0.483155340 0.044821694 0.874386609 286.355377197 0.091375858 0.995816290 -0.000555184 -1.100737929 -0.870753407 0.079629593 -0.485229552 -57.123092651
-0.485461175 0.045800060 0.873057783 288.588439941 0.093078516 0.995658636 -0.000475610 -1.107636809 -0.869289279 0.081032015 -0.487616539 -58.372550964
-0.487342745 0.045730714 0.872012496 290.782257080 0.094629511 0.995512307 0.000678351 -1.123309612 -0.868068159 0.082848713 -0.489483178 -59.600753784
-0.489330560 0.045901071 0.870889604 293.028717041 0.095613062 0.995417774 0.001258094 -1.129560232 -0.866841197 0.083884060 -0.491477102 -60.867851257
-0.491072267 0.045678120 0.869920492 295.254119873 0.095356494 0.995441914 0.001559919 -1.140554786 -0.865884125 0.083718583 -0.493189603 -62.112503052
-0.493613392 0.045472164 0.868491828 297.518463135 0.095384575 0.995438278 0.002093718 -1.140650272 -0.864434838 0.083874226 -0.495698988 -63.373916626
-0.496153563 0.045696519 0.867031336 299.777160645 0.096615210 0.995317757 0.002829684 -1.144795895 -0.862842500 0.085172378 -0.498245448 -64.652687073
-0.497992069 0.045223948 0.866001487 302.033752441 0.096673146 0.995309591 0.003615046 -1.155878901 -0.861776173 0.085519351 -0.500028193 -65.941680908
-0.499630660 0.046318058 0.864999354 304.246948242 0.096601956 0.995319903 0.002501742 -1.144760013 -0.860835254 0.084810555 -0.501766741 -67.243995667
-0.502238870 0.048939545 0.863343000 306.523010254 0.096080959 0.995373368 -0.000529953 -1.150598645 -0.859374464 0.082684644 -0.504617333 -68.543525696
-0.505359173 0.048161466 0.861564100 308.837036133 0.094331011 0.995540857 -0.000319963 -1.160956740 -0.857737601 0.081110515 -0.507648766 -69.910285950
-0.510276496 0.046257991 0.858765423 311.155822754 0.091640748 0.995791793 0.000813709 -1.168780804 -0.855113924 0.079113111 -0.512368262 -71.255645752
-0.515648365 0.043691713 0.855685472 313.454345703 0.089065842 0.996021748 0.002815005 -1.176982284 -0.852158368 0.077663906 -0.517488480 -72.605987549
-0.520089686 0.042233802 0.853066802 315.668762207 0.088201918 0.996092737 0.004459373 -1.195095658 -0.849545181 0.077561401 -0.521782696 -73.907302856
-0.524177730 0.042374276 0.850553989 317.981414795 0.088191099 0.996092379 0.004725293 -1.193288803 -0.847030103 0.077488177 -0.525866508 -75.334037781
-0.528399706 0.043805249 0.847864926 320.289978027 0.090657204 0.995869398 0.005046726 -1.191959739 -0.844141543 0.079531766 -0.530188382 -76.750549316
-0.532426596 0.044826843 0.845288336 322.575531006 0.091869816 0.995758176 0.005060107 -1.195413113 -0.841475904 0.080350615 -0.534286439 -78.172950745
-0.536414266 0.045014694 0.842753470 324.891082764 0.093227811 0.995625734 0.006159510 -1.203867555 -0.838789701 0.081872113 -0.538264513 -79.627281189
-0.539817691 0.043601207 0.840651989 327.106536865 0.091965921 0.995734572 0.007410440 -1.184195042 -0.836743176 0.081311621 -0.541524947 -81.043632507
-0.544107497 0.041945122 0.837966323 329.405456543 0.090761088 0.995831251 0.009085727 -1.188278675 -0.834092140 0.080998369 -0.545646131 -82.511886597
-0.548063755 0.040939163 0.835434079 331.623168945 0.088998459 0.995985687 0.009578250 -1.199071407 -0.831688344 0.079601832 -0.549507201 -83.933013916
-0.552519619 0.040726263 0.832504272 333.877441406 0.089839980 0.995896518 0.010905903 -1.201734543 -0.828643978 0.080817893 -0.553911150 -85.402938843
-0.556812882 0.040635049 0.829643428 336.139923096 0.090406880 0.995833755 0.011901451 -1.198136330 -0.825703263 0.081632353 -0.558166862 -86.893013000
-0.560538650 0.040605355 0.827132165 338.377105713 0.091482610 0.995720327 0.013115134 -1.182526588 -0.823059738 0.083019733 -0.561854422 -88.411308289
-0.564363480 0.039840784 0.824564517 340.724365234 0.089611381 0.995889127 0.013214731 -1.151000977 -0.820648313 0.081348285 -0.565613627 -89.971725464
-0.568270624 0.038903512 0.821921527 342.991668701 0.089214556 0.995906234 0.014543684 -1.135654926 -0.817991078 0.081592113 -0.569414914 -91.507339478
-0.570425868 0.039429229 0.820402265 345.198486328 0.091024809 0.995728970 0.015433989 -1.122116566 -0.816289783 0.083480902 -0.571578562 -93.060295105
-0.574001431 0.037898239 0.817976832 347.385375977 0.088523135 0.995945990 0.015975773 -1.121616840 -0.814055264 0.081579991 -0.575029314 -94.544822693
-0.577466011 0.036832001 0.815583527 349.627441406 0.084785931 0.996285677 0.015039304 -1.106680870 -0.812000215 0.077834696 -0.578444064 -96.104278564
-0.580542803 0.036197454 0.813424766 351.871582031 0.081224352 0.996602833 0.013621084 -1.085451603 -0.810168326 0.073977523 -0.581510663 -97.672119141
-0.583442271 0.033161208 0.811477184 354.126495361 0.078641817 0.996777534 0.015808973 -1.078936100 -0.808338165 0.073039681 -0.584169984 -99.266128540
-0.586636007 0.032602295 0.809194088 356.364990234 0.079480425 0.996683478 0.017464200 -1.059066772 -0.805941045 0.074560232 -0.587281704 -100.876060486
-0.589720964 0.033257023 0.806921959 358.602905273 0.079490267 0.996690333 0.017015440 -1.033565521 -0.803685546 0.074176811 -0.590412796 -102.483245850
-0.592983127 0.032012783 0.804578185 360.743713379 0.077955939 0.996797979 0.017793529 -1.029715061 -0.801432371 0.073272936 -0.593579948 -104.035247803
-0.595942736 0.028578332 0.802518129 362.959930420 0.076164789 0.996872723 0.021059824 -1.008702755 -0.799406767 0.073674083 -0.596255779 -105.660087585
-0.599925995 0.025528762 0.799648046 365.183074951 0.072526015 0.997110844 0.022578981 -0.976646423 -0.796761394 0.071541011 -0.600044310 -107.274703979
-0.602191329 0.025493979 0.797944605 367.343322754 0.072325826 0.997122109 0.022725103 -0.941303253 -0.795068920 0.071396865 -0.602302074 -108.934776306
-0.604842782 0.025411814 0.795939445 369.529144287 0.072111584 0.997132123 0.022963086 -0.913550377 -0.793073297 0.071285486 -0.604940653 -110.579078674
-0.608082414 0.024630118 0.793491721 371.716400146 0.070654109 0.997231245 0.023190655 -0.874638557 -0.790723622 0.070165269 -0.608138919 -112.212936401
-0.612380505 0.024049517 0.790197313 373.804687500 0.070756011 0.997193098 0.024484500 -0.849287987 -0.787390590 0.070905030 -0.612363219 -113.744155884
-0.615532458 0.022613171 0.787787020 375.972869873 0.067652792 0.997414649 0.024229625 -0.817388535 -0.785202444 0.068210118 -0.615470946 -115.401603699
-0.619326890 0.018099666 0.784924567 378.108673096 0.056807507 0.998147070 0.021806298 -0.802901268 -0.783075392 0.058094837 -0.619207501 -117.038894653
-0.623233855 0.021059494 0.781751871 380.259460449 0.049260393 0.998709381 0.012367650 -0.778024197 -0.780482411 0.046217348 -0.623467028 -118.688423157
-0.625524938 0.031309199 0.779575586 382.342346191 0.060045060 0.998162866 0.008091594 -0.789745092 -0.777890027 0.051871169 -0.626255751 -120.356941223
-0.627409637 0.032590810 0.778007090 384.348693848 0.067539610 0.997636080 0.012675009 -0.785074234 -0.775754809 0.060498726 -0.628127635 -121.932647705
-0.629857242 0.023417227 0.776357949 386.470855713 0.066652693 0.997487843 0.023988016 -0.762471199 -0.773845851 0.066855364 -0.629835725 -123.639595032
-0.633760273 0.012996409 0.773420334 388.598205566 0.060495570 0.997629166 0.032807644 -0.711625099 -0.771160305 0.067580700 -0.633043885 -125.336563110
-0.637787759 0.006332889 0.770186067 390.587158203 0.054072510 0.997867048 0.036572196 -0.656129837 -0.768311739 0.064971194 -0.636769772 -126.862396240
-0.640789568 0.006041646 0.767692804 392.692871094 0.053134196 0.997920215 0.036497343 -0.590677261 -0.765875757 0.064177856 -0.639777720 -128.591812134
-0.644240797 0.010944452 0.764744461 394.807586670 0.058384828 0.997683704 0.034906805 -0.535057068 -0.762591004 0.067137852 -0.643387496 -130.315979004
-0.646945238 0.017753109 0.762329757 396.838714600 0.062378231 0.997610450 0.029704489 -0.471654892 -0.759980798 0.066769958 -0.646506727 -131.968017578
-0.650257289 0.020984663 0.759424210 398.920898438 0.063977659 0.997580111 0.027215427 -0.424522400 -0.757015407 0.066283211 -0.650026381 -133.715545654
-0.653669119 0.020862387 0.756492853 400.965148926 0.063955836 0.997566760 0.027752185 -0.395818710 -0.754073143 0.066522881 -0.653412879 -135.431182861
-0.657325506 0.020562667 0.753326178 403.034484863 0.064865507 0.997461557 0.029372785 -0.343019485 -0.750809908 0.068172373 -0.656990767 -137.197555542
-0.659441769 0.019851904 0.751493514 405.082458496 0.065150902 0.997399211 0.030822560 -0.283550262 -0.748927176 0.069286168 -0.659020126 -138.968521118
-0.662051976 0.020270484 0.749183774 407.137695312 0.065816402 0.997344553 0.031176891 -0.229766846 -0.746562362 0.069949307 -0.661628127 -140.750000000
-0.663284302 0.020490684 0.748086989 409.194793701 0.065947011 0.997336686 0.031153470 -0.172565460 -0.745456219 0.069997706 -0.662869036 -142.539733887
-0.665000856 0.021019164 0.746546805 411.240356445 0.066436991 0.997305810 0.031100690 -0.117486000 -0.743881762 0.070280313 -0.664605618 -144.337219238
-0.665988743 0.020240003 0.745687127 413.254791260 0.067576095 0.997158587 0.033287987 -0.069316864 -0.742894650 0.072560042 -0.665464222 -146.107055664
-0.667179585 0.019959316 0.744629443 415.284210205 0.069735624 0.996924281 0.035760406 -0.007547379 -0.741625488 0.075785801 -0.666519403 -147.918304443
-0.667913556 0.019194603 0.743991315 417.307312012 0.070745192 0.996778131 0.037794668 0.057197571 -0.740868807 0.077877380 -0.667119563 -149.695434570
-0.669571102 0.019500079 0.742492080 419.341247559 0.069587700 0.996905148 0.036571678 0.127911568 -0.739480913 0.076155655 -0.668855906 -151.510910034
-0.670878708 0.019669868 0.741306126 421.331695557 0.066025302 0.997262418 0.033291169 0.192173004 -0.738621950 0.071279302 -0.670340776 -153.296478271
-0.672380507 0.019222770 0.739956021 423.351074219 0.063347109 0.997489512 0.031648986 0.253523827 -0.737490118 0.068154238 -0.671910167 -155.110733032
-0.673650563 0.018472573 0.738819122 425.343597412 0.062873229 0.997495830 0.032387190 0.306416512 -0.736370742 0.068269588 -0.673125088 -156.907669067
-0.674132586 0.016723514 0.738420963 427.297912598 0.060283862 0.997653961 0.032440905 0.354869843 -0.736146033 0.066384345 -0.673559248 -158.678421021
-0.675440609 0.015898339 0.737242997 429.310638428 0.057586491 0.997851551 0.031240821 0.412412643 -0.735162437 0.063556559 -0.674905002 -160.494461060
-0.676442862 0.014717017 0.736348152 431.294769287 0.055599153 0.997967720 0.031130025 0.470360756 -0.734393597 0.061998013 -0.675886273 -162.277267456
-0.676894546 0.014212961 0.735942662 433.207641602 0.057244040 0.997801960 0.033380948 0.524127007 -0.733850718 0.064723700 -0.676220477 -164.046829224
-0.676404834 0.013038045 0.736414552 435.201751709 0.059673078 0.997526467 0.037149403 0.588377953 -0.734108746 0.069072157 -0.675509751 -165.878875732
-0.675821662 0.012717148 0.736955345 437.163665771 0.064774312 0.997007370 0.042196322 0.671062469 -0.734213352 0.076252967 -0.674623072 -167.686553955
-0.674492478 0.012282725 0.738179445 439.178955078 0.068953320 0.996539176 0.046422690 0.752790451 -0.735054612 0.082211688 -0.673005104 -169.507965088
-0.673847616 0.009405756 0.738810420 441.191558838 0.063199103 0.996988177 0.044949472 0.843248367 -0.736162543 0.076981261 -0.672412515 -171.308868408
-0.672900617 0.008373881 0.739685476 443.161926270 0.055809356 0.997660756 0.039476056 0.926391602 -0.737624586 0.067844830 -0.671793878 -173.083679199
-0.671252906 0.006107892 0.741203129 445.167663574 0.051032905 0.997974038 0.037992917 0.995969772 -0.739469528 0.063328594 -0.670204699 -174.889770508
-0.668643773 0.006022296 0.743558466 447.130279541 0.049595293 0.998101711 0.036514573 1.054948807 -0.741927087 0.061292242 -0.667673171 -176.645202637
-0.666108251 0.006784210 0.745824158 449.152252197 0.051281024 0.998008907 0.036721814 1.128971100 -0.744089961 0.062707327 -0.665129960 -178.439712524
-0.662841976 0.006640715 0.748729825 451.175537109 0.051979773 0.997956455 0.037165914 1.201553345 -0.746952891 0.063553929 -0.661832511 -180.253707886
-0.660037994 0.007396048 0.751195788 453.199707031 0.049828518 0.998180509 0.033954021 1.270871162 -0.749577940 0.059841909 -0.659205437 -182.045471191
-0.659640789 0.002618426 0.751576543 455.211273193 0.042855907 0.998497963 0.034134939 1.336397171 -0.750358164 0.054726288 -0.658762276 -183.762329102
-0.658588767 -0.003398580 0.752495348 457.254455566 0.034744058 0.998786032 0.034919158 1.400440216 -0.751700580 0.049142104 -0.657671213 -185.537261963
-0.658220947 -0.007377060 0.752788663 459.270324707 0.026748840 0.999091387 0.033179305 1.458114624 -0.752349436 0.041975535 -0.657425582 -187.273620605
-0.657485843 -0.008039290 0.753424108 461.307861328 0.025244834 0.999146640 0.032691490 1.514145851 -0.753043890 0.040514257 -0.656721890 -189.026641846
-0.656548023 -0.006651230 0.754254878 463.344177246 0.029246219 0.998984694 0.034266964 1.576087952 -0.753717005 0.044557013 -0.655686915 -190.789337158
-0.655298293 -0.007097990 0.755336821 465.374481201 0.031979501 0.998798609 0.037129894 1.639190674 -0.754692972 0.048486453 -0.654284060 -192.546890259
-0.654404283 -0.009604932 0.756083846 467.430053711 0.029378245 0.998841345 0.038116217 1.714101791 -0.755573928 0.047155824 -0.653363883 -194.296707153
-0.654245853 -0.010263285 0.756212234 469.491394043 0.027253672 0.998938560 0.037136387 1.783645630 -0.755790710 0.044905879 -0.653271616 -196.041717529
-0.652906537 -0.009635010 0.757377207 471.496124268 0.025437899 0.999076128 0.034638856 1.855056763 -0.757011235 0.041882019 -0.652058184 -197.741485596
-0.652241170 -0.008167191 0.757967591 473.542327881 0.026438884 0.999088407 0.033516314 1.914038658 -0.757550359 0.041900538 -0.651430666 -199.479492188
-0.651621103 -0.007529441 0.758507252 475.589080811 0.028397894 0.999007523 0.034312967 1.968095779 -0.758012831 0.043899059 -0.650760651 -201.206817627
