1.000000000 0.000000000 0.000000000 0.000000000 0.000000000 1.000000000 0.000000000 0.000000000 0.000000000 0.000000000 1.000000000 0.000000000
0.999996483 -0.002300249 -0.001312134 0.002233936 0.002304151 0.999992907 0.002980170 -0.017772628 0.001305269 -0.002983183 0.999994695 1.544555902
0.999993443 -0.002535258 -0.002584356 -0.011074751 0.002545018 0.999989629 0.003780131 -0.034655023 0.002574746 -0.003786683 0.999989510 3.074929237
0.999991655 -0.001468396 -0.003803955 -0.028337497 0.001482181 0.999992430 0.003623469 -0.049632564 0.003798605 -0.003629077 0.999986172 4.617440701
0.999986351 -0.000860651 -0.005150067 -0.043538921 0.000878690 0.999993503 0.003501277 -0.068655640 0.005147021 -0.003505754 0.999980569 6.145866394
0.999976456 -0.001237338 -0.006741679 -0.053176086 0.001266522 0.999989748 0.004326183 -0.091699682 0.006736259 -0.004334620 0.999967933 7.688044548
0.999965429 -0.001079053 -0.008236142 -0.083012328 0.001115270 0.999989748 0.004393973 -0.105470911 0.008231317 -0.004403008 0.999956369 9.217164040
0.999951363 -0.002920762 -0.009416742 -0.103975855 0.002952787 0.999989927 0.003388716 -0.117960460 0.009406751 -0.003416358 0.999949932 10.736718178
0.999931931 -0.004094339 -0.010921543 -0.122499235 0.004138384 0.999983430 0.004013413 -0.136755228 0.010904931 -0.004058338 0.999932289 12.270175934
0.999921441 -0.003699927 -0.011974596 -0.154566139 0.003741835 0.999986947 0.003479144 -0.145645082 0.011961568 -0.003523677 0.999922276 13.748276711
0.999912322 -0.003216161 -0.012846043 -0.184371933 0.003259157 0.999989092 0.003327446 -0.156352773 0.012835205 -0.003369021 0.999912024 15.260928154
0.999907911 -0.001782691 -0.013447231 -0.220392525 0.001834445 0.999990940 0.003837382 -0.168627113 0.013440268 -0.003861697 0.999902129 16.747671127
0.999902487 -0.000451601 -0.013950802 -0.251448005 0.000516954 0.999988973 0.004681282 -0.184214219 0.013948534 -0.004688038 0.999891698 18.252651215
0.999902248 0.000296762 -0.013972936 -0.289149970 -0.000214998 0.999982834 0.005852770 -0.201395020 0.013974433 -0.005849194 0.999885261 19.731298447
0.999890149 0.001040917 -0.014781269 -0.306439012 -0.000965626 0.999986529 0.005099918 -0.207981437 0.014786378 -0.005085085 0.999877751 21.208175659
0.999882877 0.002233294 -0.015142011 -0.339635938 -0.002156487 0.999984801 0.005086893 -0.217693359 0.015153140 -0.005053645 0.999872446 22.694669724
0.999884248 0.002280856 -0.015037459 -0.371140987 -0.002196079 0.999981642 0.005651843 -0.233463988 0.015050076 -0.005618166 0.999870956 24.160097122
0.999884248 0.003216241 -0.014867952 -0.404306740 -0.003117315 0.999972939 0.006671984 -0.235898361 0.014889008 -0.006624864 0.999867201 25.618825912
0.999879241 0.003471106 -0.015146061 -0.427211404 -0.003382417 0.999976993 0.005877235 -0.259478390 0.015166115 -0.005825296 0.999868035 27.062879562
0.999876857 0.004239475 -0.015106086 -0.459384114 -0.004179717 0.999983370 0.003985327 -0.277533650 0.015122728 -0.003921697 0.999877989 28.524276733
0.999896169 0.002187907 -0.014242797 -0.498511136 -0.002135133 0.999990821 0.003719474 -0.288685679 0.014250806 -0.003688677 0.999891579 29.954458237
0.999901652 0.001633401 -0.013928216 -0.514376760 -0.001548993 0.999980390 0.006068904 -0.294497311 0.013937857 -0.006046732 0.999884546 31.393796921
0.999905646 -0.000043415 -0.013735907 -0.554287016 0.000141092 0.999974728 0.007110170 -0.306817800 0.013735252 -0.007111436 0.999880373 32.798454285
0.999905467 -0.000747739 -0.013725209 -0.574615896 0.000836800 0.999978602 0.006484275 -0.318010926 0.013720068 -0.006495147 0.999884784 34.216117859
0.999911547 -0.000924043 -0.013263674 -0.602144241 0.000984539 0.999989092 0.004555246 -0.330146760 0.013259321 -0.004567903 0.999901652 35.634723663
0.999926865 0.000018352 -0.012092127 -0.637193441 0.000029136 0.999992311 0.003926931 -0.349827886 0.012092109 -0.003926996 0.999919176 36.995777130
0.999935687 0.001286290 -0.011265016 -0.675756812 -0.001251337 0.999994397 0.003109258 -0.370866179 0.011268956 -0.003094962 0.999931693 38.364089966
0.999947965 0.001774514 -0.010046858 -0.697828889 -0.001734195 0.999990404 0.004020413 -0.384130418 0.010053896 -0.004002781 0.999941468 39.716129303
0.999963701 0.002095371 -0.008253898 -0.721063375 -0.002046159 0.999980152 0.005966273 -0.398882151 0.008266238 -0.005949168 0.999948144 41.058513641
0.999980152 0.001639321 -0.006090689 -0.745516479 -0.001594455 0.999971628 0.007363878 -0.421563029 0.006102590 -0.007354020 0.999954343 42.380531311
0.999988675 0.001573237 -0.004498023 -0.735419214 -0.001538290 0.999968708 0.007762325 -0.429322183 0.004510095 -0.007755318 0.999959767 43.661712646
0.999998271 0.001804582 -0.000456090 -0.775422454 -0.001801221 0.999971926 0.007265434 -0.454595774 0.000469188 -0.007264599 0.999973476 44.954387665
0.999994159 0.001095110 0.003268789 -0.778935194 -0.001112845 0.999984562 0.005428884 -0.464077353 -0.003262793 -0.005432489 0.999979854 46.214565277
0.999975204 0.001032919 0.006971677 -0.785122156 -0.001058152 0.999992907 0.003616668 -0.479531586 -0.006967892 -0.003623955 0.999969184 47.444587708
0.999939144 0.000938083 0.010990214 -0.766461790 -0.000985096 0.999990344 0.004273098 -0.496135235 -0.010986099 -0.004283665 0.999930441 48.691974640
0.999861300 0.001601017 0.016576188 -0.757094920 -0.001670551 0.999989808 0.004181815 -0.510614812 -0.016569326 -0.004208928 0.999853790 49.903141022
0.999726236 0.003087414 0.023191085 -0.753820658 -0.003168155 0.999988973 0.003445597 -0.528102517 -0.023180190 -0.003518126 0.999725103 51.120876312
0.999521971 0.004380339 0.030604951 -0.724700809 -0.004495090 0.999983013 0.003681633 -0.544769228 -0.030588306 -0.003817445 0.999524772 52.336452484
0.999227107 0.005132369 0.038972467 -0.679376364 -0.005309374 0.999976039 0.004439672 -0.554707706 -0.038948748 -0.004643160 0.999230385 53.553989410
0.998723388 0.008109810 0.049857114 -0.654222250 -0.008372403 0.999952137 0.005060357 -0.570793569 -0.049813692 -0.005471321 0.998743474 54.663761139
0.997933269 0.010687038 0.063363090 -0.602612734 -0.011023446 0.999926865 0.004962017 -0.580577016 -0.063305430 -0.005650242 0.997978151 55.832798004
0.996884108 0.012521200 0.077879928 -0.518577099 -0.012985607 0.999900699 0.005459537 -0.597898781 -0.077803843 -0.006453844 0.996947765 56.963256836
0.995426595 0.015035322 0.094339676 -0.420671463 -0.015709653 0.999856055 0.006409301 -0.600918651 -0.094229735 -0.007862032 0.995519400 58.117691040
0.993585825 0.015291875 0.112041295 -0.305092812 -0.016214544 0.999841690 0.007328460 -0.614100099 -0.111911491 -0.009098154 0.993676543 59.229850769
0.991288304 0.014226780 0.130938888 -0.167156219 -0.015255191 0.999860108 0.006854372 -0.641395211 -0.130823016 -0.008792154 0.991366744 60.298713684
0.988398433 0.013109613 0.151316732 -0.008787155 -0.014128022 0.999884129 0.005657137 -0.647640765 -0.151225075 -0.007729310 0.988469124 61.378578186
0.984975338 0.010395405 0.172382176 0.167860985 -0.011517968 0.999918401 0.005513096 -0.660875201 -0.172310799 -0.007415755 0.985014737 62.442607880
0.980888426 0.005385725 0.194496661 0.368758202 -0.006991345 0.999947011 0.007569760 -0.670899451 -0.194445550 -0.008784882 0.980874002 63.507743835
0.976053715 -0.000113945 0.217529595 0.608370781 -0.001860970 0.999958992 0.008873962 -0.677833796 -0.217521667 -0.009066280 0.976013362 64.547569275
0.970650136 -0.005304602 0.240437254 0.863543510 0.003365272 0.999958515 0.008475742 -0.690992296 -0.240472227 -0.007417844 0.970627666 65.506713867
0.963786602 -0.011158586 0.266441613 1.126333237 0.009777726 0.999930978 0.006508657 -0.696466446 -0.266495883 -0.003667763 0.963829100 66.530670166
0.956022620 -0.014579655 0.292930573 1.426664352 0.013035453 0.999888957 0.007223040 -0.703630686 -0.293003410 -0.003086906 0.956106424 67.514556885
0.947253585 -0.017241692 0.320020974 1.748144150 0.014996832 0.999842584 0.009478055 -0.711249411 -0.320134014 -0.004178819 0.947363079 68.474708557
0.937315524 -0.021575056 0.347813785 2.097969055 0.018529147 0.999755323 0.012081537 -0.713672519 -0.347989321 -0.004879519 0.937485754 69.416427612
0.926147521 -0.024351388 0.376374722 2.462673187 0.021404924 0.999698699 0.012009145 -0.725042462 -0.376553833 -0.003065965 0.926389694 70.326606750
0.914030731 -0.023878468 0.404941648 2.848552704 0.022523500 0.999713421 0.008110929 -0.732834458 -0.405019283 0.001707065 0.914306521 71.195724487
0.900921941 -0.024733802 0.433275759 3.281944275 0.026192693 0.999653459 0.002602641 -0.732121229 -0.433190048 0.009003883 0.901257753 72.054412842
0.886583209 -0.026653387 0.461800605 3.719795227 0.029901588 0.999552846 0.000284152 -0.747319162 -0.461601734 0.013556646 0.886983752 72.878471375
0.870443404 -0.027226482 0.491515040 4.184556961 0.029470971 0.999560595 0.003177327 -0.743624449 -0.491385579 0.011719742 0.870863378 73.744552612
0.852792323 -0.026791792 0.521562338 4.686138153 0.025509385 0.999628127 0.009639538 -0.773542821 -0.521626592 0.005084209 0.853158712 74.524932861
0.832861185 -0.026936619 0.552826047 5.211986542 0.023501435 0.999635279 0.013301407 -0.780557096 -0.552982748 0.001913979 0.833190560 75.327743530
0.811409891 -0.020556051 0.584116101 5.753116608 0.019312741 0.999778569 0.008356134 -0.783752978 -0.584158480 0.004500631 0.811627150 76.097549438
0.788988173 -0.013826941 0.614252806 6.310024261 0.016587585 0.999861717 0.001200839 -0.791940808 -0.614184439 0.009241525 0.789108515 76.835601807
0.766263902 -0.011323372 0.642426074 6.903900146 0.015688004 0.999876320 -0.001088349 -0.794065118 -0.642334282 0.010912346 0.766346991 77.557350159
0.742856145 -0.013908882 0.669306517 7.535678864 0.016944168 0.999854505 0.001971855 -0.801561296 -0.669236541 0.009876040 0.742983818 78.240325928
0.718020678 -0.014336992 0.695874155 8.175777435 0.017378110 0.999845505 0.002668491 -0.818823874 -0.695804834 0.010176945 0.718158841 78.904655457
0.692306757 -0.012455032 0.721495807 8.832157135 0.017867602 0.999840319 0.000115287 -0.835070610 -0.721382082 0.012811584 0.692418814 79.547729492
0.666480362 -0.010300299 0.745451391 9.517299652 0.017895592 0.999837399 -0.002184493 -0.847610712 -0.745307803 0.014796216 0.666556418 80.145339966
0.639264405 -0.007645911 0.768948853 10.166057587 0.016297797 0.999860704 -0.003607205 -0.846767128 -0.768814147 0.014838132 0.639299929 80.684982300
0.610926270 -0.005953694 0.791665137 10.898052216 0.016044116 0.999859512 -0.004861796 -0.860266328 -0.791524887 0.015671765 0.610935926 81.248619080
0.581916392 0.000408428 0.813248575 11.637268066 0.014840254 0.999828041 -0.011121009 -0.878315568 -0.813113213 0.018540310 0.581810296 81.785400391
0.551810622 0.009750746 0.833912492 12.405418396 0.014054317 0.999680936 -0.020988960 -0.892385006 -0.833850980 0.023302000 0.551497459 82.291862488
0.521613181 0.017947448 0.852993369 13.215480804 0.013137555 0.999491274 -0.029063579 -0.917634487 -0.853080869 0.026366193 0.521112084 82.761032104
0.488840997 0.022897357 0.872072399 13.992870331 0.010573778 0.999426544 -0.032168340 -0.948000789 -0.872308791 0.024946302 0.488318563 83.226608276
0.456272542 0.022503201 0.889555573 14.821617126 0.008829529 0.999516487 -0.029813759 -0.975188971 -0.889796197 0.021457553 0.455853164 83.656845093
0.423440486 0.020992761 0.905680716 15.681718826 0.004260317 0.999674320 -0.025163295 -1.006979585 -0.905913830 0.014513646 0.423213184 84.053924561
0.389821947 0.022364406 0.920618653 16.569473267 0.000162673 0.999703348 -0.024354478 -1.039844036 -0.920890212 0.009643666 0.389702678 84.409698486
0.351392180 0.025626777 0.935877562 17.435632706 -0.008171218 0.999671161 -0.024305578 -1.080922246 -0.936192691 0.000893531 0.351486027 84.867614746
0.315058976 0.027378811 0.948677123 18.340171814 -0.012985508 0.999614537 -0.024536334 -1.111573815 -0.948983252 -0.004588662 0.315293044 85.181800842
0.279061824 0.026920905 0.959895730 19.262039185 -0.015607591 0.999602020 -0.023497039 -1.138446093 -0.960146248 -0.008424533 0.279370993 85.452133179
0.242928386 0.026377201 0.969685495 20.194099426 -0.016532272 0.999597549 -0.023049150 -1.173353434 -0.969903350 -0.010431812 0.243266702 85.689010620
0.207459047 0.025875954 0.977901399 21.135314941 -0.015561329 0.999610901 -0.023149109 -1.202531219 -0.978119969 -0.010414951 0.207781017 85.880805969
0.172463343 0.024819765 0.984703183 22.112678528 -0.012911817 0.999653518 -0.022935187 -1.224704981 -0.984931231 -0.008758830 0.172724083 86.049606323
0.137302533 0.023587111 0.990248322 23.036903381 -0.004832896 0.999720395 -0.023142634 -1.266234040 -0.990517318 -0.001608225 0.137378201 86.174537659
0.103707552 0.027012108 0.994240940 24.014778137 -0.003370385 0.999634862 -0.026807096 -1.305325031 -0.994602084 -0.000570877 0.103760645 86.266540527
0.071086198 0.032891218 0.996927798 24.989545822 -0.003049847 0.999458671 -0.032757249 -1.322389126 -0.997465491 -0.000711888 0.071148098 86.335174561
0.041303597 0.036144175 0.998492658 25.964277267 0.005030745 0.999325275 -0.036382414 -1.376268387 -0.999134004 0.006525886 0.041093897 86.398567200
0.015331754 0.034175754 0.999298334 26.949661255 0.006823340 0.999388874 -0.034283537 -1.417470694 -0.999859214 0.007344178 0.015089191 86.420188904
-0.007188767 0.031449288 0.999479532 27.942886353 0.008057584 0.999474645 -0.031391185 -1.453877449 -0.999941647 0.007827726 -0.007438395 86.409347534
-0.025905550 0.028355921 0.999262214 28.932172775 0.008526813 0.999567389 -0.028143529 -1.502452135 -0.999628067 0.007791447 -0.026136123 86.382385254
-0.041571274 0.031791881 0.998629630 29.942081451 0.010487608 0.999452412 -0.031381484 -1.537222505 -0.999080539 0.009168669 -0.041881930 86.332778931
-0.057146344 0.035443135 0.997736514 30.902919769 0.013519846 0.999305487 -0.034724507 -1.587630510 -0.998274267 0.011504864 -0.057585839 86.277542114
-0.067983285 0.041307982 0.996830881 31.935039520 0.017810013 0.999033511 -0.040184628 -1.627476573 -0.997527421 0.015021695 -0.068653263 86.199523926
-0.076559827 0.044511072 0.996070862 32.944728851 0.023140451 0.998813272 -0.042855002 -1.677093029 -0.996796370 0.019768564 -0.077498972 86.108695984
-0.082852110 0.049787514 0.995317340 33.935977936 0.027504981 0.998485029 -0.047656406 -1.731131911 -0.996182263 0.023427753 -0.084096000 86.024299622
-0.086565129 0.054647543 0.994746208 34.945426941 0.028832683 0.998213589 -0.052328940 -1.786756396 -0.995828927 0.024151346 -0.087986127 85.943305969
-0.089287654 0.058952823 0.994259596 35.948207855 0.031503476 0.997914493 -0.056340419 -1.844128489 -0.995507479 0.026292130 -0.090958670 85.850334167
-0.092393413 0.061722573 0.993807733 36.930347443 0.031941075 0.997746944 -0.058997706 -1.913743973 -0.995210171 0.026292279 -0.094156727 85.759437561
-0.094646960 0.065788656 0.993334711 37.949558258 0.032693524 0.997481048 -0.062948160 -1.963708639 -0.994973898 0.026517754 -0.096559428 85.676414490
-0.096733406 0.069431573 0.992885649 38.967884064 0.033808630 0.997217357 -0.066440620 -2.035622358 -0.994735956 0.027141079 -0.098811612 85.575553894
-0.099431649 0.071048409 0.992504716 39.982448578 0.036604874 0.997033656 -0.067705438 -2.108294964 -0.994370759 0.029598443 -0.101737425 85.477363586
-0.101636045 0.069497205 0.992391169 41.016815186 0.036963668 0.997131884 -0.066043541 -2.188391447 -0.994134665 0.029970009 -0.103913404 85.378707886
-0.103782997 0.068855539 0.992213726 42.044593811 0.036522958 0.997191846 -0.065380789 -2.269795895 -0.993929088 0.029453168 -0.106006354 85.266578674
-0.105706334 0.070412286 0.991901278 43.096885681 0.036101379 0.997103989 -0.066934310 -2.347976923 -0.993741870 0.028733620 -0.107942186 85.151283264
-0.107392669 0.073084109 0.991526842 44.128223419 0.034844082 0.996958494 -0.069710478 -2.412665367 -0.993605971 0.027062448 -0.109612584 85.026916504
-0.111176126 0.075207733 0.990950882 45.133121490 0.032509603 0.996873975 -0.072009966 -2.486454487 -0.993268967 0.024209626 -0.113273554 84.942848206
-0.113364965 0.078158595 0.990474463 46.183261871 0.030418990 0.996706724 -0.075168766 -2.583655357 -0.993087709 0.021607723 -0.115369134 84.817764282
-0.115919456 0.082423434 0.989832819 47.246555328 0.026860543 0.996446669 -0.079828523 -2.667004824 -0.992895305 0.017333766 -0.117721498 84.703506470
-0.118542410 0.084959820 0.989307523 48.291614532 0.024307834 0.996282458 -0.082646161 -2.750974417 -0.992651403 0.014250852 -0.120166920 84.580291748
-0.121180177 0.083459787 0.989115655 49.362957001 0.022424983 0.996434987 -0.081329994 -2.842866182 -0.992377162 0.012325321 -0.122619748 84.450454712
-0.125043526 0.078644902 0.989029288 50.405624390 0.019959856 0.996851087 -0.076743327 -2.944214106 -0.991950512 0.010144630 -0.126219526 84.348396301
-0.127596021 0.077609994 0.988785028 51.461704254 0.019699812 0.996935487 -0.075707585 -3.022407532 -0.991630614 0.009818893 -0.128733903 84.214149475
-0.128377482 0.077936530 0.988658249 52.592529297 0.019169675 0.996915996 -0.076098315 -3.110654593 -0.991540015 0.009182948 -0.129475608 84.047180176
-0.130075574 0.080507904 0.988230169 53.654769897 0.020120397 0.996707082 -0.078550152 -3.198198557 -0.991299808 0.009666123 -0.131267101 83.914756775
-0.130779907 0.083419494 0.987895608 54.728244781 0.020782612 0.996465564 -0.081391908 -3.288830519 -0.991193593 0.009886627 -0.132051319 83.776809692
-0.130907625 0.084311634 0.987802982 55.808547974 0.019515209 0.996403456 -0.082459450 -3.376977444 -0.991202414 0.008482607 -0.132082164 83.630912781
-0.131268129 0.082826287 0.987880707 56.900981903 0.016649190 0.996547282 -0.081340581 -3.473307848 -0.991207004 0.005769987 -0.132193893 83.495437622
-0.130663425 0.081738122 0.988051593 58.005027771 0.013318542 0.996650398 -0.080688179 -3.581623554 -0.991337299 0.002616414 -0.131314382 83.337821960
-0.130442813 0.083252430 0.987954438 59.129592896 0.008716612 0.996526003 -0.082823865 -3.675958633 -0.991417527 -0.002192162 -0.130715325 83.195106506
-0.130721331 0.083457664 0.987900257 60.232284546 0.004527439 0.996490479 -0.083584264 -3.769795418 -0.991408825 -0.006453589 -0.130640388 83.053825378
-0.131651938 0.083047673 0.987811208 61.325595856 0.000466074 0.996489584 -0.083715186 -3.862807274 -0.991295874 -0.010560874 -0.131228492 82.930969238
-0.132098332 0.077551514 0.988198280 62.433330536 0.001498724 0.996949196 -0.078037940 -3.963329554 -0.991235435 -0.008827647 -0.131811559 82.790130615
-0.132555112 0.069086023 0.988765001 63.535812378 0.004999983 0.997601926 -0.069033146 -4.051200867 -0.991163015 -0.004206889 -0.132582650 82.647117615
-0.133493125 0.063091740 0.989039481 64.624732971 0.010522225 0.998005390 -0.062243484 -4.148373127 -0.990993977 0.002097819 -0.133890748 82.514015198
-0.130824968 0.066577226 0.989167452 65.781921387 0.018891666 0.997728765 -0.064654872 -4.204767704 -0.991225481 0.010228547 -0.131785601 82.312591553
-0.129600883 0.072347566 0.988923311 66.905494690 0.024486024 0.997263968 -0.069748789 -4.280204296 -0.991263866 0.015175297 -0.131017789 82.153381348
-0.129126534 0.078355297 0.988527536 68.016502380 0.028001891 0.996763885 -0.075350389 -4.361918926 -0.991232634 0.017950909 -0.130902752 82.009147644
-0.128258035 0.082569674 0.988297522 69.159332275 0.028879443 0.996416390 -0.079500102 -4.460128784 -0.991320252 0.018344956 -0.130182967 81.858001709
-0.128424361 0.079761632 0.988506556 70.305656433 0.026161112 0.996686101 -0.077022836 -4.551457882 -0.991374135 0.015968826 -0.130085394 81.713081360
-0.126948804 0.074597299 0.989100218 71.445419312 0.025769491 0.997079432 -0.071891643 -4.658501625 -0.991574466 0.016362049 -0.128500417 81.556022644
-0.126682207 0.072072566 0.989321530 72.601066589 0.023647951 0.997292876 -0.069625176 -4.753701210 -0.991661489 0.014575159 -0.128043607 81.408470154
-0.126771808 0.073117644 0.989233315 73.744628906 0.021100489 0.997252703 -0.071006313 -4.831886292 -0.991707444 0.011871709 -0.127966315 81.273200989
-0.127392992 0.078364246 0.988751769 74.886108398 0.021718528 0.996855319 -0.076208249 -4.920863628 -0.991614461 0.011765834 -0.128694341 81.147476196
-0.126325965 0.080787480 0.988693595 76.043052673 0.021863043 0.996662915 -0.078645214 -5.021476746 -0.991747797 0.011680918 -0.127670676 80.999702454
-0.125954285 0.080185890 0.988790154 77.236663818 0.020079695 0.996729791 -0.078271970 -5.105375290 -0.991832793 0.009995912 -0.127152517 80.846008301
-0.125337526 0.073451042 0.989391506 78.414253235 0.021746907 0.997219443 -0.071277246 -5.201210022 -0.991875768 0.012582492 -0.126586348 80.692497253
-0.126462206 0.072124287 0.989345968 79.587028503 0.020836154 0.997326374 -0.070042692 -5.287676811 -0.991752565 0.011756412 -0.127626896 80.553817749
-0.126162961 0.074821539 0.989183903 80.766807556 0.018258391 0.997157753 -0.073095970 -5.383475304 -0.991841435 0.008838901 -0.127170518 80.409133911
-0.125683948 0.078262597 0.988978446 81.952606201 0.017748328 0.996901274 -0.076634027 -5.464567661 -0.991911530 0.007921046 -0.126683503 80.267295837
-0.126245692 0.077683017 0.988952637 83.135261536 0.016930643 0.996952653 -0.076150127 -5.557754040 -0.991854489 0.007129981 -0.127176195 80.131385803
-0.126155213 0.073937945 0.989251256 84.323348999 0.016337980 0.997238219 -0.072451383 -5.660355091 -0.991876006 0.007022247 -0.127014771 79.987892151
-0.124967709 0.073266625 0.989451885 85.534446716 0.017241893 0.997279584 -0.071668588 -5.747342110 -0.992010951 0.008103766 -0.125891015 79.828796387
-0.123956516 0.072942749 0.989603043 86.722152710 0.018917896 0.997287035 -0.071139492 -5.853697777 -0.992107213 0.009903001 -0.125000149 79.688148499
-0.122191973 0.074192353 0.989729702 87.939453125 0.021581030 0.997164965 -0.072085343 -5.923695087 -0.992271841 0.012551134 -0.123446718 79.525985718
-0.121282071 0.073724456 0.989876509 89.153007507 0.021029359 0.997204900 -0.071693711 -6.012536049 -0.992395401 0.012121302 -0.122493461 79.380798340
-0.119779959 0.074388549 0.990009606 90.364501953 0.022246389 0.997139692 -0.072232723 -6.108829021 -0.992551148 0.013372107 -0.121092238 79.230758667
-0.119871624 0.072993509 0.990102410 91.570198059 0.022082835 0.997242749 -0.070846356 -6.198123932 -0.992543817 0.013371800 -0.121153019 79.114250183
-0.117642410 0.071729235 0.990462124 92.822181702 0.021515872 0.997337937 -0.069671623 -6.300623417 -0.992822826 0.013114320 -0.118872568 78.936698914
-0.116536133 0.071148321 0.990634739 94.046096802 0.022775296 0.997359991 -0.068952084 -6.389054775 -0.992925227 0.014526592 -0.117848910 78.798728943
-0.115200713 0.071955375 0.990732670 95.281280518 0.020530464 0.997332335 -0.070047453 -6.483672619 -0.993130028 0.012270683 -0.116370700 78.668060303
-0.113754116 0.074492820 0.990712285 96.511253357 0.021529010 0.997135699 -0.072503828 -6.582084179 -0.993275642 0.013081446 -0.115032047 78.528442383
-0.111874186 0.073460437 0.991003275 97.756973267 0.020216493 0.997225702 -0.071639434 -6.679707050 -0.993516684 0.012020010 -0.113048904 78.389320374
-0.111685529 0.072027944 0.991129816 99.006011963 0.016523557 0.997366548 -0.070619218 -6.776981354 -0.993606269 0.008489844 -0.112581566 78.261505127
-0.111930497 0.073235445 0.991013706 100.258941650 0.013876792 0.997298598 -0.072132558 -6.869314194 -0.993619204 0.005678256 -0.112644404 78.134094238
-0.111900657 0.072499134 0.991071224 101.525543213 0.011529617 0.997362673 -0.071657576 -6.961551666 -0.993652582 0.003408139 -0.112441421 77.992965698
-0.112527266 0.069931902 0.991184711 102.741165161 0.008418980 0.997551620 -0.069425322 -7.058063507 -0.993613005 0.000532525 -0.112840511 77.851692200
-0.113876373 0.068444893 0.991134405 103.991783142 0.006500146 0.997654021 -0.068148278 -7.158258438 -0.993473589 -0.001317960 -0.114054129 77.712158203
-0.115625873 0.067810059 0.990975440 105.256393433 0.004538096 0.997692585 -0.067740194 -7.250802517 -0.993282437 -0.003335377 -0.115666822 77.575096130
-0.117455274 0.067699462 0.990767837 106.528457642 0.004501243 0.997699678 -0.067639492 -7.350112438 -0.993067920 -0.003484929 -0.117489815 77.430862427
-0.119916335 0.066777021 0.990535676 107.798347473 0.003305207 0.997756600 -0.066863686 -7.437061310 -0.992778480 -0.004744122 -0.119868033 77.287734985
-0.122704327 0.061961599 0.990507066 109.082115173 0.001663011 0.998060584 -0.062228091 -7.531056404 -0.992441893 -0.005988431 -0.122569397 77.131980896
-0.127615318 0.061974518 0.989885569 110.269935608 0.000680044 0.998051107 -0.062398080 -7.609816551 -0.991823494 -0.007289784 -0.127408728 77.010650635
-0.133471936 0.067731693 0.988735318 111.515739441 -0.004537083 0.997609735 -0.068952076 -7.701327324 -0.991042137 -0.013689144 -0.132845581 76.861648560
-0.140787631 0.070834249 0.987502515 112.768257141 -0.003639752 0.997393489 -0.072062649 -7.795819759 -0.990033150 -0.013739794 -0.140162840 76.693984985
-0.148719251 0.066791773 0.986621201 114.017318726 -0.000871885 0.997707129 -0.067673698 -7.893238544 -0.988879085 -0.010924601 -0.148320049 76.485336304
-0.159799814 0.064131059 0.985064030 115.232887268 0.000030514 0.997887731 -0.064960979 -8.001861572 -0.987149477 -0.010350694 -0.159464270 76.298751831
-0.172818720 0.065498114 0.982773483 116.387329102 0.001890124 0.997806728 -0.066167645 -8.087541580 -0.984951854 -0.009577446 -0.172563478 76.118278503
-0.187188238 0.065758042 0.980120659 117.622650146 0.004013825 0.997799754 -0.066177584 -8.180223465 -0.982315898 -0.008453632 -0.187040299 75.894226074
-0.201946139 0.063405976 0.977342010 118.857887268 0.004110032 0.997948289 -0.063893564 -8.274364471 -0.979388058 -0.008886152 -0.201792359 75.655960083
-0.217114851 0.065437973 0.973950267 120.048614502 0.008373566 0.997838616 -0.065176338 -8.377868652 -0.976110220 -0.005995313 -0.217193514 75.387786865
-0.231511235 0.070178658 0.970297635 121.174240112 0.009127072 0.997507393 -0.069968939 -8.429648399 -0.972789407 -0.007342622 -0.231574669 75.102516174
-0.246977732 0.074073687 0.966185868 122.366394043 0.008973000 0.997206151 -0.074158192 -8.523417473 -0.968979597 -0.009645838 -0.246952385 74.810798645
-0.263028115 0.071655259 0.962123573 123.547416687 0.005469437 0.997332811 -0.072782271 -8.628263474 -0.964772642 -0.013881507 -0.262718499 74.499816895
-0.279234618 0.065706111 0.957972288 124.750869751 0.000357798 0.997663081 -0.068324156 -8.733194351 -0.960222840 -0.018735709 -0.278605580 74.173912048
-0.294548333 0.061790038 0.953636885 125.897949219 -0.003902694 0.997821450 -0.065858342 -8.821900368 -0.955628574 -0.023120224 -0.293665469 73.823852539
-0.309002250 0.062549166 0.949002147 127.085609436 -0.006999644 0.997658372 -0.068035245 -8.929327011 -0.951035559 -0.027665719 -0.307840884 73.456634521
-0.323707968 0.064458966 0.943958759 128.241744995 -0.006964578 0.997487366 -0.070502542 -9.021291733 -0.946131408 -0.029396506 -0.322445631 73.078414917
-0.337264389 0.066270269 0.939074516 129.381195068 -0.005650383 0.997358680 -0.072412685 -9.122820854 -0.941392899 -0.029728353 -0.335999072 72.677452087
-0.352391243 0.066597611 0.933480144 130.496612549 -0.003387607 0.997367442 -0.072434388 -9.213405609 -0.935846686 -0.028687505 -0.351237893 72.279815674
-0.365970373 0.064905033 0.928360403 131.661773682 -0.003694496 0.997455716 -0.071192160 -9.299461365 -0.930619180 -0.029484045 -0.364799470 71.832534790
-0.380780160 0.063597247 0.922475934 132.781143188 -0.003699193 0.997519195 -0.070297822 -9.397803307 -0.924658179 -0.030180437 -0.379600227 71.388320923
-0.395289063 0.065018967 0.916252732 133.869613647 -0.005518262 0.997305572 -0.073151305 -9.488540649 -0.918540180 -0.033972036 -0.393865198 70.920974731
-0.410198033 0.067037575 0.909529269 134.960678101 -0.004690438 0.997126400 -0.075609393 -9.586584091 -0.911984384 -0.035280913 -0.408704877 70.457305908
-0.424823552 0.068403959 0.902688086 136.051269531 -0.003458255 0.997011185 -0.077179112 -9.691986084 -0.905269504 -0.035909232 -0.423317313 69.953460693
-0.439276546 0.070976943 0.895543575 137.134826660 -0.000804228 0.996842504 -0.079399936 -9.793586731 -0.898351431 -0.035598751 -0.437832415 69.433715820
-0.453728944 0.074672192 0.888005733 138.221923828 -0.000714309 0.996452272 -0.084156439 -9.896974564 -0.891139388 -0.038818516 -0.452065855 68.883575439
-0.468444198 0.075670786 0.880246520 139.238250732 -0.001174648 0.996271014 -0.086270019 -10.013470650 -0.883492410 -0.041446660 -0.466608524 68.331253052
-0.483932048 0.072840162 0.872068882 140.317642212 -0.002605194 0.996405482 -0.084671147 -10.123594284 -0.875101745 -0.043246999 -0.482002825 67.752281189
-0.499577641 0.068342619 0.863568962 141.378051758 -0.005161291 0.996630490 -0.081858896 -10.236175537 -0.866253614 -0.045352012 -0.497541636 67.143585205
-0.515497684 0.068780974 0.854125977 142.444244385 -0.005359964 0.996494949 -0.083480574 -10.335186005 -0.856874168 -0.047612131 -0.513322175 66.515068054
-0.531278729 0.068086900 0.844456673 143.472824097 -0.006502371 0.996408224 -0.084429331 -10.434103012 -0.847172081 -0.050346479 -0.528927743 65.891464233
-0.546956718 0.066584408 0.834508598 144.453033447 -0.007189932 0.996421576 -0.084215693 -10.548048019 -0.837130010 -0.052062400 -0.544520795 65.254028320
-0.562650681 0.066070132 0.824050248 145.493255615 -0.008137230 0.996310353 -0.085437469 -10.660808563 -0.826654673 -0.054776940 -0.560037076 64.565093994
-0.578116119 0.065937564 0.813285887 146.523742676 -0.007889642 0.996231198 -0.086378224 -10.768445969 -0.815916300 -0.056353182 -0.575417161 63.854064941
-0.593636811 0.062753260 0.802282631 147.546920776 -0.008528901 0.996408284 -0.084248297 -10.887881279 -0.804687858 -0.056855485 -0.590969384 63.127010345
-0.608014345 0.059721872 0.791676581 148.575408936 -0.008548488 0.996616423 -0.081747271 -10.982856750 -0.793879986 -0.056471150 -0.605446577 62.357906342
-0.622892976 0.057886623 0.780162454 149.573074341 -0.007729600 0.996754527 -0.080128796 -11.095439911 -0.782268882 -0.055941992 -0.620423913 61.577442169
-0.637732089 0.056061018 0.768215358 150.552337646 -0.008704896 0.996759593 -0.079965517 -11.203571320 -0.770209074 -0.057683811 -0.635177612 60.786808014
-0.652783275 0.056715753 0.755418599 151.542541504 -0.010121673 0.996451378 -0.083558634 -11.316562653 -0.757477105 -0.062191777 -0.649892807 59.970901489
-0.668178201 0.057319187 0.741790175 152.539062500 -0.011403142 0.996121764 -0.087243304 -11.401586533 -0.743914008 -0.066752806 -0.664933026 59.129405975
-0.684056759 0.054326747 0.727402866 153.494262695 -0.012796377 0.996175349 -0.086434104 -11.515894890 -0.729316533 -0.068433955 -0.680745304 58.263500214
-0.700255454 0.046589095 0.712370574 154.432357788 -0.016139938 0.996579945 -0.081041873 -11.634860992 -0.713709950 -0.068247624 -0.697108686 57.379920959
-0.716385305 0.043946397 0.696319461 155.329193115 -0.017562049 0.996562302 -0.080963574 -11.750104904 -0.697483838 -0.070229925 -0.713150799 56.463630676
-0.733848393 0.041257996 0.678059161 156.223449707 -0.018881066 0.996529460 -0.081070565 -11.864336967 -0.679050922 -0.072296001 -0.730522513 55.536319733
-0.751160800 0.037379496 0.659060240 157.113281250 -0.022106208 0.996411085 -0.081708260 -11.974117279 -0.659749150 -0.075945362 -0.747638583 54.575279236
-0.767118990 0.035299983 0.640532911 157.938873291 -0.021840069 0.996468961 -0.081071973 -12.085146904 -0.641132951 -0.076181129 -0.763639271 53.595218658
-0.782875776 0.037458841 0.621049285 158.752792358 -0.019403793 0.996230423 -0.084547885 -12.200408936 -0.621875226 -0.078241199 -0.779197931 52.589790344
-0.798034489 0.036990233 0.601475477 159.547286987 -0.015914511 0.996472478 -0.082397506 -12.315940857 -0.602401614 -0.075328238 -0.794630647 51.570041656
-0.811965644 0.038443431 0.582437873 160.303970337 -0.011542935 0.996576250 -0.081870146 -12.437276840 -0.583591044 -0.073198788 -0.808741868 50.511066437
-0.826320648 0.038624510 0.561873913 161.058563232 -0.011177015 0.996324480 -0.084927134 -12.540838242 -0.563089013 -0.076457106 -0.822851777 49.446144104
-0.840064406 0.040005066 0.541009665 161.765594482 -0.009972990 0.995969892 -0.089132942 -12.663388252 -0.542395115 -0.080272898 -0.836279750 48.381683350
-0.852814019 0.040291902 0.520658076 162.462249756 -0.007326303 0.995997787 -0.089076929 -12.784888268 -0.522163391 -0.079780541 -0.849105716 47.286289215
-0.863928139 0.039423123 0.502069771 163.125747681 -0.004944485 0.996219337 -0.086732477 -12.908853531 -0.503590882 -0.077413112 -0.860467017 46.149002075
-0.874178529 0.041052844 0.483866274 163.752944946 -0.002131047 0.996086180 -0.088361382 -13.033220291 -0.485599995 -0.078274772 -0.870669782 45.031223297
-0.883616328 0.043414604 0.466194630 164.368988037 0.000347194 0.995752394 -0.092071846 -13.154438972 -0.468211740 -0.081194334 -0.879877985 43.892223358
-0.892304599 0.041909415 0.449484348 164.960815430 -0.000334066 0.995619833 -0.093493670 -13.278261185 -0.451433688 -0.083574988 -0.888382196 42.730548859
-0.900116920 0.039098833 0.433890313 165.538543701 -0.001525581 0.995675445 -0.092887416 -13.413122177 -0.435645789 -0.084271468 -0.896164656 41.563014984
-0.907235146 0.037069365 0.418987095 166.091278076 -0.002370712 0.995642543 -0.093221553 -13.540506363 -0.420617044 -0.085567176 -0.903194129 40.398361206
-0.913821399 0.035254344 0.404583007 166.626373291 -0.002501052 0.995717645 -0.092413381 -13.672245979 -0.406108409 -0.085461222 -0.909819901 39.234100342
-0.919433177 0.032904189 0.391867161 167.129989624 -0.003433362 0.995783508 -0.091669336 -13.800887108 -0.393231153 -0.085629247 -0.915443540 38.011909485
-0.925281942 0.027905529 0.378252000 167.658889771 -0.006265347 0.996028960 -0.088808343 -13.911430359 -0.379228204 -0.084542632 -0.921432853 36.821399689
-0.930186450 0.024459742 0.366271466 168.144409180 -0.007284966 0.996351123 -0.085037671 -14.045745850 -0.367014945 -0.081769168 -0.926614225 35.621761322
-0.934470236 0.024923339 0.355167776 168.621810913 -0.004813447 0.996571362 -0.082597330 -14.147005081 -0.356008679 -0.078894332 -0.931146383 34.403877258
-0.937442780 0.028889250 0.346938670 169.065567017 -0.000483684 0.996442020 -0.084279716 -14.267217636 -0.348139048 -0.079175219 -0.934093416 33.183692932
-0.939796686 0.033527482 0.340085775 169.510818481 0.004717218 0.996353507 -0.085190289 -14.395710945 -0.341701865 -0.078457281 -0.936527789 32.008010864
-0.941629291 0.036784794 0.334635735 169.945617676 0.007985886 0.996173441 -0.087032795 -14.521594048 -0.336556733 -0.079280257 -0.938319921 30.794200897
-0.943557143 0.033637252 0.329497665 170.391586304 0.005629407 0.996314526 -0.085589714 -14.649236679 -0.331162333 -0.078903906 -0.940268934 29.575300217
-0.945191324 0.026350763 0.325452149 170.817214966 -0.000632007 0.996588707 -0.082525931 -14.758821487 -0.326516569 -0.078208469 -0.941950262 28.344171524
-0.946987808 0.020735208 0.320599616 171.242004395 -0.005613118 0.996694863 -0.081042595 -14.863133430 -0.321220487 -0.078545913 -0.943741500 27.134775162
-0.948610365 0.014205669 0.316127300 171.671493530 -0.012455407 0.996541560 -0.082156368 -14.979985237 -0.316201150 -0.081871875 -0.945152938 25.906013489
-0.949980497 0.011883719 0.312083185 172.089324951 -0.015368416 0.996286392 -0.084718689 -15.095027924 -0.311931044 -0.085277319 -0.946269989 24.697914124
-0.950273633 0.012862490 0.311150521 172.488571167 -0.014987415 0.996100008 -0.086949758 -15.216777802 -0.311055481 -0.087289408 -0.946374655 23.437194824
-0.950724542 0.013100090 0.309759945 172.905426025 -0.015337661 0.995896339 -0.089192361 -15.339218140 -0.309657276 -0.089548342 -0.946622133 22.213760376
-0.950643301 0.015291338 0.309908837 173.314041138 -0.013776352 0.995719910 -0.091389090 -15.458656311 -0.309979886 -0.091147833 -0.946363807 20.981647491
-0.950368583 0.016165189 0.310705990 173.732803345 -0.013278284 0.995632112 -0.092414826 -15.595514297 -0.310842782 -0.091953792 -0.946002781 19.744014740
-0.949857652 0.017318228 0.312202722 174.133850098 -0.012650874 0.995518923 -0.093712062 -15.731710434 -0.312426656 -0.092962757 -0.945382178 18.530414581
-0.949197114 0.018068837 0.314162731 174.533142090 -0.011956773 0.995558321 -0.093384445 -15.857386589 -0.314454705 -0.092396624 -0.944765091 17.337795258
-0.948511779 0.017761687 0.316243678 174.950408936 -0.012531694 0.995540321 -0.093500480 -15.987188339 -0.316494077 -0.092649356 -0.944059134 16.126945496
-0.947411001 0.016720725 0.319582134 175.374832153 -0.013874250 0.995548964 -0.093218341 -16.122968674 -0.319718361 -0.092750058 -0.942962110 14.913967133
-0.945644021 0.014546657 0.324878037 175.801681519 -0.015991807 0.995710433 -0.091132112 -16.253414154 -0.324810088 -0.091373928 -0.941355050 13.684761047
-0.943682134 0.012309610 0.330624163 176.230560303 -0.018011222 0.995914519 -0.088487737 -16.372394562 -0.330362588 -0.089459255 -0.939604998 12.488201141
-0.941178679 0.010192305 0.337755710 176.669738770 -0.019948673 0.996125698 -0.085647956 -16.489702225 -0.337320060 -0.087347791 -0.937328875 11.281997681
-0.938799500 0.012166974 0.344249159 177.122634888 -0.018398816 0.996178210 -0.085383736 -16.615131378 -0.343972325 -0.086491980 -0.934987783 10.089378357
-0.935353816 0.013274981 0.353464335 177.556762695 -0.017828016 0.996256113 -0.084593490 -16.742776871 -0.353263915 -0.085426413 -0.931615174 8.899742126
-0.931881130 0.015429734 0.362435490 178.024612427 -0.017718779 0.995966554 -0.087958515 -16.853530884 -0.362330794 -0.088388793 -0.927849054 7.740356445
-0.927812636 0.016865218 0.372665107 178.505081177 -0.016753692 0.996085763 -0.086789690 -16.970203400 -0.372670114 -0.086768091 -0.923898458 6.557079315
-0.923067868 0.018942123 0.384170413 178.995941162 -0.016086379 0.996011555 -0.087761573 -17.095241547 -0.384300500 -0.087189808 -0.919081628 5.395816803
-0.917392015 0.020922123 0.397434294 179.505752563 -0.015972191 0.995877147 -0.089294307 -17.216365814 -0.397664040 -0.088265792 -0.913275719 4.213901520
-0.911553979 0.023387613 0.410514623 180.021057129 -0.014523808 0.995926619 -0.088989727 -17.338722229 -0.410923690 -0.087081186 -0.907501280 3.085830688
-0.905471325 0.022393217 0.423816085 180.558731079 -0.015302388 0.996235073 -0.085331306 -17.474557877 -0.424131274 -0.083750464 -0.901719749 1.927757263
-0.899091125 0.025498679 0.437018126 181.118530273 -0.013525382 0.996207416 -0.085951842 -17.589330673 -0.437552422 -0.083189376 -0.895336449 0.776016235
-0.892709196 0.027714610 0.449780315 181.698974609 -0.012112482 0.996270597 -0.085428782 -17.699918747 -0.450470507 -0.081711002 -0.889044225 -0.352149963
-0.884930074 0.030233502 0.464741528 182.287261963 -0.009163391 0.996567190 -0.082279436 -17.823926926 -0.465633810 -0.077070154 -0.881615222 -1.516876221
-0.877279103 0.032040287 0.478909999 182.887344360 -0.006879797 0.996827543 -0.079292886 -17.940269470 -0.479931295 -0.072856791 -0.874275625 -2.630096436
-0.869202852 0.035518952 0.493178159 183.510131836 -0.003607113 0.996934533 -0.078157097 -18.044034958 -0.494442433 -0.069713332 -0.866410255 -3.737800598
-0.860454142 0.038350586 0.508082628 184.153549194 -0.000685387 0.997075379 -0.076420955 -18.157367706 -0.509527445 -0.066104971 -0.857911348 -4.821266174
-0.850018024 0.041497968 0.525116384 184.810028076 0.002848465 0.997239530 -0.074197203 -18.274524689 -0.526745796 -0.061573192 -0.847789824 -5.902374268
-0.839244723 0.044581182 0.541923225 185.479324341 0.005011144 0.997225106 -0.074276023 -18.367439270 -0.543730795 -0.059620094 -0.837139368 -6.953369141
-0.828212321 0.046292335 0.558499217 186.162963867 0.006386778 0.997297347 -0.073191904 -18.476621628 -0.560378134 -0.057051424 -0.826269627 -7.966766357
-0.816386402 0.049025629 0.575421393 186.879333496 0.008137520 0.997267783 -0.073421538 -18.574356079 -0.577448785 -0.055257827 -0.814554811 -8.998687744
-0.803599596 0.051520012 0.592936277 187.623809814 0.010021000 0.997276306 -0.073071614 -18.677200317 -0.595085979 -0.052778516 -0.801927149 -10.022804260
-0.790562034 0.052484948 0.610128701 188.371826172 0.011174927 0.997390926 -0.071318634 -18.767694473 -0.612280011 -0.049563654 -0.789085925 -10.979881287
-0.775423050 0.054429125 0.629091978 189.137619019 0.013246730 0.997460902 -0.069972463 -18.866914749 -0.631303191 -0.045924839 -0.774175107 -11.932258606
