1.000000000 0.000000000 0.000000000 0.000000000 0.000000000 1.000000000 0.000000000 0.000000000 0.000000000 0.000000000 1.000000000 0.000000000
0.999998152 0.000831954 0.001708667 -0.007232656 -0.000824238 0.999989510 -0.004511342 -0.002843439 -0.001712402 0.004509927 0.999988317 0.962276518
0.999996066 -0.001388562 0.002442836 -0.004871033 0.001401727 0.999984384 -0.005395869 0.000007233 -0.002435305 0.005399272 0.999982476 1.925782323
0.999992490 -0.003119562 0.002304412 -0.001373582 0.003122895 0.999994099 -0.001444283 0.000713870 -0.002299893 0.001451469 0.999996305 2.887996674
0.999980450 -0.005869194 0.002135497 -0.007654713 0.005859365 0.999972343 0.004580081 -0.000404680 -0.002162320 -0.004567477 0.999987245 3.848888159
0.999955714 -0.009394019 0.000599906 -0.002749606 0.009391217 0.999945760 0.004513764 0.003710013 -0.000642276 -0.004507930 0.999989629 4.797658443
0.999927521 -0.012039948 -0.000496837 0.001162799 0.012040704 0.999926329 0.001545011 0.008873899 0.000478198 -0.001550880 0.999998748 5.747060299
0.999920785 -0.012527581 -0.001153580 -0.002600314 0.012525422 0.999919772 -0.001859565 0.009853555 0.001176783 0.001844969 0.999997616 6.689903259
0.999921858 -0.012308235 -0.002160249 -0.004858278 0.012302485 0.999920785 -0.002655164 0.013506964 0.002192758 0.002628380 0.999994159 7.628553867
0.999927044 -0.011624797 -0.003261189 -0.011313347 0.011622636 0.999932230 -0.000681071 0.012039006 0.003268885 0.000643118 0.999994397 8.557580948
0.999928176 -0.011463560 -0.003489876 -0.020662213 0.011471264 0.999931812 0.002195625 0.009665148 0.003464469 -0.002235501 0.999991477 9.494839668
0.999920845 -0.011693379 -0.004667453 -0.029905997 0.011710469 0.999924779 0.003651260 0.013471629 0.004624406 -0.003705628 0.999982417 10.425703049
0.999903917 -0.012815594 -0.005274056 -0.037226312 0.012838726 0.999908030 0.004376007 0.020424437 0.005217490 -0.004443299 0.999976456 11.349548340
0.999902129 -0.012853200 -0.005525939 -0.053633515 0.012877741 0.999907255 0.004428796 0.022809040 0.005468502 -0.004499523 0.999974847 12.280559540
0.999885142 -0.013823982 -0.006205483 -0.058105495 0.013843617 0.999899209 0.003132079 0.024785923 0.006161560 -0.003217626 0.999975801 13.191162109
0.999870360 -0.013670933 -0.008496749 -0.059757818 0.013680175 0.999905884 0.001030444 0.026294908 0.008481862 -0.001146547 0.999963343 14.081871986
0.999838173 -0.014889272 -0.010091568 -0.069038317 0.014886403 0.999889135 -0.000359207 0.030363364 0.010095799 0.000208921 0.999948978 14.991800308
0.999822378 -0.014605062 -0.011908814 -0.080243140 0.014593849 0.999892950 -0.001027722 0.030621203 0.011922551 0.000853744 0.999928474 15.901808739
0.999833465 -0.013053871 -0.012748610 -0.111672461 0.013025760 0.999912500 -0.002285462 0.033713941 0.012777332 0.002119021 0.999916077 16.811075211
0.999829054 -0.011188045 -0.014714986 -0.121966302 0.011163671 0.999936223 -0.001737438 0.025241209 0.014733487 0.001572868 0.999890208 17.703718185
0.999787211 -0.012345508 -0.016532145 -0.135156244 0.012325029 0.999923110 -0.001340238 0.028643630 0.016547423 0.001136194 0.999862432 18.613397598
0.999765038 -0.012030914 -0.018035820 -0.154982448 0.012034160 0.999927580 0.000071481 0.028855491 0.018033655 -0.000288510 0.999837339 19.507188797
0.999755144 -0.011353539 -0.018992398 -0.181380406 0.011375248 0.999934793 0.001035357 0.024562340 0.018979406 -0.001251146 0.999819100 20.393575668
0.999698102 -0.012823892 -0.020953150 -0.192166209 0.012849269 0.999916971 0.001076972 0.022127628 0.020937597 -0.001345880 0.999779940 21.282297134
0.999671042 -0.012534510 -0.022372195 -0.217940181 0.012533871 0.999921441 -0.000168879 0.029792551 0.022372557 -0.000111587 0.999749720 22.153844833
0.999650598 -0.012157131 -0.023476334 -0.234042436 0.012166327 0.999925911 0.000248807 0.029687135 0.023471573 -0.000534340 0.999724329 23.014942169
0.999616325 -0.012059567 -0.024938136 -0.251752317 0.012114500 0.999924541 0.002052849 0.033485971 0.024911499 -0.002354173 0.999686897 23.882869720
0.999577761 -0.013116521 -0.025926296 -0.272512794 0.013253867 0.999898970 0.005132810 0.031946927 0.025856353 -0.005474267 0.999650657 24.733457565
0.999557316 -0.013165467 -0.026679942 -0.293147802 0.013344475 0.999889612 0.006542569 0.037433058 0.026590856 -0.006895702 0.999622643 25.568378448
0.999565125 -0.011959450 -0.026953228 -0.331215501 0.012110421 0.999911845 0.005444973 0.035317779 0.026885735 -0.005769020 0.999621868 26.420742035
0.999569237 -0.009772803 -0.027674453 -0.357249886 0.009842756 0.999948680 0.002392611 0.046295799 0.027649650 -0.002663974 0.999614120 27.241281509
0.999551296 -0.009344633 -0.028460154 -0.383075505 0.009371275 0.999955773 0.000802883 0.049446911 0.028451392 -0.001069231 0.999594629 28.049266815
0.999524057 -0.008529370 -0.029647531 -0.409676909 0.008549987 0.999963284 0.000568707 0.049219042 0.029641593 -0.000821923 0.999560297 28.840602875
0.999486566 -0.009053506 -0.030735165 -0.431944072 0.009056263 0.999958992 -0.000049535 0.049138244 0.030734353 -0.000228836 0.999527514 29.643283844
0.999428272 -0.008914982 -0.032612339 -0.461579621 0.008903275 0.999960303 -0.000504216 0.041648269 0.032615535 0.000213571 0.999468029 30.419719696
0.999361157 -0.008695796 -0.034665581 -0.490027845 0.008680128 0.999962091 -0.000602495 0.040795617 0.034669504 0.000301208 0.999398768 31.190488815
0.999273598 -0.008854854 -0.037065566 -0.518850327 0.008878869 0.999960423 0.000483297 0.041165654 0.037059817 -0.000812046 0.999312758 31.949764252
0.999194503 -0.008862365 -0.039138503 -0.548259139 0.008967178 0.999956548 0.002503188 0.044145968 0.039114624 -0.002852134 0.999230623 32.714355469
0.999125481 -0.008823804 -0.040870111 -0.576769948 0.008992300 0.999951780 0.003940753 0.048962124 0.040833373 -0.004304823 0.999156654 33.440551758
0.999052465 -0.007705464 -0.042835653 -0.611027181 0.007887330 0.999960542 0.004078309 0.051436670 0.042802550 -0.004412304 0.999073803 34.174839020
0.998981774 -0.005300961 -0.044800956 -0.647813439 0.005453225 0.999979734 0.003277137 0.053674206 0.044782676 -0.003518110 0.998990536 34.902019501
0.998898745 -0.003484394 -0.046789002 -0.687279642 0.003612686 0.999989927 0.002657686 0.054587901 0.046779271 -0.002823793 0.998901248 35.606708527
0.998843849 -0.003337376 -0.047956742 -0.729374290 0.003531068 0.999985874 0.003954742 0.057867676 0.047942869 -0.004119508 0.998841584 36.325893402
0.998794794 -0.001590458 -0.049054433 -0.769435763 0.001875650 0.999981642 0.005768346 0.059772819 0.049044356 -0.005853404 0.998779416 37.022510529
0.998787999 0.001234916 -0.049202945 -0.806693673 -0.000931422 0.999980390 0.006190707 0.060410723 0.049209625 -0.006137376 0.998769701 37.699806213
0.998825550 0.004534978 -0.048239138 -0.848614573 -0.004334821 0.999981523 0.004253071 0.058085732 0.048257545 -0.004038968 0.998826683 38.356311798
0.998882771 0.006027978 -0.046871059 -0.874729097 -0.005951332 0.999980748 0.001774646 0.046828814 0.046880856 -0.001493718 0.998899400 39.014320374
0.998991728 0.006196621 -0.044464778 -0.909873843 -0.006228371 0.999980390 -0.000575517 0.055677198 0.044460330 0.000851880 0.999010801 39.664638519
0.999137461 0.007515233 -0.040838059 -0.967265248 -0.007527668 0.999971628 -0.000150734 0.069673851 0.040835772 0.000458019 0.999165714 40.320190430
0.999157488 0.010851235 -0.039579105 -0.906439006 -0.010779121 0.999939799 0.002034949 0.084887467 0.039598797 -0.001606607 0.999214351 40.906185150
0.999244750 0.015048674 -0.035824649 -0.933651268 -0.014861119 0.999874413 0.005495874 0.086416945 0.035902854 -0.004959328 0.999342918 41.536808014
0.999289513 0.020286851 -0.031763446 -0.956392944 -0.020092485 0.999777496 0.006426458 0.088184342 0.031886745 -0.005783685 0.999474823 42.143882751
0.999371707 0.023884371 -0.026187692 -0.984077513 -0.023713622 0.999695539 0.006811574 0.088497028 0.026342414 -0.006186289 0.999633789 42.723731995
0.999407887 0.027863150 -0.020189114 -1.003852725 -0.027688183 0.999577165 0.008894802 0.090374291 0.020428408 -0.008330535 0.999756694 43.292255402
0.999375939 0.032583915 -0.013639199 -1.014878154 -0.032449596 0.999423802 0.009956468 0.096107960 0.013955759 -0.009507668 0.999857426 43.847526550
0.999332368 0.035934538 -0.006611936 -1.024088621 -0.035868455 0.999307930 0.009855478 0.092397362 0.006961513 -0.009611737 0.999929607 44.377204895
0.999221504 0.039435808 0.001063012 -1.034517050 -0.039444514 0.999171197 0.010049651 0.093420118 -0.000665821 -0.010083758 0.999948978 44.912178040
0.999021947 0.043451671 0.008187722 -1.033678532 -0.043530885 0.999004483 0.009759074 0.091100901 -0.007755522 -0.010105948 0.999918878 45.391849518
0.998735309 0.047663737 0.015997872 -1.031199813 -0.047771305 0.998837829 0.006410285 0.105833054 -0.015673749 -0.007166417 0.999851465 45.884674072
0.998426259 0.050539672 0.024309274 -1.036720872 -0.050658077 0.998706996 0.004279454 0.081384219 -0.024061564 -0.005504180 0.999695301 46.291187286
0.998185217 0.051018585 0.031992551 -1.014548898 -0.051170506 0.998682201 0.003947296 0.092440203 -0.031748999 -0.005577207 0.999480367 46.746555328
0.997943938 0.049824122 0.040316660 -0.999683738 -0.050051704 0.998735785 0.004654631 0.109425336 -0.040033773 -0.006662976 0.999176025 47.139999390
0.997523546 0.051266186 0.048151430 -0.974001646 -0.051584497 0.998654068 0.005390374 0.112531155 -0.047810271 -0.007860892 0.998825490 47.521747589
0.996913075 0.054093540 0.056904502 -0.953162193 -0.054493017 0.998498976 0.005490902 0.109898910 -0.056522064 -0.008574851 0.998364449 47.882598877
0.996066928 0.059468709 0.065682754 -0.936212301 -0.059944119 0.998187661 0.005289329 0.105211034 -0.065249160 -0.009205820 0.997826517 48.198246002
0.995157301 0.063141398 0.075333402 -0.936553001 -0.063710004 0.997955084 0.005166318 0.103465766 -0.074853152 -0.009940790 0.997144997 48.489158630
0.994504273 0.061862778 0.084464133 -0.893352985 -0.062584251 0.998022199 0.005918141 0.096110940 -0.083930962 -0.011171741 0.996408880 48.784126282
0.993593216 0.061286252 0.094955213 -0.848758698 -0.061966322 0.998069346 0.004227141 0.095091909 -0.094512805 -0.010084084 0.995472550 49.063556671
0.992460489 0.059731342 0.107023671 -0.817407608 -0.060062196 0.998194635 -0.000132115 0.093800709 -0.106838331 -0.006296958 0.994256377 49.324371338
0.990920186 0.060621988 0.120008253 -0.770554543 -0.060503669 0.998157144 -0.004632719 0.107393607 -0.120067939 -0.002670285 0.992761970 49.595470428
0.988772213 0.062342517 0.135804951 -0.740270138 -0.061979659 0.998053491 -0.006902661 0.106790394 -0.135970935 -0.001591985 0.990711451 49.884666443
0.986307740 0.063496552 0.152201429 -0.694362164 -0.062992088 0.997980773 -0.008138999 0.102007270 -0.152410924 -0.001559928 0.988315880 50.157398224
0.983569741 0.064493775 0.168615222 -0.630905151 -0.063807249 0.997917116 -0.009492410 0.102216780 -0.168876216 -0.001422424 0.985636175 50.386512756
0.980376661 0.063597605 0.186592937 -0.572893143 -0.062675066 0.997974992 -0.010845282 0.102473974 -0.186904848 -0.001062262 0.982377350 50.634056091
0.976460874 0.062456820 0.206454396 -0.513238907 -0.061514802 0.998045623 -0.010985376 0.093224645 -0.206737012 -0.001973210 0.978394568 50.900627136
0.972127974 0.062737644 0.225901216 -0.432600021 -0.061621357 0.998027503 -0.011996636 0.084658802 -0.226208270 -0.002258075 0.974076271 51.130336761
0.966822684 0.064923771 0.247060567 -0.351327896 -0.063455231 0.997887671 -0.013910292 0.071827054 -0.247441813 -0.002228500 0.968900084 51.338951111
0.960812330 0.065950185 0.269239813 -0.254876137 -0.063936375 0.997821629 -0.016251860 0.074111342 -0.269725144 -0.001599229 0.962935925 51.569725037
0.953410983 0.067481697 0.294029951 -0.161412239 -0.065256327 0.997716963 -0.017384404 0.068204284 -0.294531822 -0.002612834 0.955637991 51.819053650
0.945367813 0.069006905 0.318618476 -0.042887688 -0.066868328 0.997605503 -0.017659111 0.043722034 -0.319074184 -0.004611129 0.947718501 52.023174286
0.935350657 0.071869567 0.346343815 0.029264450 -0.069624081 0.997393429 -0.018938748 0.045159936 -0.346802145 -0.006399500 0.937916458 52.236812592
0.923990667 0.073068425 0.375369459 0.132146835 -0.070654772 0.997296035 -0.020210795 0.031529367 -0.375831217 -0.007847053 0.926654935 52.514125824
0.911532581 0.070620149 0.405118644 0.290100098 -0.067153879 0.997482598 -0.022782024 0.043644309 -0.405707598 -0.006438729 0.913980186 52.791973114
0.896759987 0.068148769 0.437238038 0.450183868 -0.063483000 0.997662306 -0.025296142 0.034037709 -0.437939793 -0.005072615 0.898989975 53.029445648
0.879426539 0.067142509 0.471275777 0.605825424 -0.060175046 0.997741163 -0.029857913 0.036356807 -0.472215980 -0.002101202 0.881480336 53.274711609
0.860056639 0.068324819 0.505602956 0.767810822 -0.058868598 0.997663021 -0.034681022 0.025146127 -0.506790996 0.000063509 0.862068892 53.542488098
0.837904274 0.070787482 0.541207492 0.873416901 -0.059570361 0.997491419 -0.038239781 -0.022493482 -0.542556763 -0.000198654 0.840019107 53.603973389
0.813283741 0.074007168 0.577141643 1.069921494 -0.060772151 0.997257411 -0.042241253 -0.022230983 -0.578684986 -0.000720016 0.815550804 53.833164215
0.785702586 0.077912003 0.613678336 1.278083801 -0.063643649 0.996953666 -0.045088194 -0.041644692 -0.615321815 -0.003630827 0.788267612 54.077095032
0.755860448 0.081704929 0.649614692 1.516332626 -0.066840641 0.996628702 -0.047577847 -0.061159492 -0.651311994 -0.007458458 0.758773386 54.309200287
0.723014712 0.082345046 0.685907423 1.784276962 -0.065982997 0.996562839 -0.050087415 -0.081246257 -0.687674284 -0.009044287 0.725962996 54.533023834
0.686282039 0.079556957 0.722971320 2.079395294 -0.062487841 0.996773958 -0.050369915 -0.123170972 -0.724646211 -0.010608952 0.689039290 54.803134918
0.647011042 0.078209139 0.758458912 2.339124680 -0.059317030 0.996873856 -0.052192491 -0.124367952 -0.760169804 -0.011220418 0.649627566 54.982215881
0.604392886 0.078389384 0.792820454 2.684587479 -0.057582662 0.996842921 -0.054664776 -0.126152277 -0.794602752 -0.012613711 0.606998682 55.215911865
0.558502734 0.078249536 0.825803638 3.059854507 -0.053933501 0.996859729 -0.057982057 -0.149076581 -0.827747524 -0.012155350 0.560968995 55.432830811
0.511630416 0.077760473 0.855679631 3.548355103 -0.050757349 0.996892452 -0.060244288 -0.161041498 -0.857705057 -0.012609227 0.513987362 55.662769318
0.462773770 0.075715773 0.883237004 3.959859848 -0.048610106 0.997014046 -0.059999991 -0.182485342 -0.885142624 -0.015167827 0.465072483 55.848743439
0.412633955 0.073634513 0.907915890 4.386869431 -0.048221946 0.997095466 -0.058951102 -0.204676390 -0.909619689 -0.019456243 0.414986223 56.028774261
0.362978518 0.073600300 0.928886235 4.854839325 -0.051778480 0.996928513 -0.058758289 -0.224982023 -0.930357754 -0.026768323 0.365674555 56.173042297
0.313468426 0.073756061 0.946729958 5.306596756 -0.050016362 0.996877551 -0.061102130 -0.253839731 -0.948280513 -0.028198395 0.316178650 56.301757812
0.267438769 0.070347637 0.961003542 5.761401176 -0.038085133 0.997323871 -0.062407613 -0.278919935 -0.962821901 -0.019909736 0.269402266 56.370422363
0.223276526 0.064590886 0.972612798 6.260201454 -0.026338587 0.997837603 -0.060219690 -0.314927995 -0.974399269 -0.012171601 0.224494934 56.443309784
0.181249261 0.063459903 0.981387615 6.764453888 -0.016592903 0.997971177 -0.061467774 -0.341690063 -0.983297229 -0.005143083 0.181934536 56.491867065
0.143128484 0.065179504 0.987555504 7.317128658 -0.014252215 0.997861266 -0.063794099 -0.367558002 -0.989601433 -0.004944099 0.143751368 56.560523987
0.110372379 0.065658234 0.991719186 7.858996868 -0.005232145 0.997840106 -0.065481164 -0.400988102 -0.993876457 0.002038494 0.110477522 56.592773438
0.081313431 0.064084113 0.994626284 8.411428452 0.001827074 0.997919619 -0.064445674 -0.433939189 -0.996686876 0.007057553 0.081027173 56.614700317
0.056281999 0.062466387 0.996458888 8.975792885 0.008775599 0.997971356 -0.063056864 -0.466284841 -0.998376310 0.012293489 0.055619620 56.627544403
0.036895417 0.061664212 0.997414768 9.552287102 0.013858402 0.997966766 -0.062210977 -0.489005625 -0.999222994 0.016117876 0.035965823 56.620197296
0.020574018 0.063232861 0.997786701 10.135517120 0.016631015 0.997838259 -0.063579045 -0.521175444 -0.999650061 0.017902279 0.019477896 56.626735687
0.006582096 0.063227862 0.997977436 10.740849495 0.017080206 0.997846305 -0.063332208 -0.551250160 -0.999832392 0.017462520 0.005487978 56.637596130
-0.005003318 0.063914925 0.997942865 11.341148376 0.017936070 0.997800529 -0.063815892 -0.592534184 -0.999826670 0.017579878 -0.006138697 56.626922607
-0.013925850 0.067153119 0.997645557 11.954787254 0.022612974 0.997508168 -0.066828236 -0.620642900 -0.999647319 0.021629091 -0.015409693 56.613555908
-0.020015294 0.068815969 0.997428596 12.686103821 0.026470529 0.997315288 -0.068276957 -0.668734610 -0.999449193 0.025035886 -0.021783151 56.588859558
-0.024783313 0.067880899 0.997385621 13.332521439 0.026848203 0.997377336 -0.067213215 -0.705011249 -0.999332249 0.025112242 -0.026540793 56.571819305
-0.028525453 0.065279216 0.997459352 13.984636307 0.024546396 0.997610152 -0.064587094 -0.738723814 -0.999291599 0.022641655 -0.030059647 56.559650421
-0.031387437 0.058462713 0.997796118 14.664917946 0.022158870 0.998083293 -0.057782494 -0.773768306 -0.999261618 0.020296393 -0.032622747 56.549392700
-0.032476351 0.052741095 0.998079956 15.356136322 0.023296578 0.998375416 -0.051998660 -0.808860064 -0.999200940 0.021563124 -0.033652276 56.521770477
-0.032272574 0.049952570 0.998230100 16.058359146 0.026478792 0.998442471 -0.049107146 -0.845334053 -0.999128282 0.024847111 -0.033544987 56.488796234
-0.032199807 0.052286796 0.998112798 16.767688751 0.029442534 0.998246908 -0.051343985 -0.885712266 -0.999047697 0.027733706 -0.033682816 56.460041046
-0.030748511 0.059582606 0.997749746 17.446485519 0.030407010 0.997815371 -0.058649473 -0.922487915 -0.999064505 0.028535202 -0.032493066 56.426574707
-0.029114369 0.067884088 0.997268319 18.152957916 0.031016739 0.997272074 -0.066978849 -0.945743322 -0.999094725 0.028981967 -0.031140495 56.422248840
-0.026860911 0.068444140 0.997293353 18.885826111 0.031436473 0.997217536 -0.067592256 -0.985165000 -0.999144614 0.029535796 -0.028937817 56.399559021
-0.025775531 0.063980862 0.997618198 19.630290985 0.031337209 0.997511029 -0.063164316 -1.026474357 -0.999176383 0.029634479 -0.027716361 56.391578674
-0.022996670 0.057459574 0.998082876 20.377630234 0.030880820 0.997911394 -0.056738190 -1.069136143 -0.999258518 0.029516827 -0.024723038 56.373687744
-0.020112300 0.055505544 0.998255730 21.131772995 0.029000401 0.998070121 -0.054910935 -1.115013838 -0.999377012 0.027845437 -0.021683170 56.363731384
-0.017122202 0.061363764 0.997968614 21.860776901 0.036608342 0.997484207 -0.060705900 -1.152444243 -0.999182999 0.035494559 -0.019325554 56.345489502
-0.013834500 0.066871405 0.997665644 22.588777542 0.038286313 0.997064888 -0.066300228 -1.189698219 -0.999170959 0.037279710 -0.016354153 56.336345673
-0.011633500 0.067249775 0.997668266 23.338745117 0.031777233 0.997256815 -0.066851489 -1.234547257 -0.999427259 0.030925415 -0.013738598 56.342521667
-0.007386455 0.063992113 0.997923076 24.074445724 0.028240293 0.997565567 -0.063760176 -1.273886442 -0.999573886 0.027710674 -0.009175630 56.330211639
-0.002883270 0.060262620 0.998178303 24.836315155 0.031399429 0.997695684 -0.060142793 -1.325594783 -0.999502778 0.031168826 -0.004768839 56.339859009
-0.000395691 0.060737267 0.998153687 25.573106766 0.036063947 0.997505367 -0.060683515 -1.385836959 -0.999349415 0.035973351 -0.002585128 56.355651855
0.001478521 0.065168127 0.997873127 26.328882217 0.035848267 0.997229457 -0.065179206 -1.431739569 -0.999356091 0.035868391 -0.000861740 56.380516052
0.006107843 0.065977618 0.997802377 27.142328262 0.032284718 0.997287869 -0.066141225 -1.482999325 -0.999460042 0.032617752 0.003961209 56.355617523
0.009840963 0.065374166 0.997812271 27.886152267 0.031399898 0.997348368 -0.065653443 -1.529653549 -0.999458551 0.031977300 0.007762127 56.366153717
0.013353331 0.062252354 0.997971117 28.640146255 0.035527967 0.997400403 -0.062692121 -1.572916627 -0.999279439 0.036293041 0.011106919 56.373806000
0.017124375 0.062807560 0.997878730 29.387176514 0.040245496 0.997173011 -0.063453779 -1.618958831 -0.999042988 0.041246738 0.014548244 56.375789642
0.020378254 0.063741028 0.997758389 30.130500793 0.042797569 0.996995330 -0.064566359 -1.661701918 -0.998875916 0.044017389 0.017589062 56.392856598
0.023034815 0.063616380 0.997708619 30.897125244 0.043435000 0.996967375 -0.064571925 -1.709587097 -0.998790681 0.044822875 0.020201780 56.410297394
0.026449712 0.061425861 0.997761130 31.631990433 0.044752840 0.997036934 -0.062567629 -1.765829325 -0.998647928 0.046307549 0.023622356 56.434391022
0.030445099 0.061132710 0.997665167 32.395763397 0.046820339 0.996945024 -0.062517375 -1.797657490 -0.998439312 0.048614372 0.027489837 56.451881409
0.032924056 0.061375335 0.997571647 33.142246246 0.045348525 0.996993065 -0.062836431 -1.843996763 -0.998428524 0.047307238 0.030041773 56.487548828
0.037451908 0.063119553 0.997303009 33.921333313 0.042230513 0.997011602 -0.064687006 -1.884822607 -0.998405695 0.044539277 0.034674421 56.490577698
0.038748618 0.062871918 0.997269213 34.661586761 0.044623293 0.996914148 -0.064583361 -1.935151577 -0.998252153 0.047003955 0.035823487 56.548595428
0.040856212 0.062245417 0.997224331 35.406394958 0.042453609 0.997048199 -0.063973755 -1.986767769 -0.998262703 0.044949498 0.038093064 56.588062286
0.043669846 0.063062534 0.997053683 36.198101044 0.041939929 0.997010231 -0.064896695 -2.024947166 -0.998165250 0.044650387 0.040894449 56.630558014
0.046246160 0.062903292 0.996947587 36.962814331 0.039126366 0.997135460 -0.064730138 -2.074208736 -0.998163521 0.042000450 0.043652512 56.675830841
0.049816284 0.064426720 0.996678233 37.736267090 0.037579723 0.997089624 -0.066331640 -2.126365423 -0.998051107 0.040759288 0.047250163 56.715496063
0.053549055 0.067939579 0.996251285 38.502418518 0.036705267 0.996874571 -0.069955014 -2.170445919 -0.997890413 0.040313691 0.050887950 56.750659943
0.057122447 0.070263438 0.995891631 39.278572083 0.036642618 0.996700704 -0.072422281 -2.219794750 -0.997694492 0.040629014 0.054359350 56.797180176
0.060121596 0.072745591 0.995536745 40.049617767 0.030860705 0.996728718 -0.074696399 -2.264062643 -0.997713864 0.035213839 0.057679936 56.851608276
0.062822051 0.071612969 0.995452166 40.824459076 0.026855290 0.996939719 -0.073414803 -2.318754673 -0.997663379 0.031345226 0.060706623 56.908561707
0.065631807 0.072038583 0.995240211 41.596744537 0.028797170 0.996838391 -0.074053317 -2.378462315 -0.997428298 0.033520356 0.063349806 56.968547821
0.069687061 0.073005378 0.994893909 42.368465424 0.028500807 0.996765673 -0.075139046 -2.433305740 -0.997161686 0.033591498 0.067380950 57.024028778
0.073820539 0.074071109 0.994516969 43.156429291 0.024651047 0.996797681 -0.076070763 -2.478102207 -0.996966839 0.030131470 0.071758226 57.093776703
0.077829689 0.071931303 0.994368374 43.958835602 0.023734067 0.996977448 -0.073977709 -2.532445669 -0.996684134 0.029358067 0.075887226 57.165306091
0.082683936 0.071527332 0.994005740 44.758754730 0.024126198 0.996985018 -0.073748611 -2.593673706 -0.996283710 0.030079404 0.080708981 57.234100342
0.088094726 0.075453289 0.993250310 45.557117462 0.020583715 0.996776164 -0.077546790 -2.646584034 -0.995899498 0.027276246 0.086257607 57.310775757
0.093522422 0.083710417 0.992091835 46.360382080 0.018614423 0.996137917 -0.085806571 -2.710699081 -0.995443165 0.026492056 0.091603011 57.401939392
0.101497032 0.088678978 0.990875602 47.151348114 0.017156269 0.995715082 -0.090869434 -2.771364212 -0.994687974 0.026222706 0.099540740 57.471206665
0.108262151 0.091466837 0.989905596 47.969718933 0.012760278 0.995548427 -0.093383774 -2.846852064 -0.994040549 0.022741400 0.106613070 57.586353302
0.115539759 0.089591980 0.989254177 48.774589539 0.008420357 0.995799899 -0.091168247 -2.916263580 -0.993267119 0.018863427 0.114300087 57.680217743
0.122076839 0.088180497 0.988595665 49.523834229 0.007399330 0.995936930 -0.089749038 -2.968814611 -0.992493033 0.018271221 0.120928347 57.793437958
0.129402831 0.084655270 0.987971783 50.345985413 0.006798253 0.996249855 -0.086254999 -3.036031723 -0.991568804 0.017878121 0.128342047 57.907821655
0.136355236 0.079136923 0.987494051 51.159080505 0.004625496 0.996742547 -0.080516770 -3.101917267 -0.990649223 0.015546531 0.135545030 58.032070160
0.143914133 0.071591847 0.986997008 51.980373383 0.002460809 0.997350633 -0.072701655 -3.163506508 -0.989587128 0.012891605 0.143356696 58.156558990
0.150760010 0.068686232 0.986181319 52.790607452 0.002347855 0.997555614 -0.069837362 -3.225980759 -0.988567531 0.012844090 0.150230244 58.297004700
0.158067375 0.070397735 0.984915555 53.589672089 0.002361523 0.997425616 -0.071670882 -3.287174702 -0.987425566 0.013654730 0.157494187 58.428306580
0.164074704 0.077622645 0.983389080 54.381263733 0.003045643 0.996854663 -0.079193681 -3.338161469 -0.986443281 0.015988732 0.163322210 58.556346893
0.169385791 0.081416950 0.982181072 55.172248840 0.001317210 0.996562302 -0.082836226 -3.392036438 -0.985548913 0.015325019 0.168696240 58.696216583
0.174013928 0.083317496 0.981212139 55.938663483 -0.000415221 0.996420443 -0.084535219 -3.473640442 -0.984743059 0.014302885 0.173425615 58.852577209
0.179515108 0.084036462 0.980159223 56.719989777 -0.003013614 0.996387005 -0.084875852 -3.519523144 -0.983750701 0.012282675 0.179119766 59.000648499
0.184375986 0.081094548 0.979504526 57.491672516 0.001091735 0.996572971 -0.082713149 -3.580393076 -0.982855201 0.016319681 0.183655530 59.150512695
0.188955605 0.074008591 0.979192853 58.254234314 0.002447909 0.997117400 -0.075835705 -3.637885332 -0.981982529 0.016726559 0.188229740 59.296432495
0.193514824 0.068134964 0.978728652 59.014320374 0.000428123 0.997579634 -0.069531940 -3.693042278 -0.981097162 0.013874479 0.193017274 59.436294556
0.196069509 0.064700589 0.978453159 59.759487152 -0.003699102 0.997862577 -0.065242797 -3.749838352 -0.980583012 0.009172724 0.195889756 59.603992462
0.199153468 0.064388536 0.977850795 60.480918884 -0.004896233 0.997892082 -0.064711004 -3.804614544 -0.979956031 0.008099636 0.199048907 59.759944916
0.201608777 0.066857025 0.977181673 61.208976746 -0.007490614 0.997743726 -0.066718392 -3.851136684 -0.979437411 0.006131325 0.201654702 59.906967163
0.203574866 0.070772894 0.976498067 61.909088135 -0.011393726 0.997487664 -0.069918834 -3.906780720 -0.978992999 0.003107767 0.203869760 60.060104370
0.205608532 0.075375959 0.975727260 62.581352234 -0.012033280 0.997148871 -0.074495092 -3.948705196 -0.978560328 0.003575631 0.205929309 60.205097198
0.206958637 0.080609463 0.975023210 63.325038910 -0.012518263 0.996736467 -0.079747468 -4.010783195 -0.978269577 0.004298826 0.207292348 60.390674591
0.208560064 0.082505703 0.974523187 64.006599426 -0.011735670 0.996574581 -0.081861056 -4.062434673 -0.977939188 0.005636262 0.208813921 60.537963867
0.209812805 0.082224414 0.974278033 64.675979614 -0.014243409 0.996608913 -0.081041701 -4.116519928 -0.977637708 0.003126541 0.210272506 60.692428589
0.210716650 0.079427958 0.974315047 65.344604492 -0.013956483 0.996836424 -0.078245573 -4.169567108 -0.977447510 0.002889631 0.211158574 60.836662292
0.211760908 0.076525427 0.974320829 66.006248474 -0.013826862 0.997064590 -0.075306624 -4.226643085 -0.977223694 0.002475194 0.212197423 60.978149414
0.211305514 0.075693391 0.974484742 66.653770447 -0.012966463 0.997126222 -0.074640468 -4.267704964 -0.977334023 0.003136317 0.211679727 61.127265930
0.209235385 0.075085543 0.974978387 67.294502258 -0.013466776 0.997174382 -0.073904894 -4.319422722 -0.977772534 0.002333699 0.209655374 61.278663635
0.207832038 0.075963184 0.975210547 67.904052734 -0.015524040 0.997110546 -0.074360669 -4.371062279 -0.978041351 0.000315320 0.208410785 61.397361755
0.205308124 0.079203412 0.975487232 68.549530029 -0.016444912 0.996858478 -0.077477507 -4.419152260 -0.978559136 -0.000135038 0.205965653 61.549484253
0.202700794 0.083147980 0.975704253 69.157089233 -0.014472349 0.996534169 -0.081916459 -4.465473175 -0.979133725 0.002483801 0.203201607 61.679008484
0.201356336 0.083437532 0.975957870 69.759361267 -0.012046117 0.996501029 -0.082708515 -4.513328075 -0.979443908 0.004897377 0.201656908 61.797149658
0.199160457 0.082724579 0.976468980 70.359527588 -0.013265110 0.996566951 -0.081721686 -4.554990292 -0.979877114 0.003322761 0.199574068 61.924510956
0.196809322 0.079682738 0.977198482 70.936035156 -0.013151991 0.996816754 -0.078633636 -4.600405693 -0.980353653 0.002623728 0.197230831 62.035842896
0.194516301 0.075297639 0.978004932 71.525009155 -0.013339119 0.997160137 -0.074119374 -4.658548355 -0.980808556 0.001371703 0.194968298 62.160140991
0.192478046 0.074864194 0.978441358 72.067932129 -0.009844807 0.997182786 -0.074361503 -4.698261261 -0.981251895 0.004680390 0.192672789 62.269939423
0.191182628 0.076789610 0.978546143 72.602317810 -0.006637946 0.997013450 -0.076941937 -4.728124142 -0.981532037 0.008214425 0.191121414 62.363876343
0.188280344 0.078614838 0.978963852 73.145210266 -0.002338248 0.996824086 -0.079599403 -4.767994881 -0.982112527 0.012697941 0.187866256 62.465492249
0.186568692 0.080546707 0.979134560 73.694984436 -0.002905310 0.996674299 -0.081436001 -4.808745384 -0.982437670 0.012348720 0.186182246 62.575485229
0.185532644 0.082978085 0.979128361 74.239265442 -0.002988988 0.996471167 -0.083881475 -4.850836754 -0.982633591 0.012636147 0.185125977 62.674884796
0.184465468 0.081348650 0.979466677 74.787261963 -0.001317863 0.996588290 -0.082522489 -4.897425652 -0.982838154 0.013931746 0.183943331 62.777378082
0.185107365 0.079822227 0.979471087 75.339744568 0.004758757 0.996611178 -0.082118407 -4.937993050 -0.982706845 0.019861788 0.184100181 62.872909546
0.187443182 0.077657811 0.979200900 75.894287109 0.008860623 0.996695638 -0.080741435 -4.985684395 -0.982235551 0.023810761 0.186135724 62.969406128
0.189178750 0.077268891 0.978897810 76.451599121 0.012401933 0.996631622 -0.081065468 -5.020147324 -0.981864333 0.027476089 0.187583223 63.080535889
0.192546368 0.077254057 0.978242159 76.996719360 0.009200096 0.996710241 -0.080523364 -5.066214561 -0.981244743 0.024504405 0.191202179 63.206352234
0.197378412 0.077836275 0.977232456 77.555183411 0.007801775 0.996686697 -0.080961563 -5.113690376 -0.980296373 0.023604214 0.196117193 63.335922241
0.203905910 0.076692700 0.975981891 78.120765686 0.009025532 0.996737123 -0.080209292 -5.153257847 -0.978948891 0.025163909 0.202548429 63.457656860
0.212212190 0.077087156 0.974178433 78.703208923 0.007543156 0.996724844 -0.080514431 -5.186929703 -0.977194607 0.024434526 0.210935727 63.575965881
0.220125958 0.075002506 0.972583771 79.271560669 0.007538809 0.996878982 -0.078582339 -5.230898380 -0.975442350 0.024630139 0.218873546 63.722114563
0.229155660 0.074639224 0.970523953 79.857955933 0.004051358 0.996973932 -0.077629976 -5.278966904 -0.973381400 0.021721290 0.228159830 63.867797852
0.239269778 0.074154019 0.968117356 80.455162048 0.003017870 0.997017801 -0.077113532 -5.327968121 -0.970948458 0.021372594 0.238332421 64.016830444
0.248656899 0.078836985 0.965377867 81.041374207 -0.002740900 0.996735275 -0.080691755 -5.358468533 -0.968587756 0.017418562 0.248061180 64.184883118
0.257719219 0.079999633 0.962902308 81.636001587 -0.005452905 0.996670902 -0.081345730 -5.410136223 -0.966204524 0.015713746 0.257297516 64.363044739
0.269029558 0.083175294 0.959533691 82.254478455 -0.009935840 0.996450722 -0.083589591 -5.455844879 -0.963080704 0.012954300 0.268901110 64.539115906
0.278641701 0.084686957 0.956654012 82.829444885 -0.010852266 0.996318638 -0.085037343 -5.499838829 -0.960333824 0.013313080 0.278534979 64.728134155
0.288225561 0.085615903 0.953727365 83.461975098 -0.013692543 0.996261477 -0.085296176 -5.544052124 -0.957464576 0.011525583 0.288320333 64.936149597
0.298677921 0.085734747 0.950495183 84.091102600 -0.014326447 0.996247232 -0.085359730 -5.594795227 -0.954246402 0.011877851 0.298785329 65.136444092
0.308934152 0.086983733 0.947097421 84.737709045 -0.018704960 0.996171951 -0.085389495 -5.637152195 -0.950899422 0.008664315 0.309378624 65.366882324
0.318989038 0.082094908 0.944196165 85.394729614 -0.018395748 0.996590018 -0.080435529 -5.686663628 -0.947579920 0.008288858 0.319411516 65.605407715
0.330049157 0.075428225 0.940945387 86.055702209 -0.015457012 0.997100532 -0.074508004 -5.737597466 -0.943837166 0.010047102 0.330258161 65.827789307
0.340202659 0.070927612 0.937673330 86.745864868 -0.012841785 0.997408748 -0.070786908 -5.780786514 -0.940264463 0.012040497 0.340231955 66.102218628
0.351873696 0.067224905 0.933630347 87.428764343 -0.013376510 0.997677028 -0.066795059 -5.829743385 -0.935951889 0.011014706 0.351955503 66.343009949
0.361154199 0.064574189 0.930267632 88.121688843 -0.006901960 0.997757196 -0.066579431 -5.870578289 -0.932480574 0.017624771 0.360789925 66.612472534
0.369947314 0.059272796 0.927160025 88.831825256 -0.000460064 0.997974277 -0.063616343 -5.906320572 -0.929052591 0.023108141 0.369225204 66.889236450
0.376821041 0.049553555 0.924959660 89.546073914 0.009494032 0.998308957 -0.057350934 -5.947797298 -0.926237404 0.030392632 0.375713348 67.166328430
0.383908123 0.044889566 0.922279537 90.267166138 0.014903944 0.998386264 -0.054797780 -5.989118099 -0.923251033 0.034782913 0.382619590 67.464355469
0.391685188 0.045359857 0.918980598 91.003799438 0.016518576 0.998276412 -0.056314319 -6.033684731 -0.919950902 0.037237726 0.390260816 67.768684387
0.398796022 0.052412812 0.915540636 91.733604431 0.017951919 0.997727871 -0.064937450 -6.066647053 -0.916863859 0.042332504 0.396948993 68.096420288
0.405644208 0.056045305 0.912311196 92.414665222 0.022491062 0.997204125 -0.071260743 -6.112903595 -0.913754284 0.049425349 0.403249621 68.397964478
0.410955757 0.058012206 0.909807682 93.126045227 0.020657502 0.997124612 -0.072910696 -6.163700104 -0.911421299 0.048757423 0.408575684 68.725440979
0.414882421 0.059853144 0.907904327 93.823532104 0.013186548 0.997333646 -0.071774557 -6.215695858 -0.909779489 0.041750114 0.412986994 69.067443848
0.419417351 0.063031480 0.905602634 94.533966064 0.007068665 0.997329533 -0.072689585 -6.275219917 -0.907765925 0.036888681 0.417851806 69.399841309
0.423199952 0.066258550 0.903610349 95.199615479 0.006162150 0.997088790 -0.075998999 -6.327476501 -0.906015337 0.037730955 0.421559632 69.720893860
0.427232414 0.070217922 0.901411116 95.884094238 0.002786952 0.996872663 -0.078975089 -6.389083862 -0.904137552 0.036252897 0.425700665 70.049156189
0.431544423 0.073523887 0.899090469 96.570449829 0.000372509 0.996658444 -0.081681371 -6.431948662 -0.902091622 0.035584062 0.430074960 70.366409302
0.435215920 0.072133906 0.897431850 97.230171204 -0.001124258 0.996827960 -0.079577968 -6.487730503 -0.900325477 0.033624642 0.433916450 70.699165344
0.439303994 0.068909161 0.895691693 97.881202698 0.000746458 0.997025311 -0.077071264 -6.535404205 -0.898338199 0.034526311 0.437945753 71.027549744
0.443214774 0.066774592 0.893924892 98.505577087 -0.000783720 0.997250199 -0.074104205 -6.582687855 -0.896415055 0.032143500 0.442048281 71.318504333
0.446661353 0.065625295 0.892293036 99.136444092 -0.001423393 0.997357190 -0.072639897 -6.635361671 -0.894701838 0.031175351 0.445574343 71.641387939
0.450048178 0.067028150 0.890485227 99.753074646 -0.003552112 0.997305632 -0.073273443 -6.691565037 -0.892997205 0.029813476 0.449073583 71.960227966
0.452933401 0.067813337 0.888961613 100.375427246 -0.002885646 0.997209311 -0.074600622 -6.739597321 -0.891539693 0.031223878 0.451865017 72.277496338
0.455091387 0.065969251 0.887997687 100.975990295 -0.000587971 0.997273982 -0.073786043 -6.787611008 -0.890444577 0.033057272 0.453889549 72.588844299
0.456870556 0.064967059 0.887157619 101.573951721 0.000808342 0.997298717 -0.073449031 -6.839496613 -0.889532804 0.034273826 0.455583870 72.889106750
0.458610207 0.064783290 0.886273026 102.161117554 0.000062414 0.997336924 -0.072933935 -6.885800362 -0.888637424 0.033503566 0.457384825 73.200584412
0.460525811 0.063794561 0.885350883 102.742912292 0.001977033 0.997337878 -0.072892234 -6.935645580 -0.887644112 0.035319116 0.459173650 73.504913330
0.463380188 0.065758035 0.883716524 103.304405212 0.000598884 0.997219443 -0.074517928 -6.984077454 -0.886159360 0.035059370 0.462052375 73.799461365
0.465967149 0.065211765 0.882395625 103.841545105 0.004306631 0.997101307 -0.075963080 -7.035631657 -0.884791553 0.039196439 0.464335650 74.076324463
0.469363689 0.064628817 0.880636632 104.410125732 0.006077163 0.997057796 -0.076411836 -7.076334000 -0.882984042 0.041216705 0.467589915 74.373542786
0.472129971 0.062882319 0.879283309 104.947242737 0.009747065 0.997019172 -0.076535925 -7.113888741 -0.881475091 0.044705331 0.470109642 74.671028137
0.475588173 0.061743740 0.877498507 105.411773682 0.012029969 0.996983886 -0.076671161 -7.146979332 -0.879585803 0.047020182 0.473410964 74.941154480
0.478506714 0.061044384 0.875959516 105.932670593 0.012943353 0.996981859 -0.076548792 -7.196087837 -0.877988517 0.047966957 0.476272374 75.232864380
0.482311428 0.060189337 0.873929620 106.447578430 0.013628583 0.997000456 -0.076186933 -7.240447521 -0.875893772 0.048656244 0.480044365 75.513053894
0.485605478 0.059986282 0.872117519 106.957054138 0.015118294 0.996917367 -0.076988354 -7.281551838 -0.874047458 0.050570883 0.483201683 75.801139832
0.489510000 0.060841233 0.869872630 107.462738037 0.014866155 0.996835709 -0.078087121 -7.327419281 -0.871870935 0.051156081 0.487056553 76.081535339
0.493821263 0.061458405 0.867388904 107.964195251 0.017032390 0.996624231 -0.080312170 -7.365608215 -0.869396687 0.054433562 0.491107374 76.371749878
0.498266280 0.064747900 0.864603102 108.459625244 0.014140439 0.996468186 -0.082772017 -7.418874741 -0.866908729 0.053468361 0.495590925 76.671859741
0.503980219 0.070325598 0.860847414 108.947723389 0.011181992 0.996065021 -0.087918453 -7.467376709 -0.863642871 0.053935140 0.501210630 76.957458496
0.510053933 0.077424273 0.856650710 109.435127258 0.006142982 0.995587289 -0.093638957 -7.510687828 -0.860120475 0.053023301 0.507327616 77.256820679
0.515711010 0.083611637 0.852673054 109.904418945 -0.000004195 0.995226920 -0.097587690 -7.570949078 -0.856762648 0.050323468 0.513249755 77.566741943
0.522021353 0.088308506 0.848348618 110.407791138 -0.003541895 0.994841695 -0.101378188 -7.615881443 -0.852925122 0.049916811 0.519641399 77.889633179
0.527611017 0.088659942 0.844846785 110.881546021 -0.007756246 0.995000005 -0.099573523 -7.665826321 -0.849450707 0.045983236 0.525660634 78.203926086
0.533116162 0.087654844 0.841489017 111.391479492 -0.015275696 0.995453596 -0.094015032 -7.737965107 -0.845904171 0.037266597 0.532031417 78.522766113
0.540269911 0.085025124 0.837185264 111.872703552 -0.020634698 0.995921731 -0.087830111 -7.779638290 -0.841238678 0.030176889 0.539820969 78.819931030
0.545691967 0.083758660 0.833789349 112.374816895 -0.026572056 0.996221423 -0.082685180 -7.817268372 -0.837564349 0.022965133 0.545855701 79.177780151
0.551688075 0.081631243 0.830046177 112.883567810 -0.029252850 0.996480405 -0.078556471 -7.868130684 -0.833537400 0.019057445 0.552134156 79.531349182
0.557893574 0.085390352 0.825507820 113.402687073 -0.034282126 0.996214807 -0.079879746 -7.910040855 -0.829204142 0.016264226 0.558709204 79.905197144
0.563756764 0.089319609 0.821097016 113.915351868 -0.038280420 0.995892763 -0.082051091 -7.956611633 -0.825053275 0.014824909 0.564860463 80.278625488
0.570402205 0.092390090 0.816152692 114.448760986 -0.040614411 0.995610714 -0.084320016 -8.002482414 -0.820360720 0.014948758 0.571650982 80.650054932
0.576608419 0.094754830 0.811507463 114.995338440 -0.043213639 0.995398641 -0.085521698 -8.051608086 -0.815877080 0.014244332 0.578049898 81.057167053
