1.000000000 0.000000000 0.000000000 0.000000000 0.000000000 1.000000000 0.000000000 0.000000000 0.000000000 0.000000000 1.000000000 0.000000000
0.999999940 -0.000249618 0.000019368 -0.010839352 0.000249588 0.999998808 0.001521093 -0.012728097 -0.000019748 -0.001521088 0.999998868 1.325652719
0.999998629 -0.001449689 -0.000721292 -0.007124704 0.001450654 0.999998033 0.001339095 -0.029531334 0.000719349 -0.001340140 0.999998808 2.636361837
0.999995410 -0.002898093 -0.000834317 -0.012240947 0.002898373 0.999995768 0.000335174 -0.045907304 0.000833342 -0.000337591 0.999999523 3.950394392
0.999996126 -0.002780102 -0.000232710 -0.027290488 0.002780118 0.999996245 0.000067344 -0.058630571 0.000232522 -0.000067990 1.000000000 5.274762630
0.999993324 -0.003577194 -0.000754113 -0.022213183 0.003578195 0.999992728 0.001329905 -0.089948833 0.000749350 -0.001332595 0.999998748 6.611887932
0.999985993 -0.005289129 -0.000288499 -0.029460140 0.005289839 0.999982834 0.002518829 -0.104474239 0.000275171 -0.002520320 0.999996781 7.950493336
0.999989688 -0.004526564 -0.000380031 -0.037480179 0.004527666 0.999985397 0.002949747 -0.127612829 0.000366674 -0.002951438 0.999995589 9.277009964
0.999992847 -0.003745657 -0.000482142 -0.054796819 0.003746339 0.999992013 0.001420866 -0.150020882 0.000476816 -0.001422662 0.999998868 10.613677025
0.999999106 -0.001113113 -0.000616067 -0.056651793 0.001112681 0.999999106 -0.000701274 -0.173367083 0.000616847 0.000700589 0.999999583 11.964653015
0.999996543 0.002491823 -0.000821938 -0.059059955 -0.002493235 0.999995351 -0.001720924 -0.192166254 0.000817646 0.001722967 0.999998093 13.295166016
0.999986351 0.005171918 -0.000700262 -0.069005854 -0.005173335 0.999984503 -0.002036323 -0.211504012 0.000689719 0.002039917 0.999997675 14.648952484
0.999979973 0.006313453 -0.000282362 -0.083572827 -0.006313825 0.999979198 -0.001335966 -0.230320230 0.000273922 0.001337722 0.999999106 15.995268822
0.999994278 0.003368645 0.000323924 -0.082619518 -0.003369287 0.999992311 0.002003732 -0.263886571 -0.000317171 -0.002004812 0.999997914 17.359195709
0.999999106 -0.000936003 -0.000930226 -0.057403039 0.000939421 0.999992788 0.003680989 -0.283522874 0.000926774 -0.003681859 0.999992788 18.739871979
0.999994636 -0.003058803 -0.001115802 -0.062325194 0.003060328 0.999994457 0.001367342 -0.299373299 0.001111613 -0.001370750 0.999998391 20.108306885
0.999990821 -0.004149656 -0.001018581 -0.065958083 0.004148764 0.999991000 -0.000877087 -0.317056686 0.001022212 0.000872853 0.999999046 21.485862732
0.999998808 -0.001529918 0.000217333 -0.087243624 0.001530512 0.999995053 -0.002760083 -0.337842166 -0.000213109 0.002760412 0.999996185 22.828954697
1.000000000 0.000444518 -0.000257065 -0.068176582 -0.000444543 0.999999881 -0.000095445 -0.367828250 0.000257023 0.000095559 0.999999881 24.216920853
0.999999404 0.001057772 0.000204382 -0.074544579 -0.001058537 0.999992251 0.003779895 -0.389978617 -0.000200382 -0.003780109 0.999992788 25.604099274
0.999998450 -0.001644888 0.000684016 -0.074016996 0.001641032 0.999982953 0.005600843 -0.405250788 -0.000693217 -0.005599712 0.999984026 26.990936279
0.999983072 -0.005820283 0.000028520 -0.067666449 0.005820157 0.999977529 0.003308635 -0.415828824 -0.000047777 -0.003308413 0.999994516 28.385623932
0.999984324 -0.005582017 0.000513553 -0.078005366 0.005581484 0.999983847 0.001034499 -0.431707025 -0.000519319 -0.001031617 0.999999344 29.768337250
0.999984443 -0.005453455 0.001107743 -0.083188109 0.005455515 0.999983430 -0.001865082 -0.449009120 -0.001097554 0.001871096 0.999997675 31.156990051
0.999994218 -0.002868027 0.001787477 -0.086878479 0.002872506 0.999992669 -0.002508058 -0.479575247 -0.001780271 0.002513177 0.999995291 32.553684235
0.999997199 -0.001532114 0.001794317 -0.093179762 0.001540469 0.999987960 -0.004664281 -0.497756630 -0.001787149 0.004667033 0.999987483 33.923431396
0.999997973 -0.000447662 0.001919344 -0.098513603 0.000455857 0.999990761 -0.004271385 -0.519672751 -0.001917414 0.004272252 0.999989033 35.331443787
0.999998450 -0.000248445 0.001699621 -0.104701027 0.000253814 0.999994993 -0.003159266 -0.546004951 -0.001698828 0.003159693 0.999993563 36.743324280
0.999998450 0.001191045 0.001272220 -0.102639236 -0.001189132 0.999998212 -0.001503695 -0.576871753 -0.001274009 0.001502180 0.999997973 38.131473541
0.999991238 0.003989674 0.001248214 -0.116504535 -0.003987751 0.999990880 -0.001539249 -0.597629189 -0.001254344 0.001534259 0.999997973 39.555217743
0.999976993 0.006561989 0.001724127 -0.118390217 -0.006559234 0.999977171 -0.001599063 -0.625956297 -0.001734580 0.001587717 0.999997258 40.910392761
0.999959528 0.008795257 0.001922136 -0.133355007 -0.008794328 0.999961257 -0.000492044 -0.656239271 -0.001926389 0.000475120 0.999998033 42.331153870
0.999950767 0.009777848 0.001683315 -0.137737632 -0.009775357 0.999951184 -0.001481295 -0.666759789 -0.001697716 0.001464767 0.999997497 43.749095917
0.999956429 0.009218610 0.001435203 -0.140548736 -0.009216478 0.999956489 -0.001485663 -0.695762873 -0.001448836 0.001472370 0.999997914 45.155529022
0.999968827 0.007886360 0.000323911 -0.135124668 -0.007885818 0.999967575 -0.001645747 -0.722128510 -0.000336879 0.001643141 0.999998629 46.588405609
0.999976993 0.006721857 -0.000898128 -0.140573919 -0.006723293 0.999976099 -0.001605289 -0.747783661 0.000887316 0.001611290 0.999998331 47.986835480
0.999976873 0.006570064 -0.001767154 -0.150105253 -0.006569449 0.999978364 0.000354220 -0.781043708 0.001769443 -0.000342603 0.999998450 49.410629272
0.999970913 0.007161472 -0.002634412 -0.166890591 -0.007162842 0.999974251 -0.000511036 -0.796105921 0.002630684 0.000529891 0.999996424 50.855789185
0.999961078 0.007848052 -0.004033841 -0.174977690 -0.007851577 0.999968767 -0.000859086 -0.811269343 0.004026973 0.000890725 0.999991536 52.306484222
0.999956965 0.007737943 -0.005122963 -0.181335151 -0.007738391 0.999970078 -0.000067604 -0.831130385 0.005122286 0.000107244 0.999986887 53.691184998
0.999962807 0.006303879 -0.005889102 -0.195642948 -0.006296269 0.999979377 0.001309770 -0.859343290 0.005897237 -0.001272642 0.999981821 55.152019501
0.999966323 0.004929310 -0.006557663 -0.209442586 -0.004923371 0.999987423 0.000921449 -0.874190032 0.006562122 -0.000889132 0.999978125 56.599575043
0.999968708 0.002589762 -0.007479080 -0.210502654 -0.002590933 0.999996662 -0.000146771 -0.895351946 0.007478675 0.000166144 0.999971986 58.019435883
0.999972165 -0.000163707 -0.007473498 -0.226672769 0.000173982 0.999999046 0.001374142 -0.931538880 0.007473267 -0.001375404 0.999971092 59.403415680
0.999975026 -0.001244759 -0.006959588 -0.240298226 0.001259023 0.999997139 0.002045622 -0.952210426 0.006957023 -0.002054334 0.999973714 60.846782684
0.999973357 -0.002434739 -0.006887446 -0.250285745 0.002452910 0.999993503 0.002631102 -0.974159300 0.006880996 -0.002647927 0.999972880 62.294078827
0.999977469 -0.003382158 -0.005791343 -0.269568741 0.003390859 0.999993145 0.001493318 -0.992245555 0.005786253 -0.001512922 0.999982119 63.717773438
0.999977827 -0.004466291 -0.004934236 -0.285765767 0.004472347 0.999989271 0.001216986 -1.032601953 0.004928749 -0.001239026 0.999987066 65.041862488
0.999978602 -0.005178548 -0.003989642 -0.296065807 0.005185659 0.999984980 0.001773879 -1.064385414 0.003980397 -0.001794530 0.999990463 66.455139160
0.999991000 -0.002768170 -0.003196340 -0.308615386 0.002771398 0.999995589 0.001006152 -1.086970091 0.003193541 -0.001015001 0.999994397 67.881721497
0.999994993 0.001738029 -0.002653004 -0.332810044 -0.001734181 0.999997377 0.001452047 -1.106132865 0.002655522 -0.001447439 0.999995410 69.334602356
0.999987304 0.004347167 -0.002537093 -0.341702402 -0.004339950 0.999986470 0.002843323 -1.119842291 0.002549418 -0.002832276 0.999992728 70.690628052
0.999964178 0.008314572 -0.001572040 -0.360358596 -0.008309106 0.999959528 0.003451129 -1.140939236 0.001600672 -0.003437943 0.999992788 72.115898132
0.999916315 0.012901952 -0.000862312 -0.373290658 -0.012899672 0.999913454 0.002600706 -1.159198046 0.000895792 -0.002589366 0.999996185 73.535049438
0.999852538 0.017172353 0.000205879 -0.395718575 -0.017172776 0.999849916 0.002262730 -1.190618753 -0.000166991 -0.002265932 0.999997377 74.935607910
0.999855638 0.016987147 0.000066293 -0.396117210 -0.016987249 0.999853373 0.002166683 -1.197671890 -0.000029478 -0.002167497 0.999997675 76.353088379
0.999855995 0.016958199 0.000524005 -0.408777237 -0.016959447 0.999853134 0.002479033 -1.216312885 -0.000481888 -0.002487563 0.999996841 77.766975403
0.999869943 0.016100213 0.000840272 -0.414883316 -0.016101873 0.999868333 0.002005549 -1.240096211 -0.000807872 -0.002018818 0.999997675 79.158912659
0.999867618 0.016233828 0.001028304 -0.421087027 -0.016234478 0.999867976 0.000627101 -1.268627882 -0.001017988 -0.000643712 0.999999285 80.550796509
0.999889076 0.014886215 0.000468993 -0.417276531 -0.014886627 0.999888778 0.000882643 -1.291766644 -0.000455802 -0.000889527 0.999999583 81.947799683
0.999894440 0.014524076 -0.000228717 -0.422895551 -0.014523910 0.999894202 0.000732673 -1.303459764 0.000239334 -0.000729273 0.999999762 83.382141113
0.999875546 0.015731886 -0.001183554 -0.422654003 -0.015730973 0.999875963 0.000772104 -1.361865878 0.001195554 -0.000753390 0.999998987 84.680290222
0.999878228 0.015474156 -0.002032759 -0.428727865 -0.015471022 0.999879122 0.001548792 -1.390293479 0.002056480 -0.001517154 0.999996722 86.083946228
0.999891400 0.014415122 -0.003065725 -0.434007943 -0.014408670 0.999893963 0.002115370 -1.409861445 0.003095893 -0.002070967 0.999993086 87.465553284
0.999913990 0.012341688 -0.004451189 -0.423895985 -0.012327676 0.999919116 0.003160993 -1.435216546 0.004489841 -0.003105848 0.999985039 88.850448608
0.999921620 0.011350394 -0.005289212 -0.450967014 -0.011334645 0.999931276 0.002997394 -1.446824431 0.005322870 -0.002937207 0.999981523 90.256042480
0.999951303 0.007404841 -0.006513282 -0.457774311 -0.007379277 0.999965012 0.003940278 -1.488691211 0.006542231 -0.003892023 0.999971032 91.692977905
0.999957979 0.006073361 -0.006851258 -0.472352535 -0.006049953 0.999975741 0.003432214 -1.508277297 0.006871937 -0.003390620 0.999970675 93.083068848
0.999961555 0.004981169 -0.007213137 -0.482275456 -0.004959114 0.999983013 0.003072471 -1.533199549 0.007228320 -0.003036583 0.999969304 94.451538086
0.999960124 0.005288105 -0.007202133 -0.505099177 -0.005270791 0.999983191 0.002420978 -1.553758860 0.007214815 -0.002382921 0.999971151 95.819160461
0.999959409 0.005201493 -0.007343133 -0.514591098 -0.005186029 0.999984324 0.002123443 -1.584293842 0.007354063 -0.002085276 0.999970794 97.197311401
0.999958098 0.006100125 -0.006825653 -0.545721173 -0.006090131 0.999980450 0.001483886 -1.611063004 0.006834571 -0.001442255 0.999975562 98.505531311
0.999946773 0.007640691 -0.006933162 -0.561675668 -0.007633202 0.999970376 0.001105939 -1.623553872 0.006941407 -0.001052958 0.999975383 99.886299133
0.999943316 0.008428078 -0.006504809 -0.581491709 -0.008410311 0.999960840 0.002753867 -1.645793796 0.006527763 -0.002699004 0.999975145 101.249801636
0.999936581 0.009271024 -0.006399028 -0.596224010 -0.009249305 0.999951363 0.003415395 -1.660432100 0.006430381 -0.003355992 0.999973774 102.613502502
0.999940395 0.008625509 -0.006709955 -0.611113310 -0.008609006 0.999959886 0.002484578 -1.690834284 0.006731116 -0.002426664 0.999974489 103.973060608
0.999937236 0.008940110 -0.006742700 -0.616682231 -0.008940447 0.999960065 -0.000019793 -1.711073041 0.006742253 0.000080075 0.999977350 105.329910278
0.999951184 0.007401552 -0.006546892 -0.639236391 -0.007406110 0.999972343 -0.000672001 -1.749943733 0.006541736 0.000720455 0.999978364 106.637207031
0.999965608 0.004995250 -0.006624674 -0.646058440 -0.004990163 0.999987185 0.000784118 -1.771417856 0.006628506 -0.000751033 0.999977767 107.998596191
0.999978781 0.003285767 -0.005628564 -0.667551577 -0.003274655 0.999992728 0.001982193 -1.791366816 0.005635034 -0.001963720 0.999982238 109.338859558
0.999987066 0.001885056 -0.004730954 -0.682461262 -0.001872009 0.999994457 0.002760893 -1.814330101 0.004736132 -0.002752000 0.999985039 110.689743042
0.999987841 0.001214089 -0.004775013 -0.670657873 -0.001209116 0.999998689 0.001044235 -1.829240322 0.004776275 -0.001038449 0.999988079 112.053367615
0.999988973 0.002926103 -0.003661142 -0.689154685 -0.002929538 0.999995232 -0.000933420 -1.859878063 0.003658393 0.000944135 0.999992788 113.342491150
0.999981523 0.005606805 -0.002378655 -0.701260865 -0.005614281 0.999979258 -0.003147595 -1.878919601 0.002360958 0.003160891 0.999992192 114.687461853
0.999961734 0.008677124 -0.001154856 -0.709639013 -0.008680790 0.999957204 -0.003208165 -1.905643225 0.001126970 0.003218067 0.999994099 116.032112122
0.999949098 0.010081234 0.000414708 -0.724936068 -0.010080504 0.999947667 -0.001727154 -1.930096626 -0.000432097 0.001722886 0.999998331 117.391754150
0.999961257 0.008603655 0.001853314 -0.727009177 -0.008606664 0.999961674 0.001622115 -1.964859009 -0.001839286 -0.001638003 0.999996960 118.715797424
0.999959350 0.008924737 0.001301506 -0.716575325 -0.008926523 0.999959290 0.001372470 -1.976793051 -0.001289204 -0.001384032 0.999998152 120.118476868
0.999957442 0.008936499 0.002270152 -0.713415623 -0.008937404 0.999960005 0.000389489 -1.981522918 -0.002266581 -0.000409761 0.999997318 121.409675598
0.999934494 0.010749500 0.003947280 -0.723035812 -0.010749700 0.999942183 0.000029480 -2.005628586 -0.003946736 -0.000071910 0.999992132 122.751113892
0.999899924 0.013158602 0.005203080 -0.737594485 -0.013154239 0.999913096 -0.000871412 -2.019108534 -0.005214094 0.000802882 0.999986112 124.125457764
0.999886870 0.013671976 0.006271771 -0.731745660 -0.013660626 0.999904990 -0.001848821 -2.045418024 -0.006296452 0.001762936 0.999978662 125.461257935
0.999860227 0.015156717 0.007053788 -0.732310534 -0.015135696 0.999880850 -0.003023890 -2.065115452 -0.007098780 0.002916703 0.999970496 126.853645325
0.999866307 0.014088374 0.008305910 -0.737069368 -0.014064498 0.999896824 -0.002926053 -2.091142416 -0.008346276 0.002808844 0.999961197 128.195251465
0.999869585 0.013874724 0.008259004 -0.690651059 -0.013861480 0.999902487 -0.001658613 -2.134527206 -0.008281211 0.001543915 0.999964535 129.454238892
0.999881744 0.012352735 0.009158066 -0.683990598 -0.012344823 0.999923408 -0.000919624 -2.156669855 -0.009168725 0.000806461 0.999957681 130.822540283
0.999885678 0.011853460 0.009383066 -0.677252769 -0.011848368 0.999929667 -0.000597987 -2.178182125 -0.009389495 0.000486745 0.999955773 132.176269531
0.999910772 0.009508889 0.009377556 -0.666835785 -0.009506580 0.999954760 -0.000290716 -2.206794739 -0.009379896 0.000201542 0.999956012 133.530883789
0.999928653 0.008244257 0.008637243 -0.648544788 -0.008247877 0.999965966 0.000383690 -2.229511023 -0.008633786 -0.000454902 0.999962568 134.887908936
0.999945402 0.006518079 0.008172405 -0.639974952 -0.006520090 0.999978721 0.000219491 -2.256605625 -0.008170799 -0.000272764 0.999966621 136.201538086
0.999958813 0.005362173 0.007320952 -0.654833317 -0.005360379 0.999985695 -0.000264502 -2.263610363 -0.007322265 0.000225248 0.999973118 137.561309814
0.999972343 0.003649990 0.006486598 -0.655032456 -0.003653375 0.999993145 0.000510164 -2.284703255 -0.006484691 -0.000533847 0.999978840 138.912475586
0.999983191 0.002221812 0.005350998 -0.649852574 -0.002226004 0.999997258 0.000777569 -2.309643507 -0.005349254 -0.000789467 0.999985397 140.268539429
0.999989569 0.002030340 0.004080224 -0.643358469 -0.002032428 0.999997795 0.000507573 -2.328425884 -0.004079183 -0.000515861 0.999991536 141.626586914
0.999993682 0.001603430 0.003170404 -0.645857036 -0.001603482 0.999998689 0.000013725 -2.353656292 -0.003170377 -0.000018809 0.999994993 142.965957642
0.999997795 0.001492408 0.001455714 -0.639427304 -0.001491552 0.999998748 -0.000588413 -2.371850967 -0.001456591 0.000586240 0.999998748 144.321975708
0.999999285 -0.001204247 -0.000008655 -0.620250821 0.001204218 0.999995291 -0.002814671 -2.403129578 0.000012045 0.002814658 0.999996006 145.673004150
0.999981880 -0.005991486 -0.000624039 -0.643049240 0.005989537 0.999977291 -0.003079069 -2.428111076 0.000642473 0.003075275 0.999994993 147.019851685
0.999907315 -0.013479139 -0.001937331 -0.634570837 0.013477394 0.999908745 -0.000910297 -2.451235294 0.001949425 0.000884102 0.999997675 148.383651733
0.999786377 -0.020395536 -0.003346196 -0.627166271 0.020399207 0.999791324 0.001066694 -2.481355906 0.003323742 -0.001134726 0.999993861 149.741668701
0.999716103 -0.023316864 -0.004892541 -0.623359799 0.023302456 0.999724030 -0.002982088 -2.492382765 0.004960724 0.002867233 0.999983549 151.111145020
0.999729812 -0.022837477 -0.004330996 -0.634485543 0.022812078 0.999722779 -0.005825379 -2.529589891 0.004462833 0.005725006 0.999973595 152.466339111
0.999784768 -0.020366907 -0.003946397 -0.617655098 0.020336134 0.999763668 -0.007687545 -2.559212685 0.004102035 0.007605636 0.999962628 153.858245850
0.999821424 -0.018725695 -0.002549888 -0.650085211 0.018703392 0.999788880 -0.008506753 -2.585263014 0.002708644 0.008457542 0.999960482 155.130783081
0.999742091 -0.022626776 -0.001975594 -0.655497849 0.022617668 0.999733925 -0.004517915 -2.621460676 0.002077295 0.004472067 0.999987781 156.489410400
0.999615192 -0.027706716 -0.001292115 -0.651013374 0.027704014 0.999614000 -0.002068449 -2.648506880 0.001348926 0.002031856 0.999997020 157.861663818
0.999488115 -0.031928316 -0.001990259 -0.630931377 0.031927414 0.999490142 -0.000485205 -2.675513029 0.002004736 0.000421413 0.999997854 159.227920532
0.999448955 -0.033149280 -0.001679917 -0.641952276 0.033147916 0.999450147 -0.000832561 -2.697277069 0.001706592 0.000776417 0.999998152 160.570236206
0.999499738 -0.031608932 -0.001005914 -0.642042220 0.031608786 0.999500275 -0.000161909 -2.723046780 0.001010528 0.000130031 0.999999464 161.927230835
0.999660492 -0.026051929 0.000388347 -0.652530611 0.026052613 0.999658763 -0.001879530 -2.730478764 -0.000339249 0.001889010 0.999998152 163.268798828
0.999734282 -0.023023227 0.001050389 -0.654006600 0.023026960 0.999728084 -0.003692105 -2.760768414 -0.000965099 0.003715312 0.999992609 164.630371094
0.999805152 -0.019615415 0.002180015 -0.669149935 0.019625617 0.999796093 -0.004760089 -2.779442072 -0.002086199 0.004801947 0.999986231 165.988204956
0.999844372 -0.017444257 0.002623745 -0.678658247 0.017454082 0.999840558 -0.003769940 -2.807600498 -0.002557563 0.003815148 0.999989450 167.348449707
0.999877393 -0.015534946 0.001951559 -0.674354076 0.015543430 0.999869406 -0.004410426 -2.835046291 -0.001882789 0.004440219 0.999988377 168.733856201
0.999909759 -0.013402395 0.000936266 -0.646157622 0.013408002 0.999890566 -0.006266861 -2.867343187 -0.000852173 0.006278849 0.999979913 170.008209229
0.999957561 -0.009195263 0.000585326 -0.655155063 0.009200227 0.999915957 -0.009136077 -2.898545504 -0.000501268 0.009141075 0.999958098 171.381973267
0.999990106 -0.004438731 -0.000057932 -0.658800840 0.004437846 0.999931633 -0.010811625 -2.924671650 0.000105919 0.010811261 0.999941587 172.782577515
1.000000000 -0.000002368 0.000008726 -0.670705080 0.000002447 0.999958813 -0.009074638 -2.968445539 -0.000008704 0.009074638 0.999958813 174.164169312
0.999995947 0.002698329 0.000904418 -0.688270509 -0.002691570 0.999969065 -0.007393143 -3.002445221 -0.000924340 0.007390677 0.999972284 175.476547241
0.999993324 0.003559461 0.000843153 -0.693591237 -0.003555104 0.999980688 -0.005113620 -3.031680584 -0.000861338 0.005110589 0.999986589 176.872161865
0.999999881 0.000550192 0.000011243 -0.696435988 -0.000550139 0.999991000 -0.004236249 -3.061264038 -0.000013573 0.004236243 0.999991059 178.271865845
0.999996245 -0.001598250 -0.002228640 -0.685470819 0.001588212 0.999988675 -0.004498474 -3.083306551 0.002235804 0.004494918 0.999987423 179.680114746
0.999992847 0.000343955 -0.003765094 -0.711668968 -0.000379992 0.999954104 -0.009574763 -3.101478100 0.003761628 0.009576125 0.999947011 181.056472778
0.999985695 0.000735322 -0.005293990 -0.722808182 -0.000803822 0.999915838 -0.012948870 -3.147341251 0.005284022 0.012952942 0.999902129 182.312728882
0.999967217 0.005481884 -0.005952973 -0.747043610 -0.005560546 0.999896348 -0.013278550 -3.187224627 0.005879565 0.013311216 0.999894142 183.726409912
0.999938667 0.009017089 -0.006425697 -0.762689412 -0.009096484 0.999881268 -0.012435472 -3.221964836 0.006312803 0.012493163 0.999902010 185.162567139
0.999915600 0.011271813 -0.006448191 -0.769643307 -0.011332680 0.999890804 -0.009481978 -3.259502411 0.006340608 0.009554254 0.999934256 186.559692383
0.999916553 0.011638059 -0.005591253 -0.814436913 -0.011681901 0.999900699 -0.007873647 -3.287863016 0.005499063 0.007938307 0.999953330 188.003585815
0.999925196 0.010761678 -0.005823764 -0.804807901 -0.010797783 0.999922395 -0.006203874 -3.320947647 0.005756548 0.006266292 0.999963760 189.362014771
0.999935150 0.010106314 -0.005232625 -0.835668981 -0.010139068 0.999928951 -0.006271397 -3.351626396 0.005168872 0.006324046 0.999966621 190.706405640
0.999956846 0.007580365 -0.005367467 -0.842295945 -0.007611987 0.999953628 -0.005895591 -3.378752470 0.005322527 0.005936194 0.999968171 192.148147583
0.999973714 0.004413755 -0.005744794 -0.841504514 -0.004447037 0.999973357 -0.005793601 -3.411119461 0.005719070 0.005818996 0.999966681 193.601119995
0.999984503 0.001530306 -0.005328367 -0.844722688 -0.001555859 0.999987245 -0.004794706 -3.442133427 0.005320962 0.004802922 0.999974251 195.035232544
0.999983847 -0.002913273 -0.004864586 -0.851585805 0.002895910 0.999989390 -0.003572599 -3.465445757 0.004874943 0.003558454 0.999981701 196.485443115
0.999977350 -0.004621502 -0.004885368 -0.861896753 0.004601203 0.999980748 -0.004158315 -3.487792492 0.004904493 0.004135742 0.999979377 197.913040161
0.999987841 -0.003212506 -0.003739810 -0.872456491 0.003183505 0.999965012 -0.007734749 -3.527169466 0.003764529 0.007722750 0.999963045 199.146255493
0.999985516 0.004375085 -0.003136174 -0.897045255 -0.004415084 0.999907553 -0.012862189 -3.559357882 0.003079611 0.012875849 0.999912381 200.588470459
0.999923646 0.012213352 -0.001872064 -0.921595693 -0.012236324 0.999843240 -0.012794392 -3.594899416 0.001715508 0.012816323 0.999916434 202.051940918
0.999778390 0.021039912 -0.000619912 -0.943067193 -0.021044781 0.999734938 -0.009333774 -3.632807255 0.000423366 0.009344751 0.999956250 203.500900269
0.999762654 0.021786410 -0.000058316 -0.955205142 -0.021786233 0.999734700 -0.007479413 -3.665410042 -0.000104649 0.007478908 0.999972045 204.967742920
0.999804258 0.019764876 -0.000826251 -0.955260575 -0.019770395 0.999777734 -0.007310803 -3.688515186 0.000681570 0.007325706 0.999972999 206.435760498
0.999853194 0.016998976 -0.002160807 -0.938800931 -0.017013926 0.999830067 -0.007099554 -3.721662045 0.002039755 0.007135275 0.999972463 207.776443481
0.999884307 0.014969422 -0.002699807 -0.956647635 -0.014989628 0.999858499 -0.007625282 -3.753952503 0.002585279 0.007664869 0.999967277 209.250366211
0.999878883 0.015139109 -0.003590330 -0.961572647 -0.015166013 0.999856234 -0.007588048 -3.795651436 0.003474937 0.007641582 0.999964774 210.741622925
0.999841809 0.017361002 -0.003865079 -0.974593043 -0.017391870 0.999815941 -0.008101448 -3.824520826 0.003723718 0.008167388 0.999959707 212.207153320
0.999824166 0.018374134 -0.003754760 -0.988809526 -0.018401174 0.999804080 -0.007298249 -3.863383770 0.003619925 0.007366058 0.999966323 213.670684814
0.999804795 0.019285163 -0.004287531 -1.005473971 -0.019320134 0.999779224 -0.008271173 -3.896822929 0.004127073 0.008352393 0.999956548 215.124832153
0.999822795 0.018269261 -0.004572524 -1.005663633 -0.018308224 0.999795139 -0.008630143 -3.943929195 0.004413921 0.008712326 0.999952316 216.537673950
0.999830544 0.017785724 -0.004747093 -1.021209955 -0.017827028 0.999802351 -0.008806673 -3.979509354 0.004589521 0.008889807 0.999949992 218.024429321
0.999832273 0.017623987 -0.004976386 -1.037368894 -0.017668061 0.999803841 -0.008957190 -4.013704300 0.004817548 0.009043611 0.999947548 219.516983032
0.999813139 0.018553985 -0.005422502 -1.052904129 -0.018605106 0.999781489 -0.009534383 -4.052989483 0.005244417 0.009633488 0.999939859 221.012130737
0.999823868 0.017796384 -0.005946427 -1.062020779 -0.017852297 0.999795675 -0.009486190 -4.093976021 0.005776392 0.009590679 0.999937356 222.509613037
0.999798894 0.019038673 -0.006307263 -1.086260557 -0.019101519 0.999767005 -0.010058062 -4.124407768 0.006114302 0.010176518 0.999929547 224.024383545
0.999832451 0.016885223 -0.007068150 -1.073571086 -0.016956856 0.999804199 -0.010200691 -4.136731625 0.006894525 0.010318837 0.999922991 225.402404785
0.999824107 0.017192736 -0.007498362 -1.095164299 -0.017263955 0.999805450 -0.009538707 -4.183094978 0.007332907 0.009666482 0.999926329 226.923675537
0.999836981 0.016598713 -0.007108797 -1.119622469 -0.016669456 0.999810934 -0.010010513 -4.216529846 0.006941293 0.010127380 0.999924660 228.415710449
0.999848783 0.015834803 -0.007181675 -1.138902187 -0.015910333 0.999817431 -0.010585245 -4.255289555 0.007012748 0.010697910 0.999918163 229.946044922
0.999869466 0.014426532 -0.007272092 -1.145411968 -0.014502012 0.999840319 -0.010435891 -4.291847229 0.007120378 0.010539989 0.999919116 231.399993896
0.999883533 0.013294746 -0.007483123 -1.163087249 -0.013367178 0.999863446 -0.009713894 -4.329898834 0.007352958 0.009812791 0.999924839 232.948822021
0.999887288 0.013188121 -0.007161390 -1.181262374 -0.013255846 0.999867022 -0.009493496 -4.371042252 0.007035235 0.009587358 0.999929309 234.447280884
0.999886036 0.013173757 -0.007370317 -1.196711063 -0.013244614 0.999865651 -0.009648908 -4.412938118 0.007242216 0.009745426 0.999926329 235.961990356
0.999877989 0.013810218 -0.007289460 -1.207902908 -0.013887809 0.999846280 -0.010702993 -4.436499119 0.007140528 0.010802922 0.999916136 237.454925537
0.999857545 0.015343838 -0.007025179 -1.221357703 -0.015415883 0.999827862 -0.010318331 -4.470766068 0.006865647 0.010425159 0.999921978 238.994750977
0.999862254 0.015548985 -0.005787420 -1.246079326 -0.015597332 0.999843061 -0.008404493 -4.506950378 0.005655830 0.008493605 0.999947846 240.521347046
0.999861658 0.015585438 -0.005807656 -1.253021359 -0.015632998 0.999843895 -0.008235480 -4.539341450 0.005678397 0.008325132 0.999949098 242.068969727
0.999857962 0.015998699 -0.005299532 -1.265484810 -0.016050002 0.999823332 -0.009783733 -4.574302673 0.005142069 0.009867400 0.999938071 243.491729736
0.999854982 0.016299464 -0.004925653 -1.279301167 -0.016354140 0.999802768 -0.011271943 -4.609683514 0.004740956 0.011350865 0.999924302 245.036514282
0.999850988 0.016756143 -0.004137196 -1.302294016 -0.016798537 0.999804437 -0.010434097 -4.654417038 0.003961552 0.010502040 0.999936998 246.562911987
0.999864817 0.015818087 -0.004483508 -1.322445631 -0.015859446 0.999830544 -0.009344945 -4.696087837 0.004334929 0.009414789 0.999946296 248.044631958
0.999861598 0.016014798 -0.004491230 -1.343073487 -0.016054254 0.999831557 -0.008891661 -4.737373352 0.004348075 0.008962533 0.999950349 249.589401245
0.999854267 0.016430736 -0.004617206 -1.353235960 -0.016471222 0.999825001 -0.008871656 -4.772713661 0.004470631 0.008946414 0.999949932 251.137359619
0.999825776 0.017941598 -0.005167983 -1.364088178 -0.017987119 0.999798596 -0.008900221 -4.810230255 0.005007257 0.008991629 0.999947011 252.629028320
0.999803305 0.019172335 -0.005071465 -1.377779126 -0.019218639 0.999772549 -0.009245421 -4.841321945 0.004893056 0.009341071 0.999944389 254.186843872
0.999795914 0.019546557 -0.005099648 -1.397390127 -0.019590154 0.999770761 -0.008643577 -4.890057564 0.004929526 0.008741717 0.999949634 255.729812622
0.999803901 0.019119866 -0.005155922 -1.414283991 -0.019164633 0.999777794 -0.008777561 -4.929638863 0.004986951 0.008874651 0.999948144 257.287231445
0.999854445 0.016182639 -0.005406190 -1.419135332 -0.016226366 0.999835193 -0.008145169 -4.954116821 0.005273489 0.008231708 0.999952137 258.755828857
0.999887586 0.014184143 -0.004856968 -1.438549161 -0.014222385 0.999867320 -0.007931668 -4.986516953 0.004743821 0.007999854 0.999956727 260.314056396
0.999908566 0.012812668 -0.004316049 -1.457929492 -0.012850218 0.999878824 -0.008787683 -5.024598598 0.004202933 0.008842343 0.999952078 261.845062256
0.999932408 0.010551477 -0.004878187 -1.463694096 -0.010594788 0.999903917 -0.008939910 -5.069991112 0.004783391 0.008990990 0.999948084 263.386901855
0.999945939 0.009206839 -0.004854572 -1.463732719 -0.009243142 0.999929070 -0.007509960 -5.098368645 0.004785086 0.007554425 0.999959946 264.878509521
0.999965012 0.007127405 -0.004378777 -1.476636171 -0.007152419 0.999958038 -0.005723713 -5.133616447 0.004337798 0.005754831 0.999974072 266.448822021
0.999969184 0.006847409 -0.003858014 -1.498837233 -0.006872666 0.999954760 -0.006571657 -5.170296192 0.003812840 0.006597968 0.999970913 267.999664307
0.999970615 0.006665946 -0.003781224 -1.504872441 -0.006694239 0.999949336 -0.007519830 -5.204987526 0.003730905 0.007544922 0.999964535 269.566619873
0.999959648 0.008746482 -0.002050615 -1.529047728 -0.008764385 0.999922037 -0.008890677 -5.237074852 0.001972693 0.008908292 0.999958396 271.114196777
0.999955475 0.009060248 -0.002639275 -1.531622171 -0.009081365 0.999925911 -0.008102792 -5.283837318 0.002565666 0.008126399 0.999963701 272.702697754
0.999940634 0.010816279 -0.001327629 -1.547897816 -0.010827254 0.999904692 -0.008557821 -5.320209503 0.001234938 0.008571686 0.999962449 274.249450684
0.999927640 0.012013715 -0.000719511 -1.554717779 -0.012019778 0.999886215 -0.009117262 -5.355462074 0.000609897 0.009125249 0.999958217 275.810668945
0.999917805 0.012816400 -0.000297174 -1.549398422 -0.012818610 0.999874413 -0.009311905 -5.401632309 0.000177793 0.009314950 0.999956548 277.375671387
0.999910235 0.013396090 0.000296697 -1.564739227 -0.013392350 0.999857903 -0.010240160 -5.439521790 -0.000433833 0.010235268 0.999947488 278.908416748
0.999921620 0.012475199 0.001075617 -1.569192886 -0.012462719 0.999862671 -0.010919576 -5.479018211 -0.001211693 0.010905314 0.999939799 280.489196777
0.999924541 0.012132571 0.001946616 -1.566257119 -0.012110389 0.999865830 -0.011028454 -5.518303871 -0.002080158 0.011004048 0.999937296 282.048156738
0.999935567 0.010936219 0.003039172 -1.578742504 -0.010907385 0.999896824 -0.009347850 -5.564214706 -0.003141089 0.009314100 0.999951720 283.614837646
0.999927998 0.011550402 0.003251427 -1.579038262 -0.011515592 0.999878287 -0.010529147 -5.592941284 -0.003372647 0.010490946 0.999939322 285.178314209
0.999959826 0.008564462 0.002637985 -1.562932849 -0.008531749 0.999889553 -0.012171721 -5.632660389 -0.002741938 0.012148727 0.999922395 286.656829834
0.999970078 0.007423385 0.002201456 -1.562743902 -0.007390988 0.999869347 -0.014375399 -5.673572063 -0.002307883 0.014358699 0.999894202 288.231048584
0.999972761 0.007244638 0.001456493 -1.568714619 -0.007223289 0.999873698 -0.014163088 -5.727129936 -0.001558916 0.014152180 0.999898612 289.801086426
0.999982297 0.005922644 0.000604060 -1.566087365 -0.005913023 0.999872267 -0.014848674 -5.760221004 -0.000691926 0.014844837 0.999889553 291.378967285
0.999977827 0.006643787 -0.000308021 -1.583771586 -0.006647592 0.999870062 -0.014676632 -5.826318741 0.000210472 0.014678357 0.999892235 292.841094971
0.999978662 0.006401151 -0.001305010 -1.587989688 -0.006420345 0.999862671 -0.015275769 -5.864911556 0.001207048 0.015283816 0.999882460 294.434814453
0.999974549 0.006830095 -0.002064795 -1.595876455 -0.006859958 0.999866605 -0.014819389 -5.917346954 0.001963302 0.014833176 0.999888062 296.013427734
0.999974132 0.006475004 -0.003112388 -1.595653057 -0.006519644 0.999872863 -0.014553634 -5.973707676 0.003017757 0.014573546 0.999889255 297.575897217
0.999971926 0.006235471 -0.004153674 -1.605367184 -0.006289766 0.999893308 -0.013189126 -6.019062996 0.004070990 0.013214879 0.999904394 299.185119629
0.999959111 0.007754447 -0.004651318 -1.626672268 -0.007809880 0.999897301 -0.012020225 -6.059292793 0.004557629 0.012056062 0.999916911 300.785430908
0.999959171 0.008180871 -0.003832774 -1.637182593 -0.008225145 0.999897957 -0.011681512 -6.113148689 0.003736818 0.011712560 0.999924481 302.369262695
0.999956191 0.008827405 -0.003121993 -1.641819715 -0.008864275 0.999888718 -0.012000095 -6.160046577 0.003015716 0.012027245 0.999923050 303.902770996
0.999965012 0.007966997 -0.002561165 -1.652282715 -0.007997750 0.999893188 -0.012230074 -6.199932575 0.002463456 0.012250129 0.999921918 305.519226074
0.999978185 0.006056112 -0.002649719 -1.657932997 -0.006089922 0.999897718 -0.012943308 -6.252091408 0.002571062 0.012959164 0.999912679 307.141235352
0.999990106 0.003718398 -0.002429898 -1.660360575 -0.003754630 0.999879241 -0.015080183 -6.291407585 0.002373530 0.015089158 0.999883294 308.682128906
0.999990582 0.003559275 -0.002486922 -1.673520565 -0.003599518 0.999859512 -0.016369376 -6.334978580 0.002428310 0.016378172 0.999862909 310.310028076
0.999980509 0.003981210 -0.004809766 -1.686846137 -0.004063596 0.999843061 -0.017242193 -6.390039444 0.004740367 0.017261401 0.999839783 311.921691895
0.999961317 0.005625711 -0.006759154 -1.703172922 -0.005736260 0.999848247 -0.016448786 -6.438375473 0.006665592 0.016486926 0.999841869 313.519958496
0.999953568 0.006400397 -0.007189745 -1.719028473 -0.006492036 0.999897063 -0.012795750 -6.495431900 0.007107106 0.012841831 0.999892235 315.159454346
0.999964535 0.005607711 -0.006273465 -1.735584974 -0.005672012 0.999931037 -0.010279237 -6.533341408 0.006215390 0.010314456 0.999927461 316.810089111
0.999969065 0.004120224 -0.006689008 -1.729366064 -0.004183232 0.999946773 -0.009433279 -6.578771114 0.006649785 0.009460971 0.999933064 318.446044922
0.999973059 0.003157419 -0.006629971 -1.739935517 -0.003229807 0.999934971 -0.010936172 -6.613241196 0.006595011 0.010957291 0.999918163 320.094573975
0.999978006 0.001910309 -0.006355040 -1.747359037 -0.001980014 0.999937654 -0.010980398 -6.654942513 0.006333669 0.010992741 0.999919534 321.741180420
0.999979079 0.001967687 -0.006156425 -1.755351663 -0.002033764 0.999940157 -0.010745371 -6.704278946 0.006134914 0.010757667 0.999923289 323.369812012
0.999982774 0.002711660 -0.005206128 -1.785394669 -0.002764540 0.999944389 -0.010177161 -6.770034313 0.005178242 0.010191378 0.999934673 324.955078125
0.999979794 0.003902071 -0.005017351 -1.796284676 -0.003956740 0.999932408 -0.010932688 -6.814771652 0.004974351 0.010952320 0.999927640 326.614593506
0.999981463 0.004442818 -0.004170452 -1.815067649 -0.004490636 0.999923408 -0.011527408 -6.862598419 0.004118919 0.011545922 0.999924839 328.249206543
0.999989390 0.002843019 -0.003626189 -1.816397429 -0.002876260 0.999953568 -0.009195076 -6.914475441 0.003599878 0.009205408 0.999951184 329.870208740
0.999991834 0.002254770 -0.003360369 -1.837198973 -0.002284928 0.999956846 -0.008997696 -6.947387695 0.003339937 0.009005300 0.999953806 331.475891113
0.999993503 0.000954340 -0.003489263 -1.848412514 -0.000988986 0.999950171 -0.009941108 -6.995330334 0.003479602 0.009944495 0.999944448 333.127105713
0.999991059 0.002524223 -0.003406388 -1.857352734 -0.002558235 0.999946594 -0.010017639 -7.040044308 0.003380920 0.010026267 0.999943972 334.760864258
0.999986172 0.004222261 -0.003131370 -1.882027626 -0.004259065 0.999920845 -0.011841385 -7.088652611 0.003081124 0.011854559 0.999925017 336.366027832
0.999970853 0.006865176 -0.003350872 -1.904250264 -0.006917741 0.999849081 -0.015935864 -7.122878075 0.003240964 0.015958579 0.999867380 337.958282471
0.999949872 0.008552953 -0.005190279 -1.895147085 -0.008632265 0.999843299 -0.015455841 -7.166228771 0.005057272 0.015499873 0.999867082 339.608489990
0.999936342 0.009399488 -0.006231678 -1.908485293 -0.009472874 0.999884903 -0.011853833 -7.215714455 0.006119540 0.011912113 0.999910295 341.241333008
0.999920905 0.010320654 -0.007192830 -1.929355979 -0.010386254 0.999904335 -0.009143364 -7.263690948 0.007097776 0.009217349 0.999932289 342.852661133
0.999906659 0.010583621 -0.008633699 -1.937369585 -0.010671086 0.999891579 -0.010148183 -7.311642170 0.008525359 0.010239366 0.999911249 344.474365234
0.999896169 0.010195451 -0.010195993 -1.977889657 -0.010316008 0.999876678 -0.011842029 -7.359066963 0.010073998 0.011945978 0.999877870 346.094146729
0.999891639 0.008820068 -0.011783354 -1.999912500 -0.008943318 0.999905407 -0.010448391 -7.404170036 0.011690085 0.010552641 0.999875903 347.708099365
0.999892414 0.007614419 -0.012544595 -2.032977104 -0.007739237 0.999920726 -0.009931380 -7.452364922 0.012467979 0.010027394 0.999871910 349.334594727
0.999880016 0.007621128 -0.013481898 -2.045502424 -0.007764982 0.999913156 -0.010650303 -7.504248619 0.013399558 0.010753713 0.999852359 350.934570312
0.999879718 0.007156600 -0.013760731 -2.072563648 -0.007314172 0.999907911 -0.011434802 -7.554238319 0.013677627 0.011534074 0.999839902 352.531433105
0.999876738 0.007978777 -0.013516460 -2.104603291 -0.008140452 0.999895453 -0.011948940 -7.593070984 0.013419709 0.012057497 0.999837220 354.114471436
0.999886453 0.007530628 -0.013051478 -2.136685610 -0.007688854 0.999897063 -0.012115706 -7.637904167 0.012958895 0.012214681 0.999841452 355.720825195
0.999891698 0.006865955 -0.013017828 -2.162492037 -0.007028335 0.999897480 -0.012469266 -7.691349983 0.012930881 0.012559409 0.999837577 357.332672119
0.999886811 0.007257844 -0.013179014 -2.195310831 -0.007440342 0.999876380 -0.013851995 -7.731660366 0.013076848 0.013948483 0.999817252 358.943786621
0.999892831 0.007449993 -0.012602165 -2.221423388 -0.007622086 0.999877632 -0.013663512 -7.788999557 0.012498829 0.013758101 0.999827266 360.529327393
0.999893367 0.005709428 -0.013440278 -2.243070602 -0.005896959 0.999885201 -0.013954904 -7.837926388 0.013359061 0.014032672 0.999812305 362.170166016
0.999904990 0.004110872 -0.013158314 -2.275961161 -0.004308784 0.999877453 -0.015048049 -7.889252663 0.013094840 0.015103318 0.999800265 363.769012451
0.999910474 0.002184270 -0.013201623 -2.295662403 -0.002360879 0.999907732 -0.013377067 -7.933275223 0.013171185 0.013407038 0.999823391 365.365112305
0.999914885 0.000532193 -0.013035102 -2.318053722 -0.000699669 0.999917269 -0.012846865 -7.979020119 0.013027188 0.012854892 0.999832511 366.971862793
0.999893963 0.000726707 -0.014538832 -2.316576004 -0.000926353 0.999905288 -0.013729894 -8.031957626 0.014527476 0.013741908 0.999800026 368.620666504
0.999897003 0.001964385 -0.014216844 -2.351818323 -0.002170304 0.999892771 -0.014483267 -8.078943253 0.014186868 0.014512629 0.999794006 370.247497559
0.999905050 0.003201025 -0.013403521 -2.383529425 -0.003379090 0.999906063 -0.013283382 -8.129276276 0.013359740 0.013327412 0.999821842 371.836700439
0.999913096 0.004366941 -0.012448799 -2.423181534 -0.004522057 0.999912143 -0.012459453 -8.180252075 0.012393298 0.012514663 0.999844909 373.409057617
0.999919116 0.004890166 -0.011738278 -2.454891205 -0.005040602 0.999905050 -0.012820703 -8.226585388 0.011674467 0.012878833 0.999848962 375.031005859
0.999922216 0.005311787 -0.011283659 -2.487961292 -0.005468204 0.999888778 -0.013876988 -8.266705513 0.011208693 0.013937610 0.999840081 376.646026611
0.999930382 0.004619629 -0.010856101 -2.510103703 -0.004766499 0.999896944 -0.013542125 -8.322799683 0.010792422 0.013592931 0.999849319 378.254608154
0.999914348 0.005215391 -0.012005778 -2.510883570 -0.005384895 0.999885678 -0.014129813 -8.374570847 0.011930713 0.014193252 0.999828100 379.951538086
0.999918461 0.006578366 -0.010948685 -2.543734789 -0.006730484 0.999880493 -0.013915321 -8.423508644 0.010855839 0.013987875 0.999843240 381.587646484
0.999908268 0.008460672 -0.010582983 -2.573655128 -0.008603332 0.999871671 -0.013508117 -8.468423843 0.010467338 0.013597924 0.999852717 383.210296631
0.999896765 0.009381457 -0.010875190 -2.591597080 -0.009536379 0.999852538 -0.014282310 -8.516901970 0.010739597 0.014384546 0.999838829 384.861816406
