1.000000000 0.000000000 0.000000000 0.000000000 0.000000000 1.000000000 0.000000000 0.000000000 0.000000000 0.000000000 1.000000000 0.000000000
0.999997437 -0.001801075 -0.001380519 -0.000264671 0.001799639 0.999997854 -0.001041096 -0.009084821 0.001382391 0.001038609 0.999998510 0.562347293
0.999994695 -0.002220475 -0.002389905 -0.009785806 0.002215308 0.999995232 -0.002162744 -0.024051789 0.002394696 0.002157438 0.999994814 1.123855948
0.999984562 -0.002481523 -0.004974246 -0.000086911 0.002461757 0.999989092 -0.003975993 -0.028687172 0.004984058 0.003963686 0.999979734 1.685313821
0.999965072 -0.004468273 -0.007067092 -0.002708710 0.004427063 0.999973178 -0.005836152 -0.037303291 0.007092981 0.005804661 0.999957979 2.251490831
0.999941111 -0.006782442 -0.008479087 -0.012631715 0.006715870 0.999946594 -0.007855252 -0.049749013 0.008531912 0.007797845 0.999933243 2.807323456
0.999919832 -0.007938344 -0.009860929 -0.018891394 0.007856123 0.999934316 -0.008348854 -0.066075571 0.009926557 0.008270714 0.999916553 3.380557775
0.999902964 -0.008430369 -0.011089955 -0.031688977 0.008344191 0.999934793 -0.007794290 -0.076938823 0.011154941 0.007700997 0.999908090 3.960621834
0.999883533 -0.008994820 -0.012329592 -0.038291186 0.008899928 0.999930561 -0.007729421 -0.099507213 0.012398260 0.007618788 0.999894083 4.549760342
0.999877453 -0.008179688 -0.013345124 -0.052346960 0.008035641 0.999909222 -0.010812227 -0.109787293 0.013432353 0.010703665 0.999852479 5.137428761
0.999875247 -0.006471805 -0.014408191 -0.069318444 0.006260447 0.999872863 -0.014666350 -0.125084758 0.014501277 0.014574319 0.999788582 5.735029697
0.999862850 -0.005206614 -0.015720058 -0.084659733 0.004913078 0.999813974 -0.018653896 -0.133443177 0.015814258 0.018574107 0.999702394 6.349258900
0.999839962 -0.003208872 -0.017599687 -0.091408819 0.002885956 0.999827623 -0.018342672 -0.151538670 0.017655512 0.018288946 0.999676764 6.980100632
0.999826133 -0.000534870 -0.018636210 -0.112634264 0.000316008 0.999931037 -0.011744911 -0.162238151 0.018641206 0.011736978 0.999757349 7.630589485
0.999821126 0.000167725 -0.018909583 -0.136893019 -0.000191280 0.999999166 -0.001243902 -0.172896862 0.018909357 0.001247296 0.999820471 8.292206764
0.999795020 0.001016711 -0.020219622 -0.145890072 -0.000897537 0.999982178 0.005902197 -0.193947047 0.020225260 -0.005882838 0.999778271 8.967556953
0.999771833 0.003247109 -0.021115674 -0.170881152 -0.003143460 0.999982893 0.004939999 -0.208963066 0.021131353 -0.004872496 0.999764860 9.649570465
0.999748588 0.005355394 -0.021773936 -0.196345344 -0.005405273 0.999982893 -0.002232575 -0.217576206 0.021761606 0.002349709 0.999760449 10.342133522
0.999713242 0.004951687 -0.023425596 -0.208341181 -0.005144659 0.999953270 -0.008184634 -0.217899799 0.023383971 0.008302803 0.999692082 11.053263664
0.999699235 0.002732914 -0.024368398 -0.230051115 -0.002896973 0.999973476 -0.006699704 -0.218898579 0.024349436 0.006768284 0.999680638 11.797003746
0.999693990 0.001954284 -0.024657905 -0.249079317 -0.001894084 0.999995232 0.002464533 -0.227157354 0.024662601 -0.002417075 0.999692976 12.556393623
0.999688864 0.001434941 -0.024899036 -0.275142163 -0.001184267 0.999948502 0.010079425 -0.235398814 0.024912214 -0.010046803 0.999639213 13.341653824
0.999666631 0.000811588 -0.025806064 -0.296603173 -0.000486157 0.999920309 0.012614394 -0.239772022 0.025814250 -0.012597646 0.999587297 14.129175186
0.999659956 -0.001124112 -0.026053116 -0.317048669 0.001419332 0.999934971 0.011315732 -0.235693544 0.026038699 -0.011348862 0.999596477 14.939544678
0.999674559 -0.001526851 -0.025465254 -0.342852563 0.001755227 0.999958336 0.008948189 -0.233687699 0.025450530 -0.008989974 0.999635637 15.767293930
0.999694407 0.001179137 -0.024693070 -0.371573657 -0.001049656 0.999985576 0.005255938 -0.231666654 0.024698913 -0.005228413 0.999681234 16.616622925
0.999710619 -0.002123463 -0.023962514 -0.391973168 0.002120343 0.999997735 -0.000155621 -0.239064083 0.023962792 0.000104768 0.999712825 17.475225449
0.999722660 -0.004767453 -0.023063980 -0.411356658 0.004622725 0.999969363 -0.006324343 -0.251313150 0.023093425 0.006215970 0.999713957 18.352876663
0.999753654 -0.003603406 -0.021903858 -0.435703218 0.003339772 0.999921620 -0.012060645 -0.258207023 0.021945601 0.011984520 0.999687254 19.249992371
0.999758899 -0.002525230 -0.021811569 -0.462153375 0.002252184 0.999918878 -0.012533904 -0.278239250 0.021841452 0.012481758 0.999683499 20.162960052
0.999748349 -0.002304163 -0.022314938 -0.485498250 0.002037217 0.999926150 -0.011977995 -0.303871632 0.022340888 0.011929519 0.999679327 21.092649460
0.999756694 -0.000817768 -0.022043150 -0.516542614 0.000521883 0.999909759 -0.013425421 -0.324272245 0.022052137 0.013410650 0.999666929 22.039249420
0.999758303 0.002205892 -0.021876624 -0.546987772 -0.002549301 0.999873817 -0.015682094 -0.344842374 0.021839272 0.015734073 0.999637663 22.995525360
0.999741554 0.005820851 -0.021976223 -0.580553293 -0.006181360 0.999846876 -0.016372323 -0.367463559 0.021877561 0.016503934 0.999624431 23.968753815
0.999728560 0.008030407 -0.021871513 -0.612556458 -0.008388712 0.999831259 -0.016340032 -0.398219943 0.021736603 0.016519070 0.999627173 24.943313599
0.999725163 0.008581191 -0.021812892 -0.642235935 -0.008945141 0.999821544 -0.016642572 -0.423912436 0.021666186 0.016833119 0.999623477 25.932931900
0.999718726 0.008531532 -0.022129627 -0.665154934 -0.008899661 0.999822795 -0.016590293 -0.450490505 0.021984162 0.016782571 0.999617398 26.924581528
0.999697745 0.009333789 -0.022744320 -0.690411031 -0.009680844 0.999837637 -0.015196832 -0.482501060 0.022598784 0.015412420 0.999625742 27.926973343
0.999690175 0.009973824 -0.022802789 -0.716837823 -0.010274744 0.999861181 -0.013117646 -0.511872947 0.022668786 0.013347874 0.999653876 28.932161331
0.999669731 0.011122067 -0.023166830 -0.752153575 -0.011408775 0.999859512 -0.012280562 -0.535439849 0.023026988 0.012540808 0.999656320 29.951274872
0.999668002 0.010859405 -0.023368169 -0.778772473 -0.011176108 0.999846876 -0.013465098 -0.560701847 0.023218367 0.013721794 0.999636292 30.977331161
0.999655187 0.012106963 -0.023301572 -0.813563764 -0.012442994 0.999819815 -0.014330335 -0.588558257 0.023123885 0.014615336 0.999625742 32.006122589
0.999654353 0.011476382 -0.023655428 -0.837747455 -0.011796560 0.999840140 -0.013440235 -0.618248641 0.023497401 0.013714642 0.999629796 33.044696808
0.999629915 0.011842734 -0.024487935 -0.867728591 -0.012116710 0.999865234 -0.011070245 -0.637485564 0.024353538 0.011362863 0.999638796 34.083408356
0.999615908 0.012076920 -0.024944404 -0.898812234 -0.012268760 0.999896109 -0.007552033 -0.660525084 0.024850605 0.007855169 0.999660373 35.140872955
0.999601185 0.012188315 -0.025472134 -0.929336309 -0.012328016 0.999909699 -0.005334649 -0.682269931 0.025404815 0.005646544 0.999661386 36.206176758
0.999594808 0.011790335 -0.025905982 -0.962011695 -0.011905369 0.999919891 -0.004290758 -0.711652219 0.025853319 0.004597441 0.999655247 37.272289276
0.999581993 0.011658440 -0.026457615 -0.995186687 -0.011813482 0.999913871 -0.005711235 -0.734173954 0.026388751 0.006021404 0.999633670 38.347969055
0.999557912 0.011317993 -0.027491964 -1.026341200 -0.011506384 0.999911308 -0.006704141 -0.747723997 0.027413648 0.007017511 0.999599516 39.431552887
0.999550104 0.011122564 -0.027854482 -1.065399408 -0.011280274 0.999921203 -0.005511176 -0.768723905 0.027790986 0.005822903 0.999596775 40.514694214
0.999532104 0.011192013 -0.028466977 -1.105103254 -0.011304813 0.999928892 -0.003804684 -0.788263559 0.028422369 0.004124718 0.999587417 41.603778839
0.999499619 0.011044259 -0.029641449 -1.132755756 -0.011084310 0.999937892 -0.001187187 -0.811152577 0.029626496 0.001515148 0.999559820 42.678058624
0.999473870 0.012230772 -0.030040583 -1.166765571 -0.012292841 0.999922693 -0.001882367 -0.829596996 0.030015234 0.002250662 0.999546826 43.771183014
0.999439657 0.013144679 -0.030785615 -1.201890349 -0.013307645 0.999898493 -0.005094659 -0.861825347 0.030715523 0.005501487 0.999512970 44.840446472
0.999440730 0.013827653 -0.030447081 -1.254918814 -0.014098939 0.999862611 -0.008713501 -0.888432741 0.030322410 0.009137899 0.999498427 45.899509430
0.999436975 0.014188550 -0.030406443 -1.293851376 -0.014474299 0.999852896 -0.009198197 -0.912062705 0.030271465 0.009633130 0.999495268 46.984943390
0.999432981 0.014762083 -0.030263782 -1.330587029 -0.014966078 0.999866664 -0.006525156 -0.937180996 0.030163424 0.006974387 0.999520719 48.080772400
0.999427557 0.015357394 -0.030146822 -1.367254376 -0.015494239 0.999870598 -0.004310907 -0.963848889 0.030076714 0.004775543 0.999536216 49.164939880
0.999462843 0.013828812 -0.029711582 -1.409874678 -0.013933733 0.999897361 -0.003327186 -0.985063314 0.029662520 0.003739391 0.999553025 50.244354248
0.999473274 0.014442981 -0.029062741 -1.460170031 -0.014558424 0.999886811 -0.003764510 -1.013639808 0.029005082 0.004185634 0.999570549 51.347152710
0.999467611 0.013297428 -0.029797306 -1.473711014 -0.013481718 0.999891162 -0.005992364 -1.030797482 0.029714389 0.006390892 0.999538004 52.440025330
0.999480844 0.013348667 -0.029324241 -1.512473464 -0.013595071 0.999873757 -0.008219505 -1.054295778 0.029210826 0.008613903 0.999536157 53.527221680
0.999503314 0.011854657 -0.029199539 -1.547447443 -0.012168266 0.999869943 -0.010586040 -1.084691286 0.029070254 0.010936091 0.999517560 54.610954285
0.999516785 0.010902538 -0.029107053 -1.582109809 -0.011311914 0.999838829 -0.013937062 -1.117678046 0.028950412 0.014259584 0.999479175 55.699165344
0.999538720 0.009111268 -0.028971339 -1.615199924 -0.009566347 0.999832392 -0.015608281 -1.152346253 0.028824275 0.015878230 0.999458373 56.787090302
0.999573112 0.007784888 -0.028162105 -1.652307510 -0.008168639 0.999874949 -0.013537134 -1.186081886 0.028053202 0.013761401 0.999511719 57.861366272
0.999578416 0.006376086 -0.028324736 -1.674962044 -0.006595051 0.999949038 -0.007643847 -1.205677867 0.028274555 0.007827429 0.999569535 58.928771973
0.999582887 0.004432637 -0.028537568 -1.711540461 -0.004486341 0.999988258 -0.001818144 -1.226947069 0.028529175 0.001945415 0.999591053 60.012771606
0.999593496 0.002848335 -0.028369498 -1.745590687 -0.002886160 0.999994934 -0.001292407 -1.248620629 0.028365679 0.001373760 0.999596655 61.105968475
0.999605775 -0.000376861 -0.028075669 -1.778472900 0.000264072 0.999991894 -0.004020869 -1.271246910 0.028076956 0.004011869 0.999597728 62.194675446
0.999593139 -0.002219721 -0.028437091 -1.804522514 0.002007716 0.999970019 -0.007481570 -1.292203069 0.028452845 0.007421433 0.999567568 63.285923004
0.999620020 0.000650176 -0.027557772 -1.859550118 -0.000948524 0.999941051 -0.010814597 -1.333947182 0.027549116 0.010836625 0.999561667 64.385490417
0.999617159 0.000648339 -0.027660839 -1.888803840 -0.001069608 0.999883592 -0.015217691 -1.359004974 0.027647754 0.015241450 0.999501526 65.455444336
0.999626398 0.002432470 -0.027222689 -1.918512583 -0.002865958 0.999869525 -0.015896130 -1.387817502 0.027180474 0.015968213 0.999502957 66.560943604
0.999616027 0.005649778 -0.027126929 -1.943097949 -0.006006824 0.999896109 -0.013098619 -1.406682730 0.027050106 0.013256534 0.999546111 67.669288635
0.999619842 0.007002880 -0.026664473 -1.984072208 -0.007298962 0.999912620 -0.011022858 -1.437774897 0.026584949 0.011213291 0.999583662 68.764877319
0.999616444 0.006419876 -0.026940467 -2.014085531 -0.006697412 0.999925315 -0.010224249 -1.466448545 0.026872814 0.010400758 0.999584794 69.867950439
0.999612272 0.004745547 -0.027437285 -2.037382364 -0.005002716 0.999944150 -0.009311908 -1.494557619 0.027391559 0.009445559 0.999580204 70.965065002
0.999596536 0.003863114 -0.028141789 -2.066019535 -0.004095897 0.999957800 -0.008218762 -1.522612810 0.028108852 0.008330709 0.999570191 72.068572998
0.999614120 0.001824733 -0.027719362 -2.105058193 -0.002000665 0.999978006 -0.006320486 -1.543472290 0.027707221 0.006373503 0.999595761 73.165809631
0.999608636 0.000990157 -0.027956445 -2.151409388 -0.001102334 0.999991477 -0.003997433 -1.584175110 0.027952246 0.004026687 0.999601185 74.252281189
0.999556839 0.000412558 -0.029765168 -2.149145126 -0.000590977 0.999981880 -0.005985652 -1.597581863 0.029762156 0.006000589 0.999539018 75.333038330
0.999537766 0.000434043 -0.030398700 -2.184922695 -0.000729143 0.999952734 -0.009697242 -1.624510765 0.030393051 0.009714922 0.999490857 76.417427063
0.999518633 0.001160014 -0.031001583 -2.221762419 -0.001535268 0.999925852 -0.012083273 -1.649079084 0.030985266 0.012125053 0.999446332 77.499984741
0.999489188 0.002529595 -0.031855952 -2.256701946 -0.002854999 0.999944270 -0.010173496 -1.682017207 0.031828437 0.010259249 0.999440730 78.575103760
0.999483526 0.004444294 -0.031824123 -2.312686920 -0.004624138 0.999973774 -0.005579819 -1.716227889 0.031798486 0.005724097 0.999477923 79.649490356
0.999443769 0.005529040 -0.032886714 -2.349813223 -0.005606020 0.999981761 -0.002248995 -1.735032916 0.032873679 0.002432109 0.999456644 80.739135742
0.999415934 0.007526809 -0.033333186 -2.385296822 -0.007603120 0.999968708 -0.002163156 -1.747094631 0.033315863 0.002415329 0.999441981 81.810859680
0.999399245 0.007179125 -0.033907738 -2.426965237 -0.007332186 0.999963462 -0.004391848 -1.767973185 0.033874970 0.004637828 0.999415398 82.874076843
0.999385774 0.007046734 -0.034327753 -2.471997023 -0.007235168 0.999959469 -0.005368120 -1.786882281 0.034288533 0.005613190 0.999396205 83.932319641
0.999356747 0.006387391 -0.035288576 -2.506664991 -0.006564331 0.999966502 -0.004900501 -1.825251341 0.035256095 0.005128995 0.999365151 84.996284485
0.999328196 0.005288256 -0.036266621 -2.542535305 -0.005455827 0.999974966 -0.004523106 -1.856050491 0.036241785 0.004717932 0.999331951 86.024513245
0.999301434 0.004948782 -0.037041280 -2.575839758 -0.005082319 0.999980927 -0.003511807 -1.869480252 0.037023198 0.003697610 0.999307573 87.026878357
0.999280870 0.005424270 -0.037528194 -2.625133038 -0.005461209 0.999984801 -0.000881868 -1.892614603 0.037522834 0.001086183 0.999295235 88.026374817
0.999231517 0.004263357 -0.038963035 -2.657131672 -0.004255600 0.999990880 0.000282008 -1.916885376 0.038963880 -0.000115980 0.999240637 89.013656616
0.999150991 0.003491085 -0.041050874 -2.703567505 -0.003472048 0.999993801 0.000535033 -1.941957593 0.041052487 -0.000392048 0.999156952 89.979721069
0.999029756 0.002033987 -0.043992236 -2.746668816 -0.002061960 0.999997735 -0.000590514 -1.962117195 0.043990932 0.000680651 0.999031663 90.903274536
0.998879254 0.002088660 -0.047284730 -2.800762177 -0.002159576 0.999996603 -0.001448734 -1.980378389 0.047281537 0.001549225 0.998880386 91.771789551
0.998724401 0.001760013 -0.050463505 -2.848745346 -0.001819250 0.999997675 -0.001127936 -2.001392841 0.050461404 0.001218303 0.998725235 92.665641785
0.998564184 0.003358259 -0.053463537 -2.904721260 -0.003376419 0.999994278 -0.000249345 -2.021266937 0.053462394 0.000429502 0.998569727 93.530166626
0.998411179 0.004330321 -0.056182154 -2.962869406 -0.004262926 0.999990046 0.001319375 -2.047623634 0.056187309 -0.001077778 0.998419642 94.369163513
0.998173356 0.004937708 -0.060212512 -3.004770756 -0.004804162 0.999985635 0.002362476 -2.060032845 0.060223304 -0.002068889 0.998182774 95.206573486
0.998023093 0.005557375 -0.062601700 -3.062594175 -0.005353922 0.999979794 0.003417231 -2.080353260 0.062619433 -0.003075310 0.998032689 95.976966858
0.997819006 0.008907604 -0.065405913 -3.108726978 -0.008707357 0.999956489 0.003346075 -2.094085693 0.065432876 -0.002769264 0.997853160 96.718322754
0.997622550 0.010729556 -0.068075538 -3.167603970 -0.010605760 0.999941409 0.002179680 -2.111482859 0.068094932 -0.001452504 0.997677863 97.453994751
0.997436523 0.011666719 -0.070600472 -3.225193024 -0.011805698 0.999929130 -0.001551574 -2.128963947 0.070577368 0.002381085 0.997503519 98.153327942
0.997218847 0.014254643 -0.073153451 -3.282809973 -0.014676259 0.999878645 -0.005229126 -2.147071838 0.073070042 0.006288202 0.997307003 98.822151184
0.997053146 0.016200265 -0.074984349 -3.343240261 -0.016842343 0.999826610 -0.007938404 -2.161938429 0.074842751 0.009177923 0.997153163 99.453475952
0.996911287 0.018218653 -0.076393604 -3.385380268 -0.018961903 0.999779522 -0.009015145 -2.179198265 0.076212518 0.010435869 0.997036994 100.079696655
0.996912777 0.020611444 -0.075763874 -3.436064243 -0.021306226 0.999737859 -0.008373426 -2.200747252 0.075571433 0.009961819 0.997090638 100.653030396
0.997124970 0.024842262 -0.071587257 -3.501228809 -0.025395423 0.999654174 -0.006827140 -2.219460487 0.071392909 0.008625500 0.997411072 101.210578918
0.997439384 0.027240802 -0.066126965 -3.546493292 -0.027653780 0.999603271 -0.005337761 -2.238644600 0.065955333 0.007152754 0.997796953 101.746582031
0.997891605 0.028336376 -0.058391642 -3.574717760 -0.028598918 0.999584198 -0.003665250 -2.245917797 0.058263510 0.005327460 0.998287022 102.272285461
0.998394310 0.028234877 -0.049108554 -3.591757298 -0.028337043 0.999597430 -0.001385331 -2.254143000 0.049049679 0.002774697 0.998792470 102.779151917
0.998942971 0.027894279 -0.036535338 -3.617640018 -0.027914368 0.999610364 -0.000039756 -2.269319057 0.036519982 0.001059575 0.999332368 103.247497559
0.999361217 0.027085142 -0.023316270 -3.615287542 -0.027093263 0.999632955 -0.000032488 -2.281318426 0.023306839 0.000664181 0.999728203 103.701431274
0.999594569 0.027211733 -0.008378915 -3.606661081 -0.027219154 0.999629200 -0.000773128 -2.295236826 0.008354768 0.001000882 0.999964654 104.127281189
0.999644220 0.025186073 0.008791823 -3.568662643 -0.025154464 0.999676764 -0.003687894 -2.314912558 -0.008881856 0.003465427 0.999954581 104.567070007
0.999219656 0.024987552 0.030587334 -3.555544853 -0.024745300 0.999659538 -0.008272984 -2.325250864 -0.030783638 0.007509636 0.999497890 104.982498169
0.998233497 0.022898041 0.054824233 -3.513956070 -0.022166900 0.999657512 -0.013907397 -2.326016426 -0.055123907 0.012667545 0.998399138 105.377624512
0.996459365 0.020422734 0.081557788 -3.451073647 -0.019104147 0.999674439 -0.016915329 -2.338177681 -0.081876695 0.015297344 0.996525049 105.770187378
0.993586183 0.017699089 0.111683190 -3.387761116 -0.015812712 0.999717355 -0.017753728 -2.358093500 -0.111965843 0.015873842 0.993585229 106.142173767
0.989372671 0.015257549 0.144599766 -3.318337440 -0.012521994 0.999725401 -0.019809458 -2.368488789 -0.144862309 0.017788259 0.989291906 106.502983093
0.983485520 0.013471149 0.180484846 -3.240224838 -0.009720323 0.999718308 -0.021650357 -2.375817299 -0.180725694 0.019538440 0.983339489 106.845809937
0.975579023 0.009762154 0.219431713 -3.131759644 -0.005103866 0.999749660 -0.021785742 -2.395285130 -0.219589442 0.020133764 0.975384533 107.219482422
0.965786695 0.008031650 0.259213448 -3.010532379 -0.002293036 0.999745786 -0.022433346 -2.414022684 -0.259327680 0.021071443 0.965559542 107.544815063
0.953716218 0.007156961 0.300622761 -2.896383286 -0.000345288 0.999742210 -0.022705557 -2.443836689 -0.300707757 0.021550857 0.953472733 107.840080261
0.938683331 0.008684803 0.344671100 -2.731761932 -0.000908281 0.999741495 -0.022717228 -2.465892553 -0.344779283 0.021011224 0.938448608 108.181732178
0.921315491 0.009739800 0.388693660 -2.553520203 -0.001213857 0.999753296 -0.022174414 -2.467937469 -0.388813674 0.019957814 0.921100199 108.509590149
0.901103377 0.009484516 0.433500528 -2.375801086 -0.000257499 0.999772191 -0.021338664 -2.474242210 -0.433604181 0.019116722 0.900900662 108.811157227
0.878125191 0.007855491 0.478366315 -2.181995392 0.002754336 0.999765575 -0.021473709 -2.492482185 -0.478422970 0.020174192 0.877897799 109.097160339
0.852575123 0.008335909 0.522538126 -1.983985901 0.004727442 0.999708772 -0.023661397 -2.504052401 -0.522583246 0.022643387 0.852287471 109.377182007
0.824829996 0.010268725 0.565287471 -1.760810852 0.005711077 0.999632716 -0.026492046 -2.525648594 -0.565351844 0.025079839 0.824468493 109.652839661
0.793489814 0.015099868 0.608396113 -1.533176422 0.004516886 0.999518454 -0.030698255 -2.542545557 -0.608566761 0.027106812 0.793039620 109.929183960
0.759175420 0.021266565 0.650538504 -1.289466858 0.001900584 0.999389350 -0.034888715 -2.551434040 -0.650883257 0.027723059 0.758671463 110.183746338
0.721815348 0.025948148 0.691599011 -1.011844635 0.000832545 0.999263644 -0.038360357 -2.552280903 -0.692085147 0.028264886 0.721262336 110.441352844
0.682450116 0.026025796 0.730468512 -0.717994690 0.004725331 0.999187887 -0.040014677 -2.556566238 -0.730916858 0.030759733 0.681773067 110.669883728
0.642522693 0.023116903 0.765917897 -0.395664215 0.009747663 0.999217331 -0.038335580 -2.570894003 -0.766204715 0.032097396 0.641794443 110.866500854
0.598384261 0.022205910 0.800901413 -0.082107544 0.010702272 0.999305189 -0.035702955 -2.579195738 -0.801137805 0.029935557 0.597730875 111.049819946
0.555278242 0.020615922 0.831408978 0.286941528 0.009651164 0.999465585 -0.031228902 -2.616136074 -0.831608653 0.025364790 0.554782689 111.213241577
0.506872535 0.018329091 0.861826062 0.645397186 0.012664489 0.999507666 -0.028705735 -2.618249416 -0.861927867 0.025464734 0.506390870 111.388221741
0.455898881 0.014348883 0.889915943 1.014057159 0.015220676 0.999598086 -0.023914851 -2.639420986 -0.889901459 0.024447871 0.455497235 111.540245056
0.404363334 0.014566761 0.914482355 1.378993988 0.011718342 0.999708533 -0.021105908 -2.661201239 -0.914523363 0.019250674 0.404074848 111.668624878
0.353213966 0.019492423 0.935339451 1.750236511 0.007833485 0.999686241 -0.023791578 -2.680096149 -0.935509741 0.015730487 0.352950394 111.780181885
0.303134114 0.024808152 0.952625036 2.127677917 0.007977238 0.999559939 -0.028568862 -2.686184406 -0.952914476 0.016259512 0.302802801 111.869010925
0.256988674 0.026430497 0.966052890 2.527387619 0.010033992 0.999498963 -0.030014794 -2.704714775 -0.966362417 0.017406827 0.256594718 111.935829163
0.215260088 0.026228130 0.976204515 2.949844360 0.018386759 0.999353111 -0.030904491 -2.711309433 -0.976383567 0.024601741 0.214638621 111.998489380
0.180748671 0.026072349 0.983183682 3.375757217 0.024877537 0.999207556 -0.031070769 -2.730073690 -0.983214676 0.030075191 0.179956764 112.036392212
0.150314331 0.026694451 0.988277793 3.785636902 0.028010976 0.999118984 -0.031247679 -2.764470577 -0.988241315 0.032379597 0.149434149 112.064765930
0.121828020 0.025365079 0.992227077 4.319433212 0.026322328 0.999239206 -0.028776258 -2.778221607 -0.992202163 0.029623479 0.121067703 112.136085510
0.096262902 0.022725081 0.995096505 4.831458092 0.020838704 0.999474168 -0.024840938 -2.769540310 -0.995137811 0.023127781 0.095738679 112.200302124
0.072862148 0.018371288 0.997172832 5.300711632 0.013925275 0.999714077 -0.019435609 -2.807095766 -0.997244835 0.015302025 0.072585523 112.202232361
0.049171805 0.016039895 0.998661518 5.786828518 0.018715173 0.999680638 -0.016977755 -2.815979242 -0.998614967 0.019524951 0.048855841 112.233428955
0.029706478 0.016267858 0.999426246 6.232361794 0.023780396 0.999573112 -0.016977083 -2.859737873 -0.999275804 0.024271086 0.029306859 112.198745728
0.012289941 0.018381696 0.999755502 6.819664955 0.033167668 0.999273241 -0.018780556 -2.866503477 -0.999374151 0.033390373 0.011671215 112.191833496
-0.002507716 0.024372851 0.999699771 7.407553196 0.032004394 0.999192774 -0.024280207 -2.864284515 -0.999484539 0.031933904 -0.003285706 112.199356079
-0.013055493 0.029028792 0.999493301 7.913973808 0.027986130 0.999197543 -0.028654642 -2.888781548 -0.999523044 0.027597848 -0.013857421 112.168601990
-0.019487798 0.028797416 0.999395311 8.540742874 0.029972278 0.999152720 -0.028205980 -2.905878544 -0.999360740 0.029404476 -0.020334410 112.152481079
-0.022159139 0.025479477 0.999429643 9.180889130 0.036295347 0.999036670 -0.024664724 -2.928709745 -0.999095500 0.035728097 -0.023062579 112.126510620
-0.021736082 0.023520093 0.999486983 9.853174210 0.037665449 0.999032676 -0.022690283 -2.953893661 -0.999054074 0.037152924 -0.022600953 112.113121033
-0.019518567 0.023519965 0.999532700 10.522608757 0.036652595 0.999068022 -0.022793286 -2.972265005 -0.999137402 0.036190573 -0.020362446 112.096725464
-0.018306697 0.023503967 0.999556124 11.236876488 0.033187680 0.999186993 -0.022887461 -3.003596306 -0.999281466 0.032753952 -0.019071857 112.099494934
-0.016744344 0.025104307 0.999544561 11.942063332 0.032557636 0.999168396 -0.024549447 -3.016168118 -0.999329627 0.032131743 -0.017547753 112.087852478
-0.015750306 0.026137393 0.999534249 12.664793015 0.032090109 0.999156535 -0.025621850 -3.035855293 -0.999360859 0.031671610 -0.016575772 112.076660156
-0.015952742 0.025707705 0.999542177 13.420731544 0.030688874 0.999211013 -0.025209390 -3.066169262 -0.999401689 0.030272666 -0.016729098 112.093292236
-0.014935422 0.023865582 0.999603570 14.191263199 0.030098636 0.999272823 -0.023407966 -3.099557877 -0.999435365 0.029737100 -0.015642883 112.070571899
-0.014692338 0.022281673 0.999643743 14.976356506 0.032187726 0.999244094 -0.021799682 -3.136588097 -0.999373794 0.031855971 -0.015398429 112.077308655
-0.014987386 0.020311436 0.999681354 15.761705399 0.032286577 0.999282241 -0.019819280 -3.150652409 -0.999366283 0.031979255 -0.015632417 112.055900574
-0.016482415 0.018695034 0.999689460 16.551246643 0.029826876 0.999389470 -0.018197656 -3.175097466 -0.999419153 0.029517667 -0.017029963 112.055435181
-0.017496182 0.017568018 0.999692619 17.343647003 0.029126668 0.999430180 -0.017053649 -3.199734688 -0.999422550 0.028819343 -0.017997909 112.041030884
-0.018579550 0.014876705 0.999716759 18.157670975 0.031381752 0.999405265 -0.014288846 -3.224448681 -0.999334753 0.031107387 -0.019035356 112.021659851
-0.020095389 0.013521273 0.999706686 18.969490051 0.032358091 0.999393463 -0.012866599 -3.241597176 -0.999274313 0.032090038 -0.020520721 112.010162354
-0.021627281 0.012318115 0.999690175 19.802341461 0.030368008 0.999470890 -0.011658425 -3.274253368 -0.999304771 0.030106461 -0.021989910 111.993171692
-0.022856660 0.017575795 0.999584258 20.617471695 0.026388751 0.999507666 -0.016971041 -3.292953014 -0.999390423 0.025989881 -0.023309212 111.987220764
-0.023719575 0.021635972 0.999484539 21.464658737 0.029123176 0.999356449 -0.020942053 -3.322330475 -0.999294341 0.028611425 -0.024334420 111.972839355
-0.024666451 0.023677142 0.999415278 22.287460327 0.029711552 0.999295235 -0.022940986 -3.342113972 -0.999254107 0.029128307 -0.025352551 111.948684692
-0.026617439 0.022185346 0.999399483 23.134464264 0.025860928 0.999434352 -0.021497358 -3.363222837 -0.999311149 0.025273196 -0.027176119 111.950027466
-0.027296910 0.017831320 0.999468267 23.996664047 0.022536436 0.999597728 -0.017218126 -3.397448301 -0.999373436 0.022054454 -0.027687782 111.919624329
-0.028274514 0.012696650 0.999519527 24.852951050 0.020974938 0.999706805 -0.012105684 -3.422122955 -0.999380171 0.020622576 -0.028532531 111.907997131
-0.028535007 0.007395345 0.999565363 25.709421158 0.017459095 0.999823749 -0.006898844 -3.441708565 -0.999440372 0.017254647 -0.028659090 111.891921997
-0.028281914 0.005544425 0.999584675 26.553596497 0.014866164 0.999876380 -0.005125425 -3.472584963 -0.999489427 0.014715032 -0.028360836 111.875053406
-0.027730456 0.012463570 0.999537706 27.397237778 0.017393978 0.999776959 -0.011983987 -3.502686024 -0.999464154 0.017053617 -0.027941056 111.857223511
-0.026260413 0.024169948 0.999362886 28.224599838 0.019751715 0.999525070 -0.023654852 -3.522275448 -0.999460042 0.019117944 -0.026725337 111.829826355
-0.026627859 0.029478390 0.999210715 29.087331772 0.021639392 0.999347925 -0.028905772 -3.546490431 -0.999411225 0.020852616 -0.027248386 111.830139160
-0.025339577 0.023662522 0.999398768 29.925004959 0.022992110 0.999469161 -0.023081228 -3.577788830 -0.999414504 0.022393418 -0.025870174 111.814659119
-0.023897476 0.016077690 0.999585092 30.778448105 0.025153300 0.999563932 -0.015475995 -3.603526831 -0.999397933 0.024773031 -0.024291461 111.783416748
-0.023632631 0.013417542 0.999630749 31.611642838 0.026718477 0.999561250 -0.012784952 -3.627735615 -0.999363661 0.026406465 -0.023980759 111.764060974
-0.023973573 0.013938000 0.999615490 32.441497803 0.024886671 0.999601245 -0.013340952 -3.656241894 -0.999402761 0.024557272 -0.024310883 111.751296997
-0.024592184 0.014786394 0.999588251 33.253875732 0.021948110 0.999657512 -0.014247446 -3.684654713 -0.999456644 0.021588692 -0.024908295 111.736106873
-0.026673550 0.014427503 0.999540031 34.056083679 0.019596111 0.999711215 -0.013907037 -3.713456869 -0.999452114 0.019216150 -0.026948569 111.725555420
-0.029199287 0.015387915 0.999455154 34.899868011 0.019716682 0.999695837 -0.014815595 -3.726101160 -0.999379098 0.019273339 -0.029493801 111.710578918
-0.031926986 0.015972249 0.999362588 35.717155457 0.018496422 0.999710500 -0.015386898 -3.751300573 -0.999319017 0.017993374 -0.032213174 111.704673767
-0.034244478 0.014900644 0.999302387 36.513877869 0.014907072 0.999785185 -0.014397001 -3.796297789 -0.999302328 0.014403655 -0.034459248 111.687171936
-0.035631932 0.014815213 0.999255300 37.289382935 0.013190596 0.999809980 -0.014353083 -3.804174900 -0.999277890 0.012669344 -0.035820588 111.659843445
-0.038148537 0.013759218 0.999177396 38.102416992 0.013998889 0.999814451 -0.013233514 -3.828869343 -0.999174058 0.013482533 -0.038334079 111.639808655
-0.040596414 0.013540938 0.999083877 38.902153015 0.013062719 0.999829888 -0.013020263 -3.860347271 -0.999090254 0.012522176 -0.040766388 111.620254517
-0.042351812 0.014797474 0.998993099 39.681568146 0.013013843 0.999813616 -0.014257911 -3.880854368 -0.999018013 0.012396892 -0.042536482 111.585716248
-0.043091934 0.014682940 0.998963177 40.454208374 0.013464982 0.999809742 -0.014114548 -3.910665274 -0.998980284 0.012842799 -0.043281436 111.550842285
-0.043755081 0.013560390 0.998950243 41.229900360 0.015403535 0.999798179 -0.012897208 -3.934739351 -0.998923481 0.014823047 -0.043955129 111.512031555
-0.044905022 0.013400417 0.998901427 41.969615936 0.015988359 0.999791563 -0.012693611 -3.954448700 -0.998863399 0.015400786 -0.045109905 111.472587585
-0.046588380 0.012718461 0.998833239 42.751743317 0.014396164 0.999823689 -0.012059595 -3.984103203 -0.998810470 0.013817531 -0.046763264 111.454833984
-0.048246678 0.012585141 0.998756170 43.482521057 0.014514567 0.999823868 -0.011897445 -3.998778105 -0.998730004 0.013922500 -0.048420850 111.426551819
-0.050023936 0.010520034 0.998692632 44.261631012 0.011217632 0.999887288 -0.009970733 -4.022808075 -0.998685002 0.010704192 -0.050136305 111.421051025
-0.050990090 0.010391093 0.998645186 44.979385376 0.011669940 0.999883711 -0.009808123 -4.044311523 -0.998630941 0.011154012 -0.051105428 111.390594482
-0.051081214 0.012809486 0.998612463 45.680393219 0.011839362 0.999855220 -0.012219818 -4.069873333 -0.998624265 0.011198729 -0.051225483 111.357139587
-0.050965250 0.015628003 0.998578131 46.375896454 0.011959881 0.999815226 -0.015036961 -4.093011379 -0.998628795 0.011176513 -0.051142756 111.323272705
-0.051010668 0.017230012 0.998549521 47.075523376 0.010591156 0.999804318 -0.016710617 -4.116874218 -0.998641968 0.009723374 -0.051183179 111.289268494
-0.051190734 0.018305730 0.998521209 47.765747070 0.010995415 0.999781728 -0.017765140 -4.139065742 -0.998628318 0.010069747 -0.051380843 111.258033752
-0.051360521 0.017862741 0.998520494 48.459186554 0.012423304 0.999774039 -0.017246151 -4.166377068 -0.998602927 0.011519151 -0.051570833 111.224754333
-0.051553819 0.018338900 0.998501837 49.184661865 0.013945352 0.999747097 -0.017641757 -4.185715675 -0.998572826 0.013014964 -0.051796515 111.193069458
-0.051941149 0.018638965 0.998476207 49.876007080 0.010170473 0.999783814 -0.018134300 -4.206683159 -0.998598337 0.009213057 -0.052119490 111.166007996
-0.052028894 0.018620750 0.998471975 50.561874390 0.007853407 0.999802828 -0.018236339 -4.235972881 -0.998614609 0.006892592 -0.052164879 111.142150879
-0.051665034 0.017570028 0.998509943 51.234375000 0.010812873 0.999796450 -0.017033186 -4.258379459 -0.998605847 0.009916741 -0.051844500 111.102088928
-0.053264763 0.017004695 0.998435676 51.928058624 0.010263177 0.999811471 -0.016480606 -4.282519341 -0.998527706 0.009369287 -0.053429246 111.076820374
-0.056517482 0.016563324 0.998264194 52.585929871 0.006433435 0.999847591 -0.016225362 -4.307262897 -0.998380899 0.005505252 -0.056615427 111.043998718
-0.062067386 0.016265018 0.997939408 53.260265350 0.003193604 0.999865353 -0.016097777 -4.325598717 -0.998066843 0.002187878 -0.062110972 111.020088196
-0.067484953 0.019371105 0.997532248 53.878601074 0.005926430 0.999801636 -0.019014241 -4.355986595 -0.997702718 0.004628629 -0.067586370 110.962669373
-0.074127518 0.022618419 0.996992290 54.547721863 0.009225706 0.999715567 -0.021994259 -4.373229980 -0.997206092 0.007567576 -0.074315123 110.908081055
-0.081197783 0.024173491 0.996404827 55.220970154 0.008268670 0.999687791 -0.023579316 -4.397977829 -0.996663690 0.006324353 -0.081372321 110.853515625
-0.087796085 0.023353735 0.995864689 55.896087646 0.004524969 0.999724209 -0.023045320 -4.424306393 -0.996128201 0.002482969 -0.087877542 110.803955078
-0.092553906 0.021337342 0.995478988 56.565837860 0.003156586 0.999771655 -0.021135869 -4.461273670 -0.995702744 0.001186107 -0.092600122 110.732666016
-0.097371593 0.022755750 0.994987965 57.272735596 0.001731447 0.999740958 -0.022695009 -4.473794460 -0.995246589 -0.000487080 -0.097385786 110.670913696
-0.101492874 0.021432238 0.994605422 57.951602936 -0.000937241 0.999765515 -0.021639071 -4.507520676 -0.994835734 -0.003128396 -0.101448983 110.608474731
-0.103868246 0.018517053 0.994418621 58.668025970 -0.000802855 0.999824822 -0.018701579 -4.522935390 -0.994590700 -0.002740873 -0.103835188 110.533798218
-0.105882518 0.015384854 0.994259596 59.368370056 0.000654598 0.999881148 -0.015402129 -4.550403595 -0.994378567 -0.000979976 -0.105879992 110.462760925
-0.107520424 0.012873725 0.994119465 60.092872620 0.000865296 0.999917030 -0.012855214 -4.569371223 -0.994202495 -0.000521991 -0.107522644 110.390060425
-0.109289333 0.012322090 0.993933558 60.818958282 -0.000595885 0.999922097 -0.012461854 -4.591725349 -0.994009912 -0.001954217 -0.109273486 110.322975159
-0.108946726 0.016119141 0.993916810 61.543334961 0.001404753 0.999870002 -0.016061710 -4.613571644 -0.994046569 -0.000353662 -0.108955227 110.234687805
-0.109309509 0.019984938 0.993806779 62.283638000 0.007091210 0.999788046 -0.019325253 -4.638378143 -0.993982494 0.004934859 -0.109428056 110.151039124
-0.110239565 0.025054697 0.993589163 63.032817841 0.014405611 0.999617457 -0.023608394 -4.663935661 -0.993800700 0.011710680 -0.110558331 110.065284729
-0.111780316 0.026067957 0.993390977 63.783615112 0.015175620 0.999584079 -0.024522856 -4.690338135 -0.993617117 0.012334152 -0.112129420 109.992240906
-0.111564979 0.024306137 0.993459821 64.527099609 0.013901722 0.999641240 -0.022896213 -4.710639000 -0.993659914 0.011256389 -0.111862853 109.910842896
-0.110592186 0.019545916 0.993673623 65.264205933 0.015510006 0.999718785 -0.017938623 -4.732979774 -0.993744850 0.013428012 -0.110864244 109.818756104
-0.110808238 0.017299274 0.993691206 66.018272400 0.017544409 0.999726653 -0.015447939 -4.760744095 -0.993686974 0.015721967 -0.111081474 109.736129761
-0.111837558 0.017125536 0.993578851 66.760604858 0.017508456 0.999730229 -0.015260804 -4.785557747 -0.993572295 0.015689302 -0.112107232 109.654335022
-0.113707297 0.018211147 0.993347406 67.509254456 0.016142080 0.999733925 -0.016480468 -4.810709476 -0.993383169 0.014160743 -0.113971002 109.574836731
-0.116024390 0.018522767 0.993073583 68.241874695 0.015559281 0.999737263 -0.016829208 -4.839225292 -0.993124604 0.013498911 -0.116282113 109.494117737
-0.117930941 0.019069780 0.992838681 69.012077332 0.015951956 0.999722898 -0.017307211 -4.865647793 -0.992893577 0.013796665 -0.118202463 109.399940491
-0.119633682 0.019257324 0.992631316 69.751159668 0.017119573 0.999703109 -0.017331239 -4.889597416 -0.992670476 0.014920024 -0.119927846 109.307662964
-0.121253021 0.019164337 0.992436647 70.507667542 0.017123304 0.999705195 -0.017212620 -4.908794403 -0.992473900 0.014906715 -0.121545434 109.215095520
-0.122871384 0.018968415 0.992241383 71.231773376 0.013926545 0.999751747 -0.017387437 -4.946060658 -0.992324889 0.011682077 -0.123105071 109.123870850
-0.123889722 0.020628268 0.992081583 71.990547180 0.014533029 0.999714315 -0.018972117 -4.971087456 -0.992189586 0.012067499 -0.124154143 109.028709412
-0.124960333 0.021067183 0.991938055 72.753746033 0.013516438 0.999717891 -0.019529669 -4.995387554 -0.992069721 0.010967037 -0.125209838 108.938735962
-0.126455575 0.021568434 0.991737843 73.518379211 0.012958817 0.999714136 -0.020089537 -5.017372608 -0.991887689 0.010311314 -0.126698956 108.848205566
-0.127236784 0.020303246 0.991664588 74.293724060 0.013817334 0.999729753 -0.018695518 -5.036246777 -0.991776228 0.011323403 -0.127482921 108.750457764
-0.128270209 0.017659973 0.991582096 75.081718445 0.011466695 0.999800980 -0.016323026 -5.065994740 -0.991673052 0.009276411 -0.128447190 108.654090881
-0.130515367 0.015433194 0.991326153 75.869964600 0.008154044 0.999861717 -0.014492534 -5.093529701 -0.991412878 0.006191817 -0.130623177 108.554992676
-0.132514685 0.014967033 0.991067946 76.642646790 0.009557808 0.999858737 -0.013821824 -5.107428074 -0.991134942 0.007640842 -0.132639036 108.468246460
-0.134377792 0.015599626 0.990807295 77.443946838 0.010634255 0.999841213 -0.014299592 -5.128822803 -0.990872979 0.008614950 -0.134522334 108.365127563
-0.136774108 0.016808897 0.990459681 78.245368958 0.009766635 0.999830306 -0.015619235 -5.152608395 -0.990554094 0.007537152 -0.136915043 108.260353088
-0.137690663 0.020250551 0.990268171 79.041160583 0.011886027 0.999752760 -0.018791825 -5.182703018 -0.990403831 0.009182899 -0.137897298 108.142555237
-0.138821036 0.024428159 0.990016103 79.860565186 0.013866878 0.999645650 -0.022721333 -5.203612804 -0.990220249 0.010574235 -0.139110610 108.036468506
-0.140251458 0.028990146 0.989691317 80.671806335 0.016028287 0.999506712 -0.027006250 -5.229469299 -0.989986122 0.012075391 -0.140646920 107.926376343
-0.139951691 0.029348157 0.989723265 81.477577209 0.016787106 0.999487281 -0.027263913 -5.269299030 -0.990016043 0.012798960 -0.140372574 107.811325073
-0.138605878 0.028513096 0.989937067 82.306358337 0.019673951 0.999467492 -0.026032956 -5.308351517 -0.990152180 0.015867652 -0.139092997 107.674537659
-0.138617933 0.026580058 0.989989161 83.148689270 0.020057386 0.999510109 -0.024027260 -5.341650009 -0.990142763 0.016525984 -0.139083177 107.560806274
-0.138164997 0.025074929 0.990091801 83.991645813 0.019005194 0.999562562 -0.022662656 -5.369860172 -0.990226805 0.015685700 -0.138581112 107.452262878
-0.136088073 0.022491403 0.990441382 84.856460571 0.018575739 0.999624491 -0.020147603 -5.404495716 -0.990522563 0.015656333 -0.136454761 107.336784363
-0.134626061 0.019510470 0.990704358 85.709564209 0.019737193 0.999660552 -0.017004780 -5.429324627 -0.990699828 0.017264435 -0.134965450 107.227561951
-0.132343113 0.015632100 0.991080642 86.574745178 0.019694289 0.999719739 -0.013138503 -5.463991165 -0.991008282 0.017779838 -0.132613868 107.107582092
-0.130878702 0.015906006 0.991270781 87.424873352 0.018360605 0.999738753 -0.013617707 -5.487345219 -0.991228342 0.016418064 -0.131136551 107.001274109
-0.129752636 0.020360274 0.991337299 88.277679443 0.018627141 0.999662757 -0.018093221 -5.509094715 -0.991371393 0.016118139 -0.130088151 106.897926331
-0.127789021 0.026122537 0.991457283 89.115188599 0.017974937 0.999549806 -0.024018968 -5.546754360 -0.991638482 0.014752030 -0.128201053 106.794403076
-0.126866281 0.029731268 0.991474152 89.983337402 0.016159695 0.999479949 -0.027903587 -5.574422836 -0.991788208 0.012481898 -0.127280802 106.698760986
-0.124998905 0.026981225 0.991789937 90.839660645 0.015058802 0.999566615 -0.025294868 -5.610816002 -0.992042601 0.011773338 -0.125351071 106.590362549
