1.000000000 0.000000000 0.000000000 0.000000000 0.000000000 1.000000000 0.000000000 0.000000000 0.000000000 0.000000000 1.000000000 0.000000000
0.999998391 0.000882265 0.001567953 -0.001904476 -0.000880739 0.999999166 -0.000973702 -0.018867090 -0.001568810 0.000972319 0.999998271 1.200139642
0.999994755 0.001106468 0.003046852 -0.000791594 -0.001104504 0.999999106 -0.000646448 -0.036510713 -0.003047565 0.000643079 0.999995172 2.410216331
0.999992073 0.000285972 0.003961552 0.002960028 -0.000285231 0.999999881 -0.000187706 -0.058267567 -0.003961606 0.000186575 0.999992132 3.604270220
0.999987543 -0.000005503 0.004989483 0.000812324 0.000006278 1.000000000 -0.000155418 -0.077729329 -0.004989482 0.000155447 0.999987483 4.810799122
0.999983370 -0.000142212 0.005766895 0.003291454 0.000141216 1.000000000 0.000173121 -0.101939432 -0.005766919 -0.000172303 0.999983430 6.010220051
0.999979913 0.000300088 0.006328559 0.008476377 -0.000292962 0.999999344 -0.001126942 -0.117413744 -0.006328892 0.001125065 0.999979317 7.195700169
0.999975145 -0.000184246 0.007044075 0.013515383 0.000195833 0.999998569 -0.001644205 -0.135695457 -0.007043761 0.001645543 0.999973834 8.396506310
0.999972880 -0.000234706 0.007360127 0.015755642 0.000235038 1.000000000 -0.000044181 -0.153999507 -0.007360116 0.000045910 0.999972939 9.592473030
0.999982476 -0.001271725 0.005772389 0.022248648 0.001265422 0.999998629 0.001095600 -0.177035496 -0.005773775 -0.001088277 0.999982774 10.799933434
0.999990880 -0.002728891 0.003268694 0.023105893 0.002726096 0.999996006 0.000859292 -0.198446706 -0.003271025 -0.000850374 0.999994338 11.993525505
0.999996483 -0.002172554 0.001511651 0.013537023 0.002172347 0.999997616 0.000138331 -0.218777597 -0.001511948 -0.000135047 0.999998868 13.195910454
0.999998331 -0.001748967 0.000275040 0.007885816 0.001748959 0.999998331 0.000027323 -0.238098904 -0.000275087 -0.000026842 1.000000000 14.406959534
0.999999702 -0.000424243 -0.000725038 0.002694407 0.000424420 0.999999881 0.000242992 -0.264866084 0.000724934 -0.000243299 0.999999702 15.613536835
0.999999404 -0.000670402 -0.000891032 -0.014203505 0.000670376 0.999999762 -0.000029411 -0.278699815 0.000891052 0.000028814 0.999999523 16.747701645
0.999998093 -0.001495747 -0.001263933 -0.020795928 0.001496157 0.999998868 0.000323067 -0.296526968 0.001263449 -0.000324958 0.999999166 17.957302094
0.999994218 -0.002626787 -0.002165480 -0.020054296 0.002628913 0.999996006 0.000979398 -0.325531781 0.002162899 -0.000985085 0.999997139 19.150339127
0.999996662 -0.001258010 -0.002252163 -0.047642760 0.001257826 0.999999166 -0.000082959 -0.342680931 0.002252265 0.000080126 0.999997437 20.312362671
0.999995589 -0.001473419 -0.002574370 -0.057098392 0.001471113 0.999998510 -0.000897404 -0.363340586 0.002575689 0.000893613 0.999996245 21.521608353
0.999991417 -0.000847743 -0.004057075 -0.058818638 0.000847626 0.999999642 -0.000030669 -0.389331162 0.004057099 0.000027230 0.999991775 22.728599548
0.999988496 -0.001886164 -0.004407479 -0.073581159 0.001883142 0.999998093 -0.000689626 -0.407554716 0.004408772 0.000681319 0.999989986 23.900775909
0.999984682 -0.001864744 -0.005209752 -0.085450053 0.001858428 0.999997556 -0.001217036 -0.427816331 0.005212010 0.001207335 0.999985695 25.116992950
0.999981165 -0.001568215 -0.005931538 -0.098176137 0.001565908 0.999998629 -0.000393580 -0.450290173 0.005932146 0.000384284 0.999982357 26.317222595
0.999971688 -0.002780121 -0.006982011 -0.105230562 0.002790074 0.999995112 0.001416228 -0.471448183 0.006978037 -0.001435669 0.999974608 27.496580124
0.999961436 -0.003092235 -0.008224010 -0.107489586 0.003106212 0.999993742 0.001687361 -0.492661774 0.008218740 -0.001712841 0.999964774 28.715101242
0.999954283 -0.004116976 -0.008623228 -0.126974761 0.004124617 0.999991119 0.000868466 -0.512877762 0.008619577 -0.000903994 0.999962449 29.901699066
0.999947906 -0.004099020 -0.009360204 -0.156457737 0.004096447 0.999991536 -0.000294217 -0.534770608 0.009361331 0.000255858 0.999956131 31.058589935
0.999943137 -0.003659511 -0.010018150 -0.171442121 0.003653910 0.999993205 -0.000577332 -0.547573745 0.010020194 0.000540694 0.999949634 32.263126373
0.999936044 -0.003922949 -0.010601101 -0.188604400 0.003921697 0.999992311 -0.000138876 -0.571758628 0.010601564 0.000097293 0.999943793 33.478683472
0.999923050 -0.004392503 -0.011596453 -0.204277396 0.004395383 0.999990344 0.000222830 -0.591372550 0.011595361 -0.000273784 0.999932706 34.674957275
0.999906838 -0.005308207 -0.012574411 -0.207268208 0.005318498 0.999985576 0.000785121 -0.626730919 0.012570063 -0.000851925 0.999920547 35.863761902
0.999897122 -0.005086760 -0.013407827 -0.222791553 0.005096788 0.999986827 0.000713900 -0.642337263 0.013404018 -0.000782164 0.999909818 37.081096649
0.999898612 -0.006070456 -0.012875566 -0.253867030 0.006089864 0.999980390 0.001468722 -0.664384007 0.012866400 -0.001546983 0.999915957 38.303394318
0.999898791 -0.005553306 -0.013095024 -0.267799973 0.005590910 0.999980390 0.002836785 -0.685406446 0.013079016 -0.002909711 0.999910176 39.498718262
0.999897659 -0.004876649 -0.013451139 -0.278750122 0.004933389 0.999979079 0.004188256 -0.720820487 0.013430432 -0.004254187 0.999900699 40.689689636
0.999900818 -0.004250833 -0.013429252 -0.301516324 0.004302082 0.999983549 0.003789667 -0.739627957 0.013412922 -0.003847064 0.999902606 41.915157318
0.999906361 -0.003109277 -0.013329847 -0.323383689 0.003159134 0.999988079 0.003720842 -0.755208373 0.013318118 -0.003762604 0.999904215 43.112590790
0.999921262 -0.000515695 -0.012542944 -0.342914045 0.000591614 0.999981523 0.006049783 -0.776445746 0.012539593 -0.006056726 0.999903023 44.326004028
0.999921381 -0.001897518 -0.012392806 -0.339920819 0.002002719 0.999962032 0.008481986 -0.787192702 0.012376241 -0.008506140 0.999887168 45.528472900
0.999943852 -0.001195875 -0.010523119 -0.361263931 0.001312775 0.999937356 0.011109006 -0.793375075 0.010509177 -0.011122198 0.999882936 46.755268097
0.999964476 -0.000709692 -0.008394833 -0.386491001 0.000827848 0.999900639 0.014079747 -0.794258833 0.008384004 -0.014086200 0.999865651 47.966362000
0.999967337 -0.001073400 -0.008010526 -0.389450639 0.001198430 0.999877214 0.015619812 -0.791191995 0.007992776 -0.015628900 0.999845922 49.190773010
0.999970317 -0.002708808 -0.007211816 -0.391823053 0.002810990 0.999895275 0.014196428 -0.794003844 0.007172605 -0.014216277 0.999873161 50.399085999
0.999986351 -0.001674174 -0.004940423 -0.420214623 0.001734676 0.999923229 0.012267518 -0.796176553 0.004919505 -0.012275923 0.999912500 51.616119385
0.999985874 -0.002020504 -0.004934748 -0.427570075 0.002079477 0.999926090 0.011974680 -0.805386305 0.004910189 -0.011984771 0.999916136 52.812934875
0.999979138 -0.002687417 -0.005871276 -0.421885431 0.002754366 0.999930978 0.011424583 -0.810031652 0.005840167 -0.011440516 0.999917507 54.040256500
0.999979496 -0.002889115 -0.005707069 -0.444645494 0.002946681 0.999944568 0.010104372 -0.814474225 0.005677560 -0.010120983 0.999932706 55.263679504
0.999963343 -0.003198998 -0.007943223 -0.456818968 0.003286547 0.999933660 0.011033438 -0.829663157 0.007907401 -0.011059138 0.999907553 56.438522339
0.999953449 -0.003471587 -0.009007753 -0.477403194 0.003579746 0.999921441 0.012019199 -0.834558904 0.008965318 -0.012050884 0.999887168 57.665374756
0.999937594 -0.003193883 -0.010710130 -0.483648419 0.003325411 0.999919057 0.012285529 -0.841374397 0.010670025 -0.012320378 0.999867082 58.877017975
0.999928951 -0.001538899 -0.011818944 -0.511095047 0.001681868 0.999925435 0.012096233 -0.843616962 0.011799450 -0.012115250 0.999857008 60.088890076
0.999930561 -0.000967818 -0.011744253 -0.524356663 0.001100958 0.999935150 0.011335378 -0.835592628 0.011732522 -0.011347521 0.999866724 61.290443420
0.999931514 -0.002390627 -0.011463847 -0.548692346 0.002514610 0.999938369 0.010812957 -0.842851698 0.011437293 -0.010841041 0.999875844 62.514602661
0.999909341 -0.003160452 -0.013097692 -0.548531413 0.003293429 0.999943137 0.010143579 -0.856474936 0.013064890 -0.010185794 0.999862790 63.726058960
0.999914587 -0.003387515 -0.012624817 -0.580811501 0.003532747 0.999927640 0.011499272 -0.869696677 0.012584949 -0.011542888 0.999854147 64.932502747
0.999911785 -0.003644830 -0.012774239 -0.604002774 0.003817187 0.999901593 0.013494270 -0.881525576 0.012723799 -0.013541842 0.999827325 66.139999390
0.999907076 -0.004234388 -0.012963078 -0.620397568 0.004389748 0.999918580 0.011980021 -0.894367397 0.012911295 -0.012035811 0.999844253 67.355285645
0.999915659 -0.001501158 -0.012906185 -0.648684263 0.001624753 0.999952853 0.009571256 -0.878447354 0.012891211 -0.009591418 0.999870896 68.538818359
0.999923289 0.000226678 -0.012379206 -0.673815012 -0.000094847 0.999943316 0.010648963 -0.902482212 0.012380917 -0.010646973 0.999866664 69.695831299
0.999922216 0.002060465 -0.012301732 -0.697252810 -0.001927935 0.999940038 0.010775478 -0.908083975 0.012323198 -0.010750922 0.999866188 70.902946472
0.999922693 0.003395694 -0.011961197 -0.721031189 -0.003261722 0.999931931 0.011202347 -0.918988705 0.011998423 -0.011162465 0.999865651 72.099006653
0.999930143 0.004006065 -0.011113781 -0.739793479 -0.003868763 0.999916315 0.012348321 -0.924946785 0.011162319 -0.012304463 0.999861956 73.327476501
0.999939859 0.006279103 -0.008992748 -0.761734009 -0.006165261 0.999901235 0.012631435 -0.926807463 0.009071174 -0.012575232 0.999879718 74.492309570
0.999968112 0.005612340 -0.005668090 -0.777395129 -0.005553023 0.999930203 0.010427353 -0.928806663 0.005726216 -0.010395546 0.999929547 75.629310608
0.999992192 0.002600782 -0.002971078 -0.789151430 -0.002585080 0.999982774 0.005276788 -0.937897921 0.002984751 -0.005269067 0.999981642 76.811347961
0.999989867 0.004485522 -0.000149589 -0.794651031 -0.004484780 0.999979138 0.004646362 -0.947785854 0.000170428 -0.004645644 0.999989152 77.993949890
0.999990523 0.003733861 0.002223831 -0.794496417 -0.003752657 0.999956787 0.008508633 -0.964325666 -0.002191964 -0.008516897 0.999961317 79.183624268
0.999967575 0.004735247 0.006506624 -0.799894035 -0.004796989 0.999943316 0.009506350 -0.976879001 -0.006461240 -0.009537254 0.999933600 80.338386536
0.999937773 0.003698185 0.010523634 -0.789653778 -0.003780706 0.999962091 0.007832383 -0.994461417 -0.010494271 -0.007871681 0.999913871 81.488807678
0.999899387 0.002437419 0.013977768 -0.777341127 -0.002508890 0.999983847 0.005097914 -1.010720134 -0.013965116 -0.005132470 0.999889195 82.658882141
0.999850392 0.000507904 0.017289154 -0.756259084 -0.000535872 0.999998569 0.001613023 -1.027799487 -0.017288309 -0.001622047 0.999849200 83.825103760
0.999784768 0.000407499 0.020740561 -0.733500123 -0.000415400 0.999999821 0.000376633 -1.041432619 -0.020740403 -0.000385168 0.999784768 85.004852295
0.999687374 0.000882331 0.024986327 -0.728516102 -0.000943154 0.999996543 0.002422548 -1.065777421 -0.024984105 -0.002445357 0.999684811 86.189819336
0.999595881 0.001751970 0.028377576 -0.696279049 -0.001833031 0.999994278 0.002830772 -1.082592845 -0.028372455 -0.002881645 0.999593258 87.269058228
0.999486983 0.001485749 0.031994462 -0.659894705 -0.001508715 0.999998689 0.000693703 -1.098727942 -0.031993385 -0.000741617 0.999487758 88.444328308
0.999364138 0.000977384 0.035644051 -0.629517555 -0.000926400 0.999998629 -0.001446844 -1.122532129 -0.035645414 0.001412904 0.999363482 89.595535278
0.999246657 0.000592159 0.038804933 -0.588074446 -0.000511573 0.999997675 -0.002086574 -1.143131375 -0.038806081 0.002065151 0.999244571 90.761436462
0.999094009 0.000276440 0.042559013 -0.547054529 -0.000230442 0.999999404 -0.001085701 -1.156628251 -0.042559288 0.001074910 0.999093354 91.943153381
0.999019146 -0.000658781 0.044275247 -0.468328476 0.000652962 0.999999762 0.000145877 -1.170285463 -0.044275329 -0.000116824 0.999019325 93.096160889
0.998892665 -0.001448607 0.047023866 -0.418303967 0.001368154 0.999997497 0.001743045 -1.185343146 -0.047026269 -0.001676779 0.998892307 94.272895813
0.998789310 -0.002915245 0.049105141 -0.354945183 0.002786576 0.999992490 0.002688526 -1.204878092 -0.049112611 -0.002548436 0.998790026 95.440452576
0.998638868 -0.003883367 0.052013099 -0.304963112 0.003868627 0.999992430 0.000384082 -1.220860362 -0.052014202 -0.000182340 0.998646379 96.615447998
0.998505652 -0.005111210 0.054409184 -0.241931438 0.005275236 0.999982059 -0.002871473 -1.244861245 -0.054393522 0.003154203 0.998514652 97.806800842
0.998380423 -0.004940117 0.056674965 -0.182860851 0.005317760 0.999964595 -0.006514428 -1.248137712 -0.056640778 0.006805261 0.998371482 98.964950562
0.998326421 -0.003947437 0.057695571 -0.112522125 0.004361521 0.999965608 -0.007052904 -1.271712303 -0.057665747 0.007292740 0.998309314 100.088966370
0.998314500 -0.004029669 0.057895746 -0.046472073 0.004421572 0.999968171 -0.006642607 -1.291754007 -0.057867136 0.006887401 0.998300552 101.271308899
0.998341024 -0.003594826 0.057465192 0.017418861 0.003858237 0.999982536 -0.004473555 -1.322463512 -0.057448108 0.004687847 0.998337448 102.475875854
0.998420298 -0.003920885 0.056049537 0.083735466 0.004116933 0.999985754 -0.003382712 -1.341492414 -0.056035481 0.003608121 0.998422205 103.677528381
0.998517334 -0.003593530 0.054316413 0.139379025 0.003735466 0.999989867 -0.002511845 -1.362713695 -0.054306835 0.002711018 0.998520553 104.879692078
0.998647571 -0.003169558 0.051894583 0.194649696 0.003280533 0.999992549 -0.002053444 -1.381486893 -0.051887680 0.002220910 0.998650491 106.081130981
0.998805404 -0.003611548 0.048730019 0.230618477 0.003718472 0.999990880 -0.002103756 -1.397901177 -0.048721988 0.002282444 0.998809755 107.223724365
0.998970389 -0.002179280 0.045315046 0.271571636 0.002295091 0.999994218 -0.002503808 -1.414938092 -0.045309324 0.002605232 0.998969615 108.446716309
0.999128044 -0.001581633 0.041719478 0.304803848 0.001674473 0.999996185 -0.002190500 -1.435195684 -0.041715849 0.002258449 0.999126911 109.655082703
0.999277294 -0.001283122 0.037989929 0.346886635 0.001332535 0.999998331 -0.001275376 -1.451078534 -0.037988223 0.001325077 0.999277294 110.893661499
0.999462724 -0.001252221 0.032750323 0.413663626 0.001247643 0.999999225 0.000160191 -1.487976432 -0.032750491 -0.000119244 0.999463558 112.073631287
0.999615908 -0.000955969 0.027697131 0.462568283 0.000960865 0.999999464 -0.000163487 -1.482574940 -0.027696958 0.000190037 0.999616325 113.235725403
0.999741912 -0.000606425 0.022708565 0.492799520 0.000610227 0.999999762 -0.000160494 -1.498366833 -0.022708466 0.000174310 0.999742031 114.476478577
0.999836028 0.000348994 0.018101532 0.496374846 -0.000347428 0.999999940 -0.000089701 -1.525123835 -0.018101562 0.000083398 0.999836087 115.716835022
0.999919176 0.000538557 0.012703802 0.526666343 -0.000527673 0.999999464 -0.000860104 -1.534271002 -0.012704261 0.000853331 0.999918878 116.956420898
0.999965370 0.001258087 0.008216081 0.520578384 -0.001250252 0.999998748 -0.000958687 -1.566667557 -0.008217277 0.000948382 0.999965668 118.173477173
0.999976337 0.004067724 0.005537368 0.497345358 -0.004061838 0.999991119 -0.001073635 -1.585246801 -0.005541690 0.001051118 0.999984026 119.426872253
0.999982595 0.005359381 0.002475036 0.524971366 -0.005354336 0.999983609 -0.002040487 -1.563044071 -0.002485930 0.002027200 0.999994814 120.605407715
0.999978185 0.006373513 0.001755861 0.514139295 -0.006369703 0.999977410 -0.002167112 -1.589352131 -0.001769634 0.002155881 0.999996126 121.857826233
0.999963701 0.008506482 0.000630305 0.507092714 -0.008505375 0.999962330 -0.001737885 -1.613376975 -0.000645065 0.001732461 0.999998331 123.102684021
0.999949694 0.010030081 -0.000121176 0.499648631 -0.010030229 0.999948859 -0.001271428 -1.627423048 0.000108417 0.001272580 0.999999166 124.332138062
0.999953628 0.009597320 -0.000829561 0.488397062 -0.009598085 0.999953508 -0.000922314 -1.651659846 0.000820670 0.000930234 0.999999166 125.586128235
0.999904335 0.013746891 -0.001537640 0.467646301 -0.013744898 0.999904573 0.001300337 -1.674821138 0.001555369 -0.001279077 0.999997973 126.822044373
0.999889731 0.014704189 -0.002110297 0.453325480 -0.014695304 0.999883354 0.004165777 -1.684059858 0.002171305 -0.004134305 0.999989152 128.093887329
0.999906063 0.013598045 -0.001731407 0.425328702 -0.013591321 0.999900281 0.003838060 -1.701159358 0.001783425 -0.003814167 0.999991119 129.373352051
0.999906361 0.013416545 -0.002700700 0.425731003 -0.013410314 0.999907434 0.002312455 -1.717023849 0.002731475 -0.002276021 0.999993682 130.611099243
0.999943376 0.010272785 -0.002777427 0.402941614 -0.010264771 0.999943256 0.002883433 -1.725700736 0.002806889 -0.002854760 0.999991953 131.878494263
0.999959350 0.007923592 -0.004309528 0.405657709 -0.007902634 0.999956965 0.004858984 -1.745842218 0.004347843 -0.004824729 0.999978900 133.096130371
0.999979675 0.004791172 -0.004198031 0.390263259 -0.004763330 0.999966741 0.006617011 -1.757512212 0.004229594 -0.006596880 0.999969304 134.382766724
0.999985158 0.003453296 -0.004204960 0.379957616 -0.003421707 0.999966025 0.007496594 -1.764865279 0.004230705 -0.007482095 0.999963045 135.651077271
0.999990344 -0.001239996 -0.004242842 0.370369077 0.001266194 0.999980032 0.006177463 -1.787654638 0.004235098 -0.006182775 0.999971926 136.931579590
0.999984145 -0.003796434 -0.004161070 0.363550425 0.003817816 0.999979436 0.005142824 -1.799258351 0.004141460 -0.005158628 0.999978065 138.219024658
0.999982655 -0.004818855 -0.003378673 0.348645866 0.004835063 0.999976695 0.004805294 -1.813111782 0.003355438 -0.004821546 0.999982774 139.498046875
0.999986291 -0.004204387 -0.003110821 0.333627194 0.004219064 0.999979854 0.004726558 -1.816139221 0.003090886 -0.004739618 0.999983966 140.765365601
0.999985635 -0.004438573 -0.002985794 0.336659014 0.004459490 0.999965429 0.007036150 -1.841129780 0.002954460 -0.007049364 0.999970794 142.116928101
0.999996006 -0.001879919 -0.002102511 0.322835416 0.001897833 0.999961615 0.008551416 -1.852684975 0.002086354 -0.008555371 0.999961197 143.402175903
0.999996006 -0.002542807 -0.001225379 0.313253224 0.002551156 0.999973238 0.006860803 -1.866214514 0.001207900 -0.006863901 0.999975741 144.696609497
0.999998093 -0.001930056 -0.000248811 0.298884213 0.001931264 0.999985933 0.004954065 -1.879529238 0.000239246 -0.004954536 0.999987721 145.981109619
0.999998987 -0.001370674 -0.000213832 0.295972764 0.001371188 0.999996126 0.002420441 -1.896242142 0.000210513 -0.002420732 0.999997020 147.258102417
0.999995470 -0.002954789 0.000607125 0.283777207 0.002955746 0.999994457 -0.001581911 -1.916048050 -0.000602447 0.001583698 0.999998510 148.528549194
0.999996543 -0.002427291 0.001092281 0.277815163 0.002433408 0.999981165 -0.005633690 -1.932660341 -0.001078586 0.005636329 0.999983549 149.814712524
0.999991655 -0.004028358 0.000687514 0.292820156 0.004033047 0.999967635 -0.006961057 -1.958241224 -0.000659450 0.006963772 0.999975502 151.115661621
0.999994636 -0.003082818 0.001101166 0.273338199 0.003089230 0.999977946 -0.005869492 -1.996871114 -0.001083047 0.005872861 0.999982119 152.370437622
0.999995828 -0.002629297 0.001231797 0.263736248 0.002635680 0.999982953 -0.005209484 -2.028956890 -0.001218079 0.005212707 0.999985754 153.666656494
0.999996901 -0.002413207 0.000700525 0.265064180 0.002416221 0.999987662 -0.004334002 -2.058547020 -0.000690058 0.004335680 0.999990404 154.932693481
0.999998927 -0.001257248 0.000744083 0.250362486 0.001259948 0.999992609 -0.003639244 -2.088630199 -0.000739503 0.003640177 0.999993086 156.205047607
0.999998927 -0.001408116 0.000070812 0.248886019 0.001408392 0.999990761 -0.004063067 -2.116803169 -0.000065091 0.004063163 0.999991715 157.472564697
0.999999940 -0.000405906 0.000047423 0.234348774 0.000406092 0.999991953 -0.004000182 -2.141530991 -0.000045799 0.004000201 0.999992013 158.747787476
0.999998569 -0.001042460 -0.001320822 0.243279815 0.001038923 0.999995887 -0.002675706 -2.162469625 0.001323606 0.002674330 0.999995530 160.016616821
0.999998391 0.000239143 -0.001793108 0.231164128 -0.000243675 0.999996841 -0.002527534 -2.184221029 0.001792498 0.002527967 0.999995112 161.302368164
0.999996901 0.001037786 -0.002224232 0.222579390 -0.001045602 0.999993265 -0.003515322 -2.207597256 0.002220569 0.003517637 0.999991298 162.589202881
0.999995172 0.001187289 -0.002850103 0.209359854 -0.001201460 0.999986947 -0.004975868 -2.231873512 0.002844158 0.004979269 0.999983549 163.856948853
0.999992013 0.001474068 -0.003709897 0.199874043 -0.001492272 0.999986827 -0.004908843 -2.265407324 0.003702613 0.004914339 0.999980986 165.122650146
0.999990284 0.001206785 -0.004233496 0.186145067 -0.001231890 0.999981761 -0.005932473 -2.289774895 0.004226259 0.005937630 0.999973416 166.403442383
0.999986887 0.001675636 -0.004835480 0.171543777 -0.001711389 0.999971211 -0.007399259 -2.312973499 0.004822942 0.007407438 0.999960899 167.682159424
0.999987185 0.001645849 -0.004775255 0.155939043 -0.001679887 0.999973118 -0.007132590 -2.343827963 0.004763388 0.007140521 0.999963164 168.956817627
0.999977827 0.001381792 -0.006514344 0.150844455 -0.001420653 0.999981225 -0.005964633 -2.375631809 0.006505979 0.005973755 0.999960959 170.200973511
0.999968648 0.002742596 -0.007429777 0.137589455 -0.002780508 0.999983132 -0.005097109 -2.399465084 0.007415671 0.005117609 0.999959409 171.384140015
0.999960482 0.003587810 -0.008136125 0.116413236 -0.003626113 0.999982417 -0.004697910 -2.426950455 0.008119127 0.004727227 0.999955833 172.657135010
0.999955952 0.003500859 -0.008707759 0.104951024 -0.003540976 0.999983132 -0.004595833 -2.450692654 0.008691523 0.004626464 0.999951541 173.941192627
0.999944985 0.004569368 -0.009444214 0.088850856 -0.004626188 0.999971271 -0.006003321 -2.469367981 0.009416511 0.006046681 0.999937356 175.242568970
0.999948084 0.004366745 -0.009217616 0.049945593 -0.004424562 0.999970675 -0.006261499 -2.505816936 0.009190002 0.006301958 0.999937892 176.501007080
0.999937892 0.004805741 -0.010069555 0.036095262 -0.004862875 0.999972165 -0.005657059 -2.535669327 0.010042089 0.005705674 0.999933302 177.704315186
0.999938726 0.004435335 -0.010145027 0.014146924 -0.004505021 0.999966264 -0.006856393 -2.563648224 0.010114276 0.006901677 0.999925077 178.979660034
0.999942780 0.003411723 -0.010140802 0.001371384 -0.003499538 0.999956369 -0.008654477 -2.589308739 0.010110834 0.008689470 0.999911129 180.259567261
0.999942303 0.000310217 -0.010736972 -0.018534780 -0.000400259 0.999964774 -0.008384957 -2.623809814 0.010733994 0.008388771 0.999907196 181.506881714
0.999946773 0.000840360 -0.010289004 -0.051500797 -0.000895164 0.999985397 -0.005322936 -2.648511410 0.010284382 0.005331863 0.999932945 182.769515991
0.999941409 -0.001201174 -0.010751761 -0.068146825 0.001200140 0.999999285 -0.000102644 -2.684865475 0.010751876 0.000089735 0.999942124 184.069580078
0.999941409 0.000054207 -0.010816487 -0.088221073 -0.000063450 0.999999642 -0.000854166 -2.708782911 0.010816438 0.000854803 0.999941170 185.334442139
0.999942780 0.001045129 -0.010638974 -0.109124541 -0.001087560 0.999991477 -0.003983246 -2.732754707 0.010634721 0.003994589 0.999935508 186.594909668
0.999941051 0.001220853 -0.010786881 -0.127795100 -0.001286959 0.999980450 -0.006123607 -2.758892536 0.010779193 0.006137128 0.999923110 187.855178833
0.999937773 0.003144326 -0.010705350 -0.170862556 -0.003207003 0.999977767 -0.005842503 -2.786492586 0.010686740 0.005876471 0.999925613 189.065582275
0.999940813 0.002733527 -0.010527381 -0.190627575 -0.002782846 0.999985218 -0.004672986 -2.817283869 0.010514454 0.004702005 0.999933720 190.317779541
0.999944091 0.003472257 -0.009986923 -0.213376999 -0.003497886 0.999990582 -0.002549963 -2.845125198 0.009977978 0.002584754 0.999946892 191.577789307
0.999952972 0.002598434 -0.009341712 -0.235072613 -0.002615597 0.999994874 -0.001825470 -2.873134613 0.009336922 0.001849818 0.999954700 192.819015503
0.999963403 0.003005119 -0.008015069 -0.240627170 -0.003026164 0.999991894 -0.002614840 -2.896084070 0.008007148 0.002638998 0.999964476 194.081542969
0.999977171 0.000939443 -0.006689947 -0.255435944 -0.000964353 0.999992609 -0.003721258 -2.927298784 0.006686402 0.003727625 0.999970615 195.312194824
0.999985754 0.000825515 -0.005285132 -0.269893348 -0.000853446 0.999985695 -0.005284893 -2.954064846 0.005280694 0.005289327 0.999972105 196.548385620
0.999992549 0.000096530 -0.003843625 -0.282036483 -0.000118676 0.999983430 -0.005762023 -2.982596397 0.003843006 0.005762436 0.999976039 197.789001465
0.999996603 0.000371860 -0.002586528 -0.284737170 -0.000384780 0.999987483 -0.004996485 -3.017096996 0.002584638 0.004997463 0.999984145 199.004150391
0.999999285 -0.000643060 -0.000967608 -0.301965654 0.000640019 0.999994874 -0.003140347 -3.048708916 0.000969623 0.003139726 0.999994636 200.233901978
0.999999523 0.000954928 0.000569284 -0.315511763 -0.000953185 0.999994874 -0.003054924 -3.067740917 -0.000572199 0.003054381 0.999995172 201.448501587
0.999997973 0.000919246 0.001851811 -0.323789626 -0.000913940 0.999995470 -0.002863707 -3.093328714 -0.001854435 0.002862008 0.999994159 202.663177490
0.999996483 0.000762555 0.002562321 -0.320445538 -0.000756096 0.999996483 -0.002520882 -3.126878262 -0.002564234 0.002518936 0.999993503 203.867813110
0.999992728 0.000890973 0.003719169 -0.322049439 -0.000881854 0.999996603 -0.002452687 -3.152168751 -0.003721341 0.002449389 0.999990106 205.056396484
0.999989808 0.000268965 0.004521506 -0.320516348 -0.000257692 0.999996841 -0.002493746 -3.185413837 -0.004522162 0.002492555 0.999986649 206.252349854
0.999984145 0.000241028 0.005630891 -0.348188519 -0.000226552 0.999996603 -0.002571314 -3.208895445 -0.005631492 0.002569997 0.999980867 207.380310059
0.999977052 -0.000635595 0.006755231 -0.358000755 0.000652328 0.999996722 -0.002475176 -3.234483719 -0.006753635 0.002479526 0.999974191 208.544616699
0.999977350 -0.000779812 0.006692005 -0.342339873 0.000789643 0.999998629 -0.001466508 -3.265201807 -0.006690851 0.001471759 0.999976516 209.714508057
0.999981701 -0.000775793 0.006003737 -0.338020563 0.000780092 0.999999404 -0.000713766 -3.284684658 -0.006003180 0.000718436 0.999981761 210.844589233
0.999983013 -0.000527493 0.005806503 -0.352834225 0.000531103 0.999999642 -0.000620099 -3.314069510 -0.005806174 0.000623173 0.999982953 211.939453125
0.999980867 0.000526495 0.006161448 -0.371816754 -0.000514911 0.999998093 -0.001881501 -3.341982841 -0.006162428 0.001878293 0.999979258 213.057540894
0.999984324 0.000913646 0.005521931 -0.365944743 -0.000898010 0.999995649 -0.002833518 -3.362942696 -0.005524495 0.002828515 0.999980748 214.155014038
0.999986410 0.000210271 0.005204378 -0.372106552 -0.000195626 0.999996126 -0.002814182 -3.392134428 -0.005204950 0.002813125 0.999982476 215.225494385
0.999992073 0.000134688 0.003979428 -0.374010503 -0.000122191 0.999995053 -0.003140640 -3.415235519 -0.003979831 0.003140129 0.999987185 216.298522949
0.999996006 -0.000307339 0.002776568 -0.375634611 0.000313458 0.999997556 -0.002203598 -3.436640263 -0.002775884 0.002204459 0.999993742 217.364898682
0.999998689 -0.001514539 0.000546125 -0.380633324 0.001514765 0.999998868 -0.000415002 -3.469185591 -0.000545496 0.000415829 0.999999762 218.369308472
0.999997854 -0.001137459 -0.001715766 -0.381435633 0.001139059 0.999998927 0.000931515 -3.479380131 0.001714705 -0.000933468 0.999998152 219.411727905
0.999993324 -0.000359056 -0.003613634 -0.404762030 0.000360932 0.999999821 0.000518621 -3.499956608 0.003613447 -0.000519922 0.999993324 220.406372070
0.999981463 -0.000327295 -0.006068323 -0.416934490 0.000326422 0.999999940 -0.000144879 -3.516070604 0.006068370 0.000142896 0.999981582 221.411270142
0.999958813 -0.000240578 -0.009073832 -0.424652457 0.000238765 1.000000000 -0.000200844 -3.537480354 0.009073881 0.000198669 0.999958754 222.388031006
0.999931931 0.000716342 -0.011641406 -0.448945045 -0.000710989 0.999999762 0.000463969 -3.557615042 0.011641735 -0.000455661 0.999932110 223.324050903
0.999890864 0.000436967 -0.014762976 -0.466008663 -0.000420824 0.999999344 0.001096524 -3.594626188 0.014763447 -0.001090191 0.999890447 224.247161865
0.999847353 0.001020784 -0.017437281 -0.490036249 -0.001028376 0.999999344 -0.000426404 -3.601419926 0.017436832 0.000444271 0.999847889 225.142501831
0.999786973 0.000001962 -0.020638702 -0.512754440 -0.000020787 0.999999583 -0.000911913 -3.626865625 0.020638695 0.000912147 0.999786615 226.022018433
0.999709606 0.001367458 -0.024057474 -0.535347939 -0.001395354 0.999998391 -0.001142805 -3.640934706 0.024055870 0.001176042 0.999709904 226.881942749
0.999606848 0.002098829 -0.027957426 -0.553982735 -0.002147641 0.999996185 -0.001716031 -3.666315794 0.027953720 0.001775399 0.999607623 227.718582153
0.999538004 0.003647176 -0.030174401 -0.587118626 -0.003699007 0.999991834 -0.001662053 -3.687347412 0.030168092 0.001772900 0.999543190 228.536514282
0.999508798 0.004609971 -0.030997129 -0.614953995 -0.004646715 0.999988616 -0.001113450 -3.704472780 0.030991646 0.001256938 0.999518752 229.336074829
0.999520779 0.004471624 -0.030627960 -0.644653320 -0.004475434 0.999989986 -0.000055815 -3.724298239 0.030627403 0.000192862 0.999530852 230.112487793
0.999546707 0.004480732 -0.029770929 -0.677278042 -0.004460270 0.999989808 0.000753694 -3.743743896 0.029773999 -0.000620566 0.999556363 230.867050171
0.999566555 0.004193678 -0.029141432 -0.710901737 -0.004177334 0.999991119 0.000621689 -3.764594555 0.029143777 -0.000499686 0.999575078 231.610275269
0.999571145 0.003231803 -0.029103734 -0.726191044 -0.003296124 0.999992311 -0.002162354 -3.780400038 0.029096518 0.002257356 0.999574006 232.351242065
0.999612272 0.004052097 -0.027552119 -0.768939018 -0.004148138 0.999985516 -0.003429578 -3.802847147 0.027537823 0.003542538 0.999614477 233.070190430
0.999638617 0.004341427 -0.026530188 -0.788630486 -0.004468658 0.999978781 -0.004738268 -3.819770813 0.026509058 0.004855108 0.999636710 233.802551270
0.999694049 0.004997434 -0.024224577 -0.822170734 -0.005130243 0.999972105 -0.005423375 -3.833903551 0.024196802 0.005545993 0.999691844 234.523132324
0.999726474 0.004014283 -0.023035865 -0.831808567 -0.004145218 0.999975443 -0.005639034 -3.851424694 0.023012666 0.005732981 0.999718666 235.248931885
0.999771833 0.004095248 -0.020964073 -0.851888180 -0.004210653 0.999976218 -0.005463673 -3.871101856 0.020941202 0.005550698 0.999765217 235.982788086
0.999817014 0.003845233 -0.018737447 -0.874840736 -0.003947876 0.999977410 -0.005444080 -3.892532110 0.018716093 0.005517057 0.999809563 236.691467285
0.999842525 0.004403363 -0.017191272 -0.885198832 -0.004510892 0.999970436 -0.006221056 -3.902408600 0.017163372 0.006297625 0.999832869 237.410156250
0.999890983 0.004334022 -0.014113728 -0.899531126 -0.004418708 0.999972403 -0.005974584 -3.919053316 0.014087445 0.006036296 0.999882460 238.116714478
0.999936819 0.003379122 -0.010721799 -0.907332420 -0.003433324 0.999981463 -0.005040853 -3.938523293 0.010704562 0.005077346 0.999929726 238.818069458
0.999966860 0.002424817 -0.007768849 -0.914948940 -0.002462361 0.999985397 -0.004826779 -3.956038952 0.007757029 0.004845748 0.999958158 239.523498535
0.999985695 0.002185530 -0.004871833 -0.917139292 -0.002209234 0.999985754 -0.004865553 -3.969258785 0.004861128 0.004876247 0.999976277 240.232208252
0.999996006 0.002162074 -0.001840735 -0.923272729 -0.002172177 0.999982536 -0.005504645 -3.984932184 0.001828801 0.005508621 0.999983072 240.918838501
0.999997497 0.001845248 0.001246797 -0.927160323 -0.001837305 0.999978125 -0.006341725 -3.994379520 -0.001258472 0.006339418 0.999979138 241.611541748
0.999987006 0.002517042 0.004429700 -0.929429531 -0.002485744 0.999971986 -0.007056742 -4.010387897 -0.004447338 0.007045640 0.999965310 242.314346313
0.999969184 0.002683447 0.007371221 -0.925035238 -0.002626512 0.999966621 -0.007722650 -4.027208328 -0.007391699 0.007703051 0.999943078 242.999969482
0.999945223 0.002843245 0.010065170 -0.916087627 -0.002771924 0.999970973 -0.007092772 -4.040011406 -0.010085044 0.007064483 0.999924242 243.703308105
0.999912739 0.003570242 0.012723108 -0.911761522 -0.003485359 0.999971509 -0.006687514 -4.056415081 -0.012746621 0.006642586 0.999896705 244.403610229
0.999881744 0.002933595 0.015092107 -0.903528214 -0.002837212 0.999975443 -0.006403745 -4.078743935 -0.015110524 0.006360169 0.999865651 245.101333618
0.999829769 0.002197356 0.018319020 -0.894090652 -0.002047049 0.999964058 -0.008219667 -4.095034599 -0.018336426 0.008180768 0.999798417 245.813140869
0.999825180 0.003228267 0.018414410 -0.879699707 -0.003040978 0.999943435 -0.010189771 -4.114368439 -0.018446257 0.010131994 0.999778509 246.548904419
0.999800980 0.002320984 0.019813659 -0.869135857 -0.002084699 0.999926567 -0.011937698 -4.130615234 -0.019839911 0.011894020 0.999732435 247.259963989
0.999799192 0.001634344 0.019973272 -0.856798649 -0.001389994 0.999924064 -0.012241600 -4.150309086 -0.019991761 0.012211379 0.999725580 247.973648071
0.999784708 0.001386208 0.020705123 -0.854506016 -0.001118505 0.999915659 -0.012935316 -4.170562744 -0.020721307 0.012909371 0.999701977 248.681945801
0.999782443 0.003472947 0.020567998 -0.837105274 -0.003197850 0.999905169 -0.013392841 -4.192597389 -0.020612564 0.013324156 0.999698758 249.457702637
0.999792635 0.004112338 0.019941643 -0.808294296 -0.003838883 0.999898374 -0.013731698 -4.210497379 -0.019996081 0.013652295 0.999706864 250.201599121
0.999789715 0.003021862 0.020284250 -0.796302795 -0.002704979 0.999874234 -0.015631437 -4.231605053 -0.020328935 0.015573280 0.999672115 250.947372437
0.999787390 -0.001472473 0.020567967 -0.773368359 0.001836282 0.999842048 -0.017680451 -4.256690502 -0.020538682 0.017714461 0.999632120 251.717758179
0.999771297 -0.004275055 0.020957613 -0.753335953 0.004662444 0.999818563 -0.018470569 -4.280069828 -0.020874850 0.018564053 0.999609768 252.481994629
0.999755323 -0.001642762 0.022057140 -0.751596928 0.001957518 0.999896526 -0.014256040 -4.302859306 -0.022031439 0.014295730 0.999655068 253.271591187
0.999754786 0.002209936 0.022032350 -0.741878986 -0.002014509 0.999958456 -0.008888263 -4.311408997 -0.022051075 0.008841701 0.999717712 254.069992065
0.999742806 0.001282644 0.022641508 -0.723449707 -0.001159276 0.999984384 -0.005460991 -4.330657005 -0.022648159 0.005433338 0.999728799 254.866973877
0.999687314 0.000754153 0.024993435 -0.701339722 -0.000567549 0.999971867 -0.007472348 -4.352697849 -0.024998367 0.007455826 0.999659717 255.667892456
0.999567807 0.001507592 0.029358646 -0.688993931 -0.001110025 0.999907494 -0.013553312 -4.369292259 -0.029376362 0.013514866 0.999477088 256.451538086
0.999453902 0.002667692 0.032934837 -0.662716866 -0.002123733 0.999860823 -0.016540138 -4.398574352 -0.032974385 0.016461162 0.999320686 257.260681152
0.999301434 0.005332904 0.036986172 -0.652567863 -0.004718010 0.999849439 -0.016692355 -4.407083035 -0.037069626 0.016506195 0.999176383 258.088287354
0.999186218 0.003241468 0.040202647 -0.618109703 -0.002656982 0.999890029 -0.014583400 -4.425601959 -0.040245503 0.014464717 0.999085128 258.926696777
0.999069393 0.001574550 0.043103557 -0.585234642 -0.001058822 0.999927640 -0.011985072 -4.438637257 -0.043119308 0.011928279 0.998998702 259.791290283
0.998944879 -0.001292745 0.045908581 -0.544716835 0.001761754 0.999946654 -0.010177161 -4.464589119 -0.045892984 0.010247300 0.998893797 260.634979248
0.998791873 -0.000400333 0.049138341 -0.509411812 0.000879227 0.999952376 -0.009724599 -4.484847069 -0.049132109 0.009756056 0.998744607 261.473266602
0.998681843 0.001596516 0.051303305 -0.467473984 -0.000981145 0.999927282 -0.012017710 -4.506664753 -0.051318765 0.011951534 0.998610795 262.328369141
0.998550653 0.002102250 0.053779908 -0.422971725 -0.001336348 0.999897182 -0.014273421 -4.533959389 -0.053804398 0.014180864 0.998450756 263.182556152
0.998408556 0.001338988 0.056377858 -0.389843941 -0.000588543 0.999911070 -0.013325482 -4.572648048 -0.056390680 0.013271097 0.998320520 264.017700195
0.998274446 0.003190221 0.058634296 -0.337645531 -0.002479037 0.999922454 -0.012197891 -4.585237503 -0.058668666 0.012031484 0.998204947 264.924774170
0.998087287 0.005069985 0.061611798 -0.288444519 -0.004419925 0.999933183 -0.010682610 -4.608328342 -0.061661839 0.010389858 0.998043060 265.778167725
0.997876406 0.005292338 0.064919822 -0.243293762 -0.004600360 0.999931037 -0.010803830 -4.630541325 -0.064972527 0.010482234 0.997832000 266.622009277
0.997691274 0.005376321 0.067699477 -0.190227509 -0.004611336 0.999923825 -0.011450919 -4.653181076 -0.067755878 0.011112297 0.997640014 267.468444824
0.997482777 0.003642316 0.070816338 -0.144617081 -0.002802602 0.999924541 -0.011953380 -4.674869061 -0.070854545 0.011724819 0.997417748 268.328338623
0.997348309 0.000062787 0.072776645 -0.082984924 0.000752087 0.999937296 -0.011169454 -4.696947575 -0.072772786 0.011194569 0.997285724 269.160217285
0.997242928 0.000443135 0.074205443 -0.024816513 0.000409730 0.999934018 -0.011477681 -4.720316410 -0.074205644 0.011476441 0.997176945 270.012329102
0.997271955 -0.001204855 0.073805839 0.043598175 0.002054332 0.999932408 -0.011434774 -4.747220039 -0.073787093 0.011555199 0.997207046 270.867584229
0.997257710 -0.002003952 0.073981762 0.103603363 0.002794404 0.999940038 -0.010582446 -4.785780907 -0.073956139 0.010760161 0.997203410 271.812713623
0.997285604 -0.002304055 0.073594391 0.169002533 0.003024893 0.999948561 -0.009684772 -4.810743332 -0.073568277 0.009881097 0.997241259 272.676208496
0.997333765 -0.001003345 0.072968364 0.229728699 0.001723476 0.999950409 -0.009806787 -4.827017784 -0.072954893 0.009906400 0.997286022 273.539947510
0.997393847 -0.001623074 0.072131842 0.284502029 0.002393957 0.999940932 -0.010601964 -4.853083134 -0.072110377 0.010747015 0.997338712 274.398925781
0.997527003 -0.001909240 0.070258059 0.338907242 0.002709863 0.999932468 -0.011301903 -4.879879951 -0.070231743 0.011464342 0.997464836 275.259338379
0.997673154 -0.001097287 0.068169340 0.413515091 0.001904433 0.999928892 -0.011776444 -4.905102730 -0.068151578 0.011878866 0.997604251 276.140594482
0.997792780 -0.000328218 0.066403106 0.462043762 0.001110152 0.999930441 -0.011739001 -4.933202744 -0.066394635 0.011786807 0.997723758 276.986663818
0.997882545 0.002363521 0.064997889 0.503978729 -0.001532866 0.999916553 -0.012826622 -4.955719948 -0.065022789 0.012699828 0.997802973 277.872619629
0.998019457 0.003501435 0.062808610 0.551170349 -0.002719335 0.999917805 -0.012533282 -4.975848198 -0.062847309 0.012337663 0.997946918 278.731445312
0.998217225 0.002302205 0.059643563 0.604434967 -0.001665744 0.999941170 -0.010718608 -5.005678177 -0.059664734 0.010600148 0.998162210 279.590576172
0.998418093 0.001389871 0.056208808 0.633514404 -0.000915550 0.999963820 -0.008463431 -5.028771400 -0.056218531 0.008398581 0.998383224 280.422363281
0.998687387 0.000076353 0.051221639 0.675765991 0.000256963 0.999978781 -0.006500707 -5.056822300 -0.051221043 0.006505335 0.998666227 281.272674561
0.998913109 -0.000845138 0.046605028 0.714244843 0.001076567 0.999987125 -0.004940881 -5.080096245 -0.046600256 0.004985684 0.998901129 282.107757568
0.999133766 -0.000243673 0.041614421 0.748448372 0.000462339 0.999986112 -0.005245032 -5.091655731 -0.041612566 0.005259729 0.999119937 282.945495605
0.999311984 -0.001748877 0.037047327 0.763851166 0.001898783 0.999990106 -0.004011595 -5.116224289 -0.037039943 0.004079179 0.999305606 283.750793457
0.999475420 -0.002561125 0.032284841 0.787494659 0.002695746 0.999987841 -0.004126969 -5.131170750 -0.032273889 0.004211836 0.999470174 284.555877686
0.999593973 -0.003340757 0.028293755 0.804851532 0.003467060 0.999984205 -0.004416107 -5.151930332 -0.028278552 0.004512411 0.999589860 285.337463379
0.999693573 -0.002319921 0.024644520 0.816386223 0.002435881 0.999986053 -0.004676347 -5.170414925 -0.024633331 0.004734945 0.999685347 286.110717773
0.999795914 -0.002242539 0.020078508 0.833392143 0.002338231 0.999985933 -0.004743746 -5.191826820 -0.020067589 0.004789726 0.999787152 286.866149902
