1.000000000 0.000000000 0.000000000 0.000000000 0.000000000 1.000000000 0.000000000 0.000000000 0.000000000 0.000000000 1.000000000 0.000000000
0.999980688 0.000432517 -0.006201620 -0.013024171 -0.000428825 0.999999702 0.000596603 -0.003608683 0.006201876 -0.000593933 0.999980569 0.096443094
0.999911010 0.001146766 -0.013292033 -0.022016607 -0.001140816 0.999999225 0.000455214 -0.006040476 0.013292545 -0.000440009 0.999911547 0.193760425
0.999786556 0.001429168 -0.020610269 -0.036164250 -0.001435274 0.999998927 -0.000281501 -0.004273003 0.020609844 0.000311023 0.999787569 0.291264385
0.999542892 0.001778118 -0.030180726 -0.045043435 -0.001820647 0.999997377 -0.001381703 -0.008873269 0.030178189 0.001436020 0.999543488 0.396554708
0.999131620 0.002070196 -0.041614272 -0.063891411 -0.002194883 0.999993265 -0.002950807 -0.008291861 0.041607883 0.003039583 0.999129415 0.512656033
0.998525023 0.002131928 -0.054251075 -0.101667017 -0.002362119 0.999988496 -0.004179306 -0.005809380 0.054241538 0.004301290 0.998518586 0.642639697
0.997458279 0.001850475 -0.071229316 -0.103142798 -0.002150505 0.999989092 -0.004135710 -0.007786651 0.071220875 0.004278378 0.997451365 0.758958578
0.995939851 0.000162128 -0.090020984 -0.129325867 -0.000545768 0.999990821 -0.004237084 -0.007499018 0.090019457 0.004269010 0.995930851 0.908217490
0.993937492 -0.000974613 -0.109942734 -0.165115252 0.000498142 0.999990404 -0.004361191 -0.009639295 0.109945923 0.004279984 0.993928373 1.070555806
0.991240144 -0.001033216 -0.132067606 -0.214376062 0.000418815 0.999989033 -0.004679862 -0.013764319 0.132070988 0.004583555 0.991229594 1.238658786
0.987727761 0.002395667 -0.156166896 -0.260292113 -0.003374957 0.999976277 -0.006005936 -0.020820647 0.156148806 0.006459286 0.987712383 1.394721270
0.983364820 0.006752919 -0.181515783 -0.327705204 -0.008252162 0.999937773 -0.007505614 -0.025648300 0.181453764 0.008878654 0.983359396 1.573633313
0.977980256 0.009776874 -0.208468288 -0.399737209 -0.011780673 0.999895513 -0.008372558 -0.031780593 0.208364636 0.010644093 0.977993309 1.755523324
0.971303701 0.010418588 -0.237614274 -0.480722189 -0.012823860 0.999880970 -0.008579090 -0.034502521 0.237496614 0.011380034 0.971321702 1.948611259
0.963218451 0.012325943 -0.268436909 -0.565566957 -0.015001985 0.999856055 -0.007919994 -0.038279615 0.268300682 0.011655772 0.963264644 2.140527964
0.953766525 0.014402832 -0.300203174 -0.645095944 -0.017283682 0.999826431 -0.006942842 -0.043880459 0.300051093 0.011810468 0.953850031 2.308007002
0.942419112 0.016328603 -0.334035337 -0.744551361 -0.019375179 0.999795496 -0.005790627 -0.046766132 0.333872527 0.011929193 0.942542732 2.499218702
0.929905355 0.018751647 -0.367320538 -0.855159938 -0.022242246 0.999738753 -0.005271791 -0.049315710 0.367125690 0.013072301 0.930079520 2.686205864
0.916095376 0.021171212 -0.400401235 -0.976489067 -0.025109595 0.999674082 -0.004591567 -0.049351387 0.400173545 0.014260223 0.916328430 2.871255159
0.899845958 0.021568749 -0.435674250 -1.098966002 -0.026002143 0.999652982 -0.004215667 -0.045568191 0.435432136 0.015121914 0.900094509 3.059419870
0.881259084 0.016951790 -0.472329289 -1.228009939 -0.021784220 0.999751389 -0.004763559 -0.045455512 0.472131073 0.014487256 0.881409228 3.251714945
0.860516071 0.011829447 -0.509285808 -1.374015212 -0.016794426 0.999845624 -0.005152811 -0.051410817 0.509146214 0.012987240 0.860581994 3.424212456
0.835347354 0.013470962 -0.549557388 -1.533772349 -0.017446673 0.999845743 -0.002010978 -0.056244064 0.549445570 0.011267812 0.835453570 3.605357647
0.806166232 0.018962637 -0.591385007 -1.717186928 -0.022149317 0.999752998 0.001863280 -0.061242510 0.591274261 0.011596663 0.806387186 3.778534889
0.773432851 0.022130150 -0.633491755 -1.917589664 -0.025490804 0.999667823 0.003800168 -0.065820329 0.633365393 0.013209038 0.773740053 3.949176550
0.737972617 0.021653276 -0.674483180 -2.142552376 -0.025055580 0.999675095 0.004679005 -0.069319464 0.674365401 0.013446593 0.738275349 4.125162601
0.697972417 0.017379580 -0.715913832 -2.362052679 -0.018923139 0.999803960 0.005822418 -0.068848059 0.715874791 0.009483447 0.698164284 4.293008804
0.655090570 0.013975620 -0.755421102 -2.602019310 -0.014017503 0.999881625 0.006342465 -0.066757955 0.755420268 0.006434228 0.655208886 4.453370094
0.610969484 0.013054686 -0.791546464 -2.883585453 -0.010922887 0.999907851 0.008060087 -0.065691084 0.791578770 0.003721504 0.611055791 4.614606857
0.562352359 0.013927895 -0.826780319 -3.166186094 -0.008540262 0.999902606 0.011035461 -0.065719046 0.826853514 0.000855104 0.562416553 4.762283802
0.511109531 0.014242363 -0.859397471 -3.468085766 -0.007075758 0.999898553 0.012362648 -0.056999497 0.859486401 -0.000237779 0.511158586 4.892210007
0.459026963 0.015737958 -0.888282895 -3.798989296 -0.005969305 0.999875128 0.014630384 -0.056491703 0.888402283 -0.001413309 0.459063649 4.998923302
0.404051304 0.018080153 -0.914557636 -4.136585236 -0.004222251 0.999830842 0.017900558 -0.057354443 0.914726555 -0.003371253 0.404059291 5.101042747
0.347960532 0.019684751 -0.937302589 -4.500718117 -0.004349405 0.999802649 0.019382695 -0.044908464 0.937499166 -0.002667705 0.347977519 5.196522713
0.291989803 0.023303168 -0.956137538 -4.874185085 -0.001359951 0.999712229 0.023949873 -0.050051421 0.956420481 -0.005692818 0.291937470 5.278658390
0.239429027 0.025270501 -0.970584869 -5.233534813 0.002762127 0.999639392 0.026708351 -0.051286712 0.970909894 -0.009075631 0.239272892 5.321581364
0.188438952 0.025760885 -0.981746912 -5.635871410 0.004606394 0.999621809 0.027114073 -0.046094269 0.982074082 -0.009631661 0.188248992 5.359595299
0.140871927 0.027033260 -0.989658713 -6.052638531 0.002192841 0.999616206 0.027617395 -0.043988913 0.990025461 -0.006060678 0.140758544 5.375835419
0.098231748 0.027380163 -0.994786799 -6.480431080 0.000609024 0.999619544 0.027573317 -0.034109846 0.995163381 -0.003314422 0.098177716 5.382947922
0.060245246 0.025866564 -0.997848392 -6.921763420 -0.000958677 0.999665201 0.025855778 -0.023946613 0.998183131 -0.000601073 0.060249880 5.375164986
0.025946137 0.022932140 -0.999400258 -7.445931911 0.000806645 0.999736011 0.022960790 -0.015575528 0.999662995 -0.001401905 0.025920790 5.369738579
-0.005115302 0.020177245 -0.999783337 -7.927529812 0.001027178 0.999796093 0.020172250 -0.009555966 0.999986410 -0.000923769 -0.005134987 5.340873241
-0.031518526 0.018313374 -0.999335468 -8.419876099 0.000326549 0.999832392 0.018312182 -0.005566418 0.999503076 0.000250841 -0.031519216 5.300680161
-0.052891608 0.016005181 -0.998472035 -8.932491302 0.000397672 0.999871850 0.016006559 0.007213309 0.998600185 0.000449548 -0.052891191 5.264698029
-0.069233850 0.014985275 -0.997487903 -9.523635864 0.002324398 0.999886870 0.014859982 0.023933381 0.997597754 -0.001289745 -0.069260851 5.217137814
-0.082425721 0.015465093 -0.996477246 -10.067977905 0.002439786 0.999879718 0.015316087 0.029947869 0.996594310 -0.001168752 -0.082453534 5.163846970
-0.091757193 0.016649589 -0.995642185 -10.627232552 0.001165495 0.999861240 0.016612733 0.029841900 0.995780706 0.000363922 -0.091763869 5.098077297
-0.098182447 0.017834380 -0.995008647 -11.207117081 -0.001007592 0.999837101 0.018020347 0.032434270 0.995167911 0.002771844 -0.098148465 5.023654938
-0.102869511 0.018989038 -0.994513571 -11.869187355 -0.000170667 0.999817431 0.019107960 0.037872210 0.994694829 0.002135358 -0.102847487 4.955258369
-0.104364671 0.019530881 -0.994347334 -12.475931168 0.001875478 0.999809325 0.019441316 0.048701212 0.994537294 0.000164110 -0.104381412 4.891320705
-0.103048652 0.021615177 -0.994441450 -13.098774910 0.003988917 0.999764860 0.021317534 0.058940217 0.994668365 -0.001770000 -0.103110634 4.824841976
-0.102047637 0.023940723 -0.994491398 -13.746971130 0.003664535 0.999712706 0.023690386 0.067470878 0.994772732 -0.001226799 -0.102106065 4.763319016
-0.100494586 0.024259148 -0.994641721 -14.391740799 0.001600405 0.999705374 0.024220947 0.068066180 0.994936287 0.000842245 -0.100503787 4.699332237
-0.098393470 0.021617752 -0.994912744 -15.115652084 -0.000101055 0.999763787 0.021733150 0.078988180 0.995147586 0.002238941 -0.098368041 4.615537643
-0.097047314 0.021397917 -0.995049775 -15.795027733 -0.000009582 0.999768794 0.021500336 0.093535498 0.995279729 0.002096084 -0.097024672 4.550746918
-0.095350727 0.024201185 -0.995149493 -16.500253677 0.000279126 0.999705076 0.024285227 0.106709361 0.995443642 0.002037842 -0.095329359 4.482234478
-0.093751371 0.027820922 -0.995206773 -17.219507217 -0.000803241 0.999607086 0.028019594 0.115342885 0.995595276 0.003426267 -0.093692176 4.412992001
-0.091869734 0.029696558 -0.995328128 -17.950361252 -0.000981721 0.999552011 0.029913196 0.127972513 0.995770514 0.003725252 -0.091799431 4.341552258
-0.090047762 0.029124947 -0.995511472 -18.720411301 -0.003240246 0.999558389 0.029536437 0.134423673 0.995932102 0.005885394 -0.089913614 4.265121937
-0.088216424 0.025931045 -0.995763719 -19.478521347 -0.005375751 0.999634147 0.026508085 0.151978731 0.996086836 0.007691426 -0.088044748 4.190555573
-0.086931393 0.025547553 -0.995886564 -20.249425888 -0.006486467 0.999635458 0.026209924 0.165064156 0.996193171 0.008738250 -0.086733997 4.120480061
-0.084826186 0.027722575 -0.996010005 -21.031326294 -0.004278302 0.999593556 0.028186681 0.179022700 0.996386528 0.006652200 -0.084673114 4.043895721
-0.083685525 0.029867679 -0.996044457 -21.822212219 -0.001578517 0.999545455 0.030105287 0.193318009 0.996490896 0.004091651 -0.083600342 3.976853132
-0.082821324 0.031401135 -0.996069551 -22.612121582 -0.001135635 0.999499857 0.031603701 0.210095614 0.996563733 0.003748632 -0.082744233 3.914246082
-0.082074724 0.026665801 -0.996269405 -23.442380905 -0.001196913 0.999638617 0.026854582 0.221301198 0.996625483 0.003396531 -0.082013145 3.843300343
-0.081576847 0.019802101 -0.996470392 -24.250034332 0.000128979 0.999802768 0.019857764 0.229869366 0.996666968 0.001491411 -0.081563339 3.770615816
-0.081512414 0.015020858 -0.996559203 -25.067068100 0.003117951 0.999885380 0.014815964 0.242054418 0.996667445 -0.001899537 -0.081549913 3.704309702
-0.082261108 0.015729684 -0.996486723 -25.901866913 0.004427644 0.999871314 0.015417603 0.251643777 0.996600986 -0.003143819 -0.082320169 3.634572029
-0.082229376 0.023429064 -0.996338010 -26.747722626 0.003951859 0.999723375 0.023182523 0.252749383 0.996605635 -0.002031104 -0.082299218 3.562363148
-0.082780369 0.030268282 -0.996108055 -27.595159531 0.003274444 0.999541521 0.030100493 0.268929780 0.996562481 -0.000769971 -0.082841530 3.493379593
-0.083485492 0.035642896 -0.995871365 -28.401428223 0.001387287 0.999363303 0.035651576 0.278475523 0.996507943 0.001594830 -0.083481789 3.428164244
-0.083569288 0.035943925 -0.995853484 -29.244091034 -0.000399735 0.999347925 0.036103599 0.290120661 0.996501863 0.003415229 -0.083500437 3.349002123
-0.084038377 0.032533918 -0.995931268 -30.085193634 0.000272174 0.999467432 0.032626469 0.306385159 0.996462464 0.002470809 -0.084002480 3.274858236
-0.084512077 0.029828820 -0.995975852 -30.915498734 -0.000169125 0.999551356 0.029950257 0.320262492 0.996422410 0.002699602 -0.084469102 3.203018188
-0.084682532 0.031242862 -0.995918036 -31.748600006 -0.001501238 0.999503136 0.031482980 0.331121325 0.996406853 0.004161169 -0.084593542 3.125862837
-0.084548719 0.033321749 -0.995862067 -32.592849731 -0.002762845 0.999428988 0.033675663 0.346510828 0.996415496 0.005598647 -0.084408395 3.045002222
-0.084174067 0.031861734 -0.995941520 -33.432369232 -0.003975084 0.999469995 0.032310575 0.358185887 0.996443152 0.006678664 -0.084002785 2.957962990
-0.083828226 0.026629401 -0.996124327 -34.259231567 -0.004168449 0.999624729 0.027073774 0.373637915 0.996471643 0.006421840 -0.083685763 2.884675503
-0.083367065 0.022368625 -0.996267855 -35.095794678 -0.005518178 0.999722242 0.022907946 0.387412578 0.996503651 0.007407350 -0.083220482 2.805977821
-0.083029687 0.023237869 -0.996276081 -35.936054230 -0.004623380 0.999708354 0.023703242 0.391909063 0.996536434 0.006574235 -0.082898036 2.733896255
-0.082456306 0.025314724 -0.996273100 -36.778160095 -0.003924407 0.999661326 0.025725618 0.405660808 0.996586978 0.006031021 -0.082329020 2.663536310
-0.081805527 0.030255327 -0.996188879 -37.611724854 -0.003682802 0.999523163 0.030659012 0.413205981 0.996641517 0.006176844 -0.081655093 2.585550308
-0.081235394 0.036277179 -0.996034503 -38.467075348 -0.003834419 0.999318659 0.036709525 0.415221035 0.996687531 0.006801327 -0.081040934 2.521646738
-0.081173256 0.039261460 -0.995926380 -39.303447723 -0.003888970 0.999203801 0.039707631 0.441484928 0.996692479 0.007096326 -0.080955938 2.445985317
-0.080852017 0.039082855 -0.995959580 -40.146636963 -0.003761590 0.999211848 0.039515849 0.453588724 0.996719062 0.006941328 -0.080641285 2.371201038
-0.081335381 0.034368630 -0.996094048 -40.938171387 -0.004898075 0.999379456 0.034881931 0.474801660 0.996674776 0.007716080 -0.081116550 2.311410427
-0.080662757 0.030209925 -0.996283472 -41.764602661 -0.005540535 0.999511540 0.030756390 0.489607275 0.996726155 0.008000840 -0.080455974 2.238939285
-0.080776729 0.027126707 -0.996363044 -42.600433350 -0.009116015 0.999567628 0.027953016 0.505761564 0.996690631 0.011340813 -0.080494516 2.160987139
-0.081853569 0.025679562 -0.996313393 -43.424278259 -0.012931381 0.999556482 0.026825551 0.510115087 0.996560514 0.015079477 -0.081485189 2.095743656
-0.082611345 0.023822533 -0.996297061 -44.252178192 -0.010769019 0.999634624 0.024795284 0.516028404 0.996523678 0.012777513 -0.082324602 2.023370266
-0.083832808 0.019735677 -0.996284306 -45.069908142 -0.007439525 0.999763548 0.020430606 0.523387671 0.996452034 0.009124637 -0.083666168 1.959020138
-0.083997749 0.017718194 -0.996308446 -45.917667389 -0.002795470 0.999833882 0.018016582 0.540629745 0.996462047 0.004298502 -0.083934255 1.871766090
-0.085965738 0.022008024 -0.996055007 -46.710426331 -0.002550720 0.999747872 0.022309763 0.531174958 0.996294856 0.004458533 -0.085887924 1.807670832
-0.087560222 0.027925029 -0.995767653 -47.534698486 -0.000102774 0.999606788 0.028041732 0.540642321 0.996159196 0.002557679 -0.087522916 1.739054680
-0.089605033 0.031606324 -0.995475769 -48.358371735 0.002211908 0.999500215 0.031535007 0.550569236 0.995974898 0.000623794 -0.089630164 1.665811062
-0.090761453 0.031297758 -0.995380759 -49.145233154 0.001114874 0.999508739 0.031325895 0.546028674 0.995872021 0.001733460 -0.090751745 1.576482296
-0.091751814 0.027173711 -0.995411098 -49.946613312 -0.002309108 0.999619186 0.027501430 0.555589974 0.995779216 0.004821816 -0.091654129 1.493010044
-0.092757963 0.023556339 -0.995410025 -50.745292664 -0.006928199 0.999680638 0.024303012 0.562805891 0.995664477 0.009150697 -0.092565149 1.403307915
-0.094185449 0.022125455 -0.995308816 -51.539012909 -0.010783938 0.999671698 0.023242915 0.568208098 0.995496154 0.012922493 -0.093915924 1.319319725
-0.095385112 0.023424426 -0.995164752 -52.327987671 -0.012305953 0.999619007 0.024708772 0.572225451 0.995364368 0.014603299 -0.095060505 1.236568928
-0.096588649 0.025286032 -0.995003164 -53.111804962 -0.012103612 0.999573469 0.026577124 0.575084925 0.995250702 0.014610180 -0.096241415 1.157132149
-0.097486340 0.023959639 -0.994948328 -53.915180206 -0.013048791 0.999593496 0.025350031 0.588132143 0.995151341 0.015454157 -0.097134069 1.076641560
-0.098037645 0.023798943 -0.994898081 -54.691616058 -0.014078027 0.999580860 0.025298215 0.593371212 0.995083153 0.016486382 -0.097661518 0.992418766
-0.098494492 0.025564749 -0.994809151 -55.465415955 -0.012201301 0.999563873 0.026894964 0.600290120 0.995062828 0.014786972 -0.098139599 0.911195755
-0.098610781 0.028059423 -0.994730413 -56.238910675 -0.011531649 0.999503076 0.029337220 0.611000180 0.995059311 0.014363850 -0.098238215 0.831387997
-0.098914951 0.032288820 -0.994571924 -56.998054504 -0.012137523 0.999359965 0.033651397 0.617875814 0.995021939 0.015400266 -0.098459750 0.751464844
-0.099635601 0.034319062 -0.994431973 -57.774669647 -0.011515802 0.999298334 0.035640817 0.626971483 0.994957328 0.015002777 -0.099170484 0.681901455
-0.100507788 0.034190178 -0.994348645 -58.561920166 -0.011181807 0.999307454 0.035490930 0.647646427 0.994873464 0.014685731 -0.100055873 0.589754105
-0.101322412 0.032020181 -0.994338214 -59.307739258 -0.010087583 0.999397516 0.033211019 0.659597993 0.994802475 0.013395491 -0.100938343 0.517255783
-0.101213805 0.028479196 -0.994456947 -60.048854828 -0.009952075 0.999511182 0.029636838 0.667279959 0.994814932 0.012896569 -0.100880906 0.435101986
-0.100835517 0.025725700 -0.994570434 -60.778247833 -0.010401327 0.999583721 0.026909919 0.675011992 0.994848728 0.013058329 -0.100525960 0.356148243
-0.099472612 0.023200653 -0.994769752 -61.494369507 -0.010837000 0.999643624 0.024397977 0.684581995 0.994981349 0.013207249 -0.099185735 0.275609970
-0.096904062 0.022305083 -0.995043695 -62.190551758 -0.013529733 0.999626935 0.023725435 0.689297318 0.995201766 0.015761768 -0.096566133 0.200372219
-0.093168460 0.023233883 -0.995379210 -62.859909058 -0.013065999 0.999613106 0.024555698 0.691215158 0.995564640 0.015293443 -0.092828840 0.133343697
-0.087547213 0.024818901 -0.995851159 -63.513038635 -0.012525899 0.999583185 0.026013087 0.694456995 0.996081650 0.014751304 -0.087199837 0.079027176
-0.080122285 0.026205648 -0.996440470 -64.167617798 -0.012084650 0.999555409 0.027259268 0.701432824 0.996711791 0.014225711 -0.079769969 0.020437241
-0.070581511 0.027437117 -0.997128546 -64.825798035 -0.013692636 0.999500811 0.028471619 0.704696417 0.997412086 0.015662888 -0.070170574 -0.037992954
-0.059562851 0.029776640 -0.997780323 -65.402679443 -0.016383726 0.999391258 0.030802745 0.689577460 0.998090148 0.018182062 -0.059038740 -0.064774036
-0.044849530 0.031300474 -0.998503268 -66.018684387 -0.017437927 0.999332249 0.032109711 0.698776484 0.998841524 0.018851932 -0.044273764 -0.068409920
-0.026044078 0.032503277 -0.999132216 -66.612152100 -0.018876277 0.999277115 0.033000030 0.708684802 0.999482512 0.019719351 -0.025411708 -0.087559462
-0.004303869 0.033622280 -0.999425411 -67.179847717 -0.019731818 0.999237180 0.033700913 0.709483743 0.999796033 0.019865518 -0.003637157 -0.072095364
0.021398764 0.034041010 -0.999191284 -67.715682983 -0.019142002 0.999250948 0.033633091 0.710749745 0.999587774 0.018406818 0.022034336 -0.048937082
0.050704498 0.033512954 -0.998151302 -68.236717224 -0.017441738 0.999314129 0.032665983 0.718505502 0.998561323 0.015753180 0.051254239 -0.001351118
0.084260844 0.033508409 -0.995880127 -68.746910095 -0.015988203 0.999351203 0.032272439 0.722610712 0.996315420 0.013203032 0.084741920 0.074141979
0.121816553 0.033442114 -0.991989076 -69.222984314 -0.015748225 0.999371588 0.031757101 0.734826326 0.992427647 0.011753527 0.122266665 0.156396866
0.163006693 0.033288799 -0.986063182 -69.668510437 -0.016052626 0.999387801 0.031084951 0.734993100 0.986494303 0.010761851 0.163441271 0.245562553
0.208759546 0.034804475 -0.977347493 -70.088630676 -0.015247663 0.999360979 0.032331526 0.729693532 0.977848113 0.008152750 0.209156781 0.356441498
0.257019043 0.033798397 -0.965815187 -70.479393005 -0.011319484 0.999424934 0.031962268 0.722694039 0.966340065 0.002717620 0.257253766 0.483522415
0.306880176 0.028948447 -0.951307833 -70.869834900 -0.003545806 0.999565244 0.029273087 0.723051786 0.951741517 -0.005610174 0.306849360 0.660547256
0.359554142 0.023959234 -0.932816565 -71.239845276 0.001433013 0.999655068 0.026228312 0.720431328 0.933123052 -0.010767233 0.359395742 0.827329636
0.411438763 0.020834098 -0.911199152 -71.581275940 0.007009241 0.999636889 0.026021091 0.693171024 0.911410332 -0.017092895 0.411143363 1.033699036
0.460635066 0.016668839 -0.887433112 -71.981109619 0.007027772 0.999723792 0.022425888 0.756597936 0.887561798 -0.016566832 0.460390687 1.304616928
0.509041429 0.015559944 -0.860601366 -72.344543457 0.008545061 0.999695957 0.023129178 0.761367083 0.860699534 -0.019127604 0.508753657 1.559135437
0.554662824 0.010698593 -0.832006454 -72.691375732 0.016846897 0.999567926 0.024084330 0.770671427 0.831904650 -0.027375409 0.554242969 1.834636688
0.598982871 0.004282690 -0.800750434 -73.012603760 0.027227089 0.999298453 0.025711194 0.772073150 0.800298810 -0.037202664 0.598446190 2.131423950
0.641731560 -0.001240247 -0.766928434 -73.319892883 0.029149000 0.999315560 0.022774534 0.777323782 0.766375184 -0.036970340 0.641328394 2.437610626
0.682648957 -0.004881245 -0.730730236 -73.606346130 0.025588803 0.999524057 0.017228313 0.767473400 0.730298340 -0.030459400 0.682448983 2.753223419
0.723174095 -0.011653394 -0.690567434 -73.869903564 0.021896739 0.999741793 0.006059900 0.775543272 0.690318584 -0.019503545 0.723242521 3.074798584
0.761803150 -0.012956227 -0.647678971 -74.111503601 0.015979365 0.999871612 -0.001206508 0.769989550 0.647611380 -0.009430378 0.761912465 3.419040680
0.799291492 -0.013908946 -0.600782514 -74.377609253 0.014314990 0.999889076 -0.004103906 0.777294993 0.600773036 -0.005319985 0.799401939 3.811660767
0.833541512 -0.015729245 -0.552232862 -74.624198914 0.015003949 0.999870360 -0.005832301 0.781631172 0.552253008 -0.003424207 0.833669543 4.235698700
0.863694012 -0.013518783 -0.503835142 -74.848785400 0.011611245 0.999908626 -0.006924857 0.753275335 0.503882706 0.000130805 0.863772094 4.690586090
0.889797628 -0.011991814 -0.456197739 -75.057388306 0.010853936 0.999928117 -0.005114322 0.743569613 0.456226259 -0.000400831 0.889863789 5.167190552
0.911014080 -0.006248164 -0.412327826 -75.248443604 0.005115322 0.999979496 -0.003851072 0.735265493 0.412343442 0.001399191 0.911027431 5.663753510
0.928507566 -0.002346691 -0.371305823 -75.430702209 0.000354878 0.999985158 -0.005432579 0.732856035 0.371313095 0.004912422 0.928494811 6.177495956
0.942356586 0.003010912 -0.334596574 -75.612350464 -0.004544160 0.999982476 -0.003799679 0.729508400 0.334579289 0.005101114 0.942353845 6.700738907
0.952269733 0.003520426 -0.305237532 -75.768241882 -0.004291988 0.999989092 -0.001856728 0.720568657 0.305227727 0.003078183 0.952274442 7.262283325
0.959817767 0.002587256 -0.280611813 -75.921470642 -0.002640069 0.999996543 0.000189811 0.708717287 0.280611366 0.000558650 0.959821343 7.829790115
0.965775728 0.002829061 -0.259362996 -76.080383301 -0.002301807 0.999994695 0.002336567 0.701875389 0.259368271 -0.001659596 0.965777099 8.450017929
0.970554709 0.007488203 -0.240764454 -76.239738464 -0.006323566 0.999964237 0.005609517 0.688451886 0.240797907 -0.003921855 0.970567346 9.054836273
0.974261701 0.012211802 -0.225088596 -76.397178650 -0.010992168 0.999917328 0.006670918 0.692997158 0.225151509 -0.004025008 0.974315464 9.712394714
0.977149129 0.014900296 -0.212032050 -76.537834167 -0.013454016 0.999875367 0.008262247 0.688457608 0.212128758 -0.005220763 0.977227807 10.354372978
0.979891896 0.014009506 -0.199036330 -76.674949646 -0.012583546 0.999885380 0.008427545 0.683588684 0.199131519 -0.005753502 0.979955912 11.024245262
0.982625246 0.013592931 -0.185102642 -76.804618835 -0.012194174 0.999887943 0.008693045 0.675200701 0.185200065 -0.006284832 0.982680738 11.708304405
0.985612810 0.015814533 -0.168277234 -76.974746704 -0.014880305 0.999866068 0.006811374 0.701880515 0.168362409 -0.004209362 0.985716164 12.409404755
0.987918019 0.017217521 -0.154018328 -77.085205078 -0.016287547 0.999840736 0.007297956 0.700821757 0.154119447 -0.004701201 0.988041043 13.125122070
0.989777863 0.017521461 -0.141537592 -77.186233521 -0.017057456 0.999844432 0.004491004 0.692790508 0.141594246 -0.002030826 0.989922643 13.853380203
0.991280019 0.017316105 -0.130630434 -77.283050537 -0.017519420 0.999846399 -0.000407263 0.685299337 0.130603343 0.002692281 0.991430998 14.596337318
0.992487013 0.015636992 -0.121347532 -77.361526489 -0.016582612 0.999839485 -0.006786660 0.677693069 0.121221930 0.008747930 0.992586911 15.336397171
0.993453324 0.015050273 -0.113243088 -77.449745178 -0.015944224 0.999848366 -0.006992469 0.671171546 0.113120712 0.008752263 0.993542731 16.091913223
0.994188309 0.016662044 -0.106358312 -77.536659241 -0.016834484 0.999858022 -0.000723662 0.659207284 0.106331177 0.002509944 0.994327605 16.876560211
0.994658709 0.021816816 -0.100886747 -77.635505676 -0.021140287 0.999746263 0.007770181 0.639588594 0.101030678 -0.005595902 0.994867563 17.651617050
0.995216966 0.022074090 -0.095162675 -77.732612610 -0.021211287 0.999724329 0.010068765 0.650772929 0.095358700 -0.008002083 0.995410800 18.437940598
0.995386720 0.022015035 -0.093384221 -77.811721802 -0.021171134 0.999725699 0.010018043 0.632031560 0.093579143 -0.007994776 0.995579839 19.244235992
0.995691597 0.021885965 -0.090106867 -77.888977051 -0.021149633 0.999734759 0.009118556 0.626941144 0.090282530 -0.007173542 0.995890260 20.022409439
0.995986223 0.019854870 -0.087277569 -77.952697754 -0.018953132 0.999758303 0.011148456 0.626571417 0.087477818 -0.009449527 0.996121526 20.792293549
0.996287644 0.017431883 -0.084304534 -78.029617310 -0.016384559 0.999779999 0.013099093 0.629087567 0.084514335 -0.011669170 0.996353924 21.580022812
0.996490121 0.016046237 -0.082157813 -78.080291748 -0.014834333 0.999772370 0.015340152 0.613075495 0.082385257 -0.014067555 0.996501267 22.344947815
0.996759713 0.014649766 -0.079091519 -78.146377563 -0.013798722 0.999840975 0.011296112 0.612567663 0.079244427 -0.010168150 0.996803343 23.107944489
0.996822774 0.018798854 -0.077400863 -78.218254089 -0.018503100 0.999818563 0.004536503 0.599536300 0.077472106 -0.003089935 0.996989727 23.861917496
0.996945679 0.018812386 -0.075798854 -78.278800964 -0.019084584 0.999813795 -0.002868265 0.587467670 0.075730786 0.004306094 0.997118950 24.605442047
0.996988654 0.021333948 -0.074555583 -78.339462280 -0.021909989 0.999736011 -0.006916910 0.578166425 0.074388325 0.008529591 0.997192860 25.413455963
0.997161686 0.022420589 -0.071875542 -78.408424377 -0.022887049 0.999721885 -0.005672703 0.568585575 0.071728379 0.007301620 0.997397482 26.181703568
0.997245550 0.026302662 -0.069350354 -78.472259521 -0.026470950 0.999648392 -0.001508574 0.549671233 0.069286294 0.003340190 0.997591257 26.943246841
0.997301936 0.029257441 -0.067328207 -78.530586243 -0.029085033 0.999570668 0.003539708 0.535986543 0.067402877 -0.001571910 0.997724593 27.712806702
0.997544944 0.027117537 -0.064567074 -78.588470459 -0.026805883 0.999624431 0.005688423 0.522208035 0.064697087 -0.003943678 0.997897148 28.468969345
0.997679532 0.023888405 -0.063757680 -78.625106812 -0.023579970 0.999706328 0.005585800 0.509700954 0.063872397 -0.004069434 0.997949719 29.211023331
0.997803748 0.022294959 -0.062375858 -78.682380676 -0.021994818 0.999742985 0.005494411 0.498907804 0.062482338 -0.004110396 0.998037577 29.965564728
0.997848928 0.022233959 -0.061669700 -78.725189209 -0.022034254 0.999749541 0.003916555 0.489190131 0.061741345 -0.002549282 0.998088956 30.711208344
0.997902811 0.021071503 -0.061203610 -78.771224976 -0.020950500 0.999777019 0.002618169 0.482647091 0.061245125 -0.001330432 0.998121858 31.454624176
0.997968495 0.020280104 -0.060395457 -78.822517395 -0.020152694 0.999793231 0.002718025 0.473915815 0.060438093 -0.001495372 0.998170733 32.221885681
0.997971058 0.023574729 -0.059143607 -78.882629395 -0.023407035 0.999719858 0.003526627 0.467222661 0.059210174 -0.002135095 0.998243213 32.994918823
0.998004079 0.022030558 -0.059181049 -78.932518005 -0.021914635 0.999756515 0.002607187 0.460590065 0.059224077 -0.001305052 0.998243809 33.780941010
0.997892916 0.021482730 -0.061222557 -78.975654602 -0.021357495 0.999768257 0.002699329 0.448252141 0.061266359 -0.001386081 0.998120427 34.555110931
0.997808456 0.020306678 -0.062976830 -79.031410217 -0.020156773 0.999792278 0.003014828 0.440692425 0.063024975 -0.001738811 0.998010337 35.354400635
0.997613311 0.022357212 -0.065328784 -79.106681824 -0.022246020 0.999749601 0.002429042 0.439211518 0.065366723 -0.000969940 0.997860789 36.142040253
0.997323692 0.026155166 -0.068273880 -79.166732788 -0.026089234 0.999657929 0.001857328 0.430832446 0.068299107 -0.000071145 0.997664869 36.916046143
0.997103631 0.025911540 -0.071503825 -79.216491699 -0.026139084 0.999655724 -0.002248240 0.420568287 0.071420953 0.004110773 0.997437775 37.683467865
0.996934593 0.026875423 -0.073478259 -79.288482666 -0.027365491 0.999609351 -0.005670730 0.412421316 0.073297143 0.007664115 0.997280657 38.488067627
0.996781528 0.025675220 -0.075942181 -79.348991394 -0.026314855 0.999626040 -0.007433902 0.404855639 0.075722910 0.009408385 0.997084558 39.322620392
0.996590853 0.025769988 -0.078373827 -79.417602539 -0.026307166 0.999636829 -0.005829149 0.386041760 0.078195147 0.007871072 0.996906996 40.154125214
0.996458650 0.024027398 -0.080578104 -79.483276367 -0.024519065 0.999686182 -0.005117717 0.372147322 0.080429845 0.007075293 0.996735215 40.978115082
0.996316910 0.024102641 -0.082290567 -79.556785583 -0.024467787 0.999694705 -0.003431572 0.355829000 0.082182735 0.005432401 0.996602535 41.816200256
0.996292710 0.023853377 -0.082654506 -79.636299133 -0.023950722 0.999713123 -0.000186322 0.350132436 0.082626343 0.002165267 0.996578276 42.651382446
0.996277213 0.022173330 -0.083306782 -79.713844299 -0.021839989 0.999749362 0.004910598 0.337223649 0.083394796 -0.003072897 0.996511817 43.498226166
0.996301591 0.023389434 -0.082680546 -79.802520752 -0.022879642 0.999712944 0.007108045 0.319280744 0.082823068 -0.005190055 0.996550739 44.410869598
0.996414006 0.026341958 -0.080405533 -79.880828857 -0.025842976 0.999639690 0.007240293 0.313263595 0.080567293 -0.005136411 0.996735990 45.271671295
0.996572018 0.026254511 -0.078452781 -79.954208374 -0.025887009 0.999648631 0.005697930 0.310037255 0.078574814 -0.003647491 0.996901572 46.137222290
0.996745467 0.023704557 -0.077049136 -80.022315979 -0.023523115 0.999717951 0.003261752 0.304246187 0.077104732 -0.001438702 0.997021914 47.007125854
0.996930957 0.019940400 -0.075703070 -80.087173462 -0.019867158 0.999801159 0.001720586 0.290492535 0.075722337 -0.000211301 0.997128904 47.893142700
0.997101665 0.019386413 -0.073568568 -80.159004211 -0.019316699 0.999812067 0.001658982 0.278633446 0.073586881 -0.000233072 0.997288764 48.757736206
0.997195721 0.014592966 -0.073401377 -80.207649231 -0.014351753 0.999889672 0.003812624 0.270634770 0.073448904 -0.002748493 0.997295201 49.617111206
0.997307599 0.012094205 -0.072326720 -80.272705078 -0.011658626 0.999911249 0.006441528 0.260142744 0.072398208 -0.005580954 0.997360170 50.490840912
0.997356117 0.011389092 -0.071771249 -80.327529907 -0.010953270 0.999919116 0.006463025 0.250885993 0.071839042 -0.005659807 0.997400165 51.381401062
0.997445583 0.012948168 -0.070247263 -80.405738831 -0.012725282 0.999912441 0.003619507 0.233461723 0.070287988 -0.002716345 0.997523069 52.237339020
0.997435927 0.015547655 -0.069855869 -80.471916199 -0.015725104 0.999874413 -0.001991011 0.216794223 0.069816142 0.003084397 0.997555137 53.109870911
0.997480333 0.017213114 -0.068824522 -80.539451599 -0.017726140 0.999819398 -0.006850289 0.185191661 0.068694174 0.008053022 0.997605324 53.975326538
0.997423291 0.021870030 -0.068326674 -80.605705261 -0.022810249 0.999655068 -0.013010779 0.173163831 0.068018563 0.014535803 0.997578204 54.800079346
0.997493923 0.021055399 -0.067546904 -80.667015076 -0.022050705 0.999658465 -0.014023287 0.151051700 0.067228571 0.015477599 0.997617543 55.671897888
0.997582972 0.017754700 -0.067179151 -80.726753235 -0.018337701 0.999799311 -0.008071562 0.133591950 0.067022361 0.009283965 0.997708261 56.539455414
0.997571170 0.016992528 -0.067551591 -80.786903381 -0.016961936 0.999855578 0.001026519 0.111740068 0.067559272 0.000121780 0.997715235 57.400459290
0.997477531 0.015784899 -0.069205947 -80.843017578 -0.015204853 0.999844790 0.008900275 0.094013214 0.069335692 -0.007825559 0.997562706 58.256500244
0.997369289 0.014076584 -0.071109109 -80.914657593 -0.013680203 0.999888062 0.006058264 0.092107683 0.071186416 -0.005069539 0.997450173 59.118225098
0.997267306 0.009144930 -0.073311016 -80.970085144 -0.008962015 0.999955833 0.002823662 0.075319707 0.073333591 -0.002158930 0.997305095 59.953334808
0.997094572 0.007179796 -0.075835191 -81.040565491 -0.007086166 0.999973774 0.001503689 0.061371103 0.075843997 -0.000961940 0.997119188 60.766036987
0.996852040 0.010231418 -0.078621805 -81.109931946 -0.010364627 0.999945343 -0.001286371 0.051952168 0.078604355 0.002097203 0.996903777 61.601322174
0.996649921 0.011029182 -0.081040025 -81.200653076 -0.011363181 0.999928832 -0.003661360 0.024894238 0.080993876 0.004569967 0.996704102 62.289596558
0.996298790 0.011373367 -0.085201420 -81.273635864 -0.012030332 0.999901652 -0.007201243 0.010671794 0.085111149 0.008199592 0.996337771 63.111171722
0.996079147 0.013422631 -0.087442845 -81.362457275 -0.014441724 0.999834836 -0.011032208 -0.011287868 0.087280340 0.012251779 0.996108472 63.921230316
0.995688975 0.018895967 -0.090810113 -81.452667236 -0.020000922 0.999736309 -0.011273087 -0.034210563 0.090573192 0.013040775 0.995804369 64.729461670
0.995290697 0.021520160 -0.094516076 -81.537208557 -0.022509662 0.999702156 -0.009415396 -0.051137924 0.094285324 0.011498580 0.995478809 65.537582397
0.994803250 0.025467545 -0.098579638 -81.626701355 -0.025921561 0.999658465 -0.003327302 -0.073734105 0.098461233 0.005865350 0.995123625 66.338302612
0.994350135 0.025111366 -0.103136845 -81.710662842 -0.025052726 0.999684513 0.001864121 -0.082889318 0.103151105 0.000730270 0.994665444 67.188812256
0.993849516 0.024482535 -0.107998200 -81.802780151 -0.024016878 0.999695837 0.005610517 -0.097337872 0.108102709 -0.002982231 0.994135320 67.980178833
0.993110418 0.024602020 -0.114569791 -81.898277283 -0.024041785 0.999691248 0.006269342 -0.101962477 0.114688657 -0.003471688 0.993395448 68.773216248
0.992468238 0.021461442 -0.120608047 -81.992179871 -0.020360680 0.999739110 0.010351862 -0.116610348 0.120798752 -0.007818232 0.992646217 69.555694580
0.991673291 0.022441385 -0.126808688 -82.100784302 -0.021349890 0.999722481 0.009960199 -0.123979807 0.126997024 -0.007169912 0.991877198 70.330856323
0.990761340 0.028146364 -0.132663772 -82.226585388 -0.027153052 0.999588013 0.009290965 -0.136092484 0.132870644 -0.005602904 0.991117537 71.104400635
0.989809632 0.030285794 -0.139138833 -82.338829041 -0.029810837 0.999540389 0.005496814 -0.145214826 0.139241382 -0.001292955 0.990257561 71.941047668
0.989001393 0.028966209 -0.145042673 -82.461296082 -0.028897632 0.999579072 0.002580080 -0.151084766 0.145056352 0.001639687 0.989422023 72.716644287
0.988179445 0.029850831 -0.150367439 -82.581008911 -0.029946432 0.999550283 0.001629035 -0.162945971 0.150348410 0.002893189 0.988628864 73.485000610
0.987369835 0.031051306 -0.155360088 -82.708267212 -0.030403690 0.999516368 0.006543488 -0.169606149 0.155488133 -0.001737323 0.987836242 74.265113831
0.986365199 0.031886455 -0.161452398 -82.835708618 -0.030598165 0.999476969 0.010460136 -0.170856833 0.161701486 -0.005377368 0.986825109 75.013580322
0.985435009 0.033086214 -0.166802630 -82.986442566 -0.031334288 0.999422789 0.013124563 -0.193148494 0.167140573 -0.007706763 0.985903025 75.756156921
0.984220982 0.030042710 -0.174374685 -83.123046875 -0.028908338 0.999541163 0.009042212 -0.186159313 0.174566329 -0.003858652 0.984637856 76.552177429
0.982774973 0.027971927 -0.182677060 -83.270523071 -0.028125530 0.999602854 0.001750365 -0.188339278 0.182653457 0.003417674 0.983171403 77.299034119
0.981184900 0.025762675 -0.191344038 -83.426849365 -0.026245840 0.999655604 0.000009306 -0.197898462 0.191278353 0.005012852 0.981523037 78.037170410
0.979014456 0.025066355 -0.202243283 -83.586380005 -0.025031768 0.999682903 0.002729098 -0.208386362 0.202247575 0.002390680 0.979331493 78.780731201
0.976738214 0.025454380 -0.212919131 -83.758277893 -0.024106687 0.999669611 0.008923789 -0.214188516 0.213075921 -0.003583432 0.977029026 79.512969971
0.974115968 0.027811870 -0.224331588 -83.943649292 -0.024651149 0.999553621 0.016878497 -0.218282580 0.224700868 -0.010911585 0.974366665 80.237327576
0.971167266 0.028973667 -0.236631960 -84.108291626 -0.025026545 0.999493301 0.019667780 -0.204564691 0.237081930 -0.013178623 0.971400261 81.010353088
0.968133807 0.032405548 -0.248328134 -84.302841187 -0.029542318 0.999447167 0.015248859 -0.211355090 0.248685002 -0.007426746 0.968555927 81.716255188
0.965101600 0.032136351 -0.259896576 -84.515441895 -0.031654965 0.999480605 0.006038579 -0.210925698 0.259955674 0.002399175 0.965617478 82.432418823
0.961789310 0.029128965 -0.272236615 -84.725975037 -0.029875930 0.999552608 0.001401652 -0.217553601 0.272155643 0.006785227 0.962229311 83.138412476
0.958203733 0.028327718 -0.284680873 -84.939056396 -0.027676458 0.999596894 0.006310998 -0.217861652 0.284744918 0.001831737 0.958601534 83.863746643
0.954701841 0.029679403 -0.296080261 -85.167114258 -0.026933271 0.999548018 0.013350272 -0.216927171 0.296342671 -0.004771119 0.955069721 84.605613708
0.950919211 0.030145464 -0.307967365 -85.406738281 -0.025702849 0.999498904 0.018472834 -0.220046043 0.308369935 -0.009650532 0.951217532 85.323623657
0.946844578 0.026663655 -0.320584178 -85.665328979 -0.022435980 0.999605834 0.016874691 -0.225424767 0.320907742 -0.008785090 0.947069705 86.035263062
0.942944050 0.025008881 -0.332010448 -85.921325684 -0.022006655 0.999675870 0.012799993 -0.231828451 0.332222968 -0.004763237 0.943188846 86.755294800
0.940019727 0.021414692 -0.340446979 -86.184448242 -0.020554515 0.999769926 0.006133436 -0.237413228 0.340500027 0.001232171 0.940243721 87.443344116
0.937321365 0.017312737 -0.348035783 -86.450439453 -0.018270934 0.999832928 0.000528970 -0.243303999 0.347986698 0.005863125 0.937481105 88.146957397
0.934725702 0.016888738 -0.354968488 -86.725868225 -0.018699331 0.999823749 -0.001670531 -0.248452380 0.354877740 0.008199164 0.934876859 88.845382690
0.931495547 0.022250904 -0.363071501 -87.010330200 -0.024374943 0.999702036 -0.001269387 -0.263093144 0.362935096 0.010032278 0.931760371 89.545669556
0.928345025 0.022294628 -0.371050507 -87.302932739 -0.023728836 0.999718189 0.000700163 -0.273417950 0.370961487 0.008154604 0.928612530 90.258399963
0.925369799 0.023063108 -0.378363252 -87.598983765 -0.021814795 0.999733210 0.007585837 -0.284536421 0.378437221 0.001234211 0.925626159 90.958229065
0.922553778 0.025522787 -0.385023355 -87.899734497 -0.021111961 0.999654174 0.015679656 -0.282714844 0.385290354 -0.006336729 0.922773778 91.669929504
0.919637263 0.035356533 -0.391174197 -88.211898804 -0.028918102 0.999332070 0.022339802 -0.288230658 0.391702771 -0.009232501 0.920045495 92.369682312
0.917151630 0.042815328 -0.396231890 -88.544372559 -0.038008735 0.999077678 0.019978335 -0.295329809 0.396721780 -0.003262886 0.917933106 93.048065186
0.914821327 0.036897190 -0.402169704 -88.850952148 -0.035008982 0.999314368 0.012046974 -0.287218690 0.402338505 0.003058720 0.915485799 93.743698120
0.912774324 0.028642347 -0.407458723 -89.159072876 -0.029349301 0.999558985 0.004516844 -0.285121381 0.407408386 0.007835771 0.913212419 94.444717407
0.911125541 0.029384445 -0.411080003 -89.485031128 -0.030501517 0.999527335 0.003843159 -0.286956996 0.410998642 0.009036964 0.911591172 95.143920898
0.908679008 0.035655614 -0.415970147 -89.819801331 -0.035068169 0.999343872 0.009054780 -0.292873502 0.416020066 0.006359423 0.909333169 95.856628418
0.906264544 0.038551714 -0.420949459 -90.155120850 -0.035957046 0.999253809 0.014102323 -0.309248447 0.421179056 0.002355662 0.906974375 96.548591614
0.904109359 0.035403319 -0.425831944 -90.501129150 -0.033355560 0.999368250 0.012267460 -0.317923307 0.425997227 0.003112738 0.904719055 97.254508972
0.901969910 0.033866584 -0.430468768 -90.841659546 -0.034968805 0.999374032 0.005353658 -0.312681019 0.430380613 0.010224137 0.902589619 97.947441101
0.899138927 0.030740455 -0.436582297 -91.144119263 -0.034497466 0.999404550 -0.000677681 -0.327165544 0.436301500 0.015670311 0.899664164 98.625610352
