1.000000000 0.000000000 0.000000000 0.000000000 0.000000000 1.000000000 0.000000000 0.000000000 0.000000000 0.000000000 1.000000000 0.000000000
0.999996185 0.002760761 -0.000147955 -0.004127380 -0.002760510 0.999994814 0.001667540 -0.016322818 0.000152557 -0.001667126 0.999998569 0.773035824
0.999985039 0.005458237 0.000417404 -0.012745837 -0.005458999 0.999983311 0.001850361 -0.029911116 -0.000407297 -0.001852612 0.999998212 1.546729684
0.999976993 0.006701669 0.001050402 -0.022597045 -0.006703387 0.999976158 0.001642309 -0.046409529 -0.001039371 -0.001649312 0.999998093 2.289946795
0.999960363 0.008857239 0.000922482 -0.030029774 -0.008858541 0.999959767 0.001418617 -0.061364032 -0.000909880 -0.001426732 0.999998510 3.016224384
0.999958396 0.009028605 0.001303777 -0.027259652 -0.009030021 0.999958634 0.001083782 -0.075036675 -0.001293938 -0.001095510 0.999998569 3.738262415
0.999957025 0.009150339 0.001442975 -0.029620232 -0.009153421 0.999955773 0.002143472 -0.091748200 -0.001423297 -0.002156588 0.999996722 4.437030315
0.999949396 0.009895210 0.001818517 -0.028697480 -0.009904420 0.999937832 0.005127294 -0.105584517 -0.001767668 -0.005145046 0.999985218 5.119480610
0.999942303 0.010085041 0.003702078 -0.031941697 -0.010117653 0.999909222 0.008898646 -0.109435081 -0.003611999 -0.008935588 0.999953568 5.757767677
0.999944210 0.009430001 0.004767907 -0.024184603 -0.009489406 0.999875605 0.012594030 -0.119230650 -0.004648553 -0.012638571 0.999909282 6.397259712
0.999951899 0.008208646 0.005367900 -0.013686944 -0.008285458 0.999861360 0.014447208 -0.123842426 -0.005248563 -0.014490990 0.999881268 7.009523869
0.999937296 0.009129962 0.006483584 -0.009212919 -0.009223504 0.999851704 0.014546920 -0.134838358 -0.006349809 -0.014605810 0.999873221 7.593616962
0.999922097 0.009580468 0.008004234 -0.012634180 -0.009674669 0.999883413 0.011814328 -0.141051084 -0.007890115 -0.011890846 0.999898136 8.131147385
0.999911904 0.009769195 0.008997208 -0.009394348 -0.009849767 0.999911368 0.008954987 -0.146395817 -0.008908927 -0.009042814 0.999919415 8.658082962
0.999913990 0.007723775 0.010607263 -0.004267000 -0.007804591 0.999940693 0.007598658 -0.155227035 -0.010547943 -0.007680788 0.999914885 9.144436836
0.999914050 0.004125912 0.012446523 0.002064385 -0.004189621 0.999978304 0.005096935 -0.158423752 -0.012425222 -0.005148643 0.999909580 9.616338730
0.999899566 0.002612837 0.013928695 0.023856588 -0.002666594 0.999989092 0.003842271 -0.162675932 -0.013918503 -0.003879027 0.999895632 10.046279907
0.999845505 0.006726662 0.016235970 0.022601619 -0.006754056 0.999975860 0.001632981 -0.169758379 -0.016224593 -0.001742387 0.999866903 10.446357727
0.999757171 0.011062281 0.019053077 0.026187986 -0.011086182 0.999937952 0.001149301 -0.183241203 -0.019039180 -0.001360249 0.999817848 10.834425926
0.999678135 0.011628106 0.022543844 0.034025446 -0.011681284 0.999929368 0.002228614 -0.191253275 -0.022516336 -0.002491238 0.999743342 11.187969208
0.999636292 0.007515976 0.025899990 0.039229393 -0.007589989 0.999967396 0.002760550 -0.196279123 -0.025878398 -0.002956126 0.999660850 11.491664886
0.999589205 0.002779479 0.028525922 0.056488842 -0.002852452 0.999992728 0.002517750 -0.198513940 -0.028518716 -0.002598085 0.999589920 11.774278641
0.999531746 -0.000747228 0.030591955 0.077360034 0.000633133 0.999992907 0.003739089 -0.201379135 -0.030594531 -0.003717970 0.999524951 12.043502808
0.999450505 -0.001009254 0.033130944 0.089040011 0.000850576 0.999988079 0.004803157 -0.208614722 -0.033135399 -0.004772338 0.999439538 12.272002220
0.999376237 -0.000301930 0.035317361 0.094518006 0.000168696 0.999992967 0.003775384 -0.213074163 -0.035318252 -0.003767071 0.999369025 12.472691536
0.999293387 0.000894301 0.037576713 0.096031666 -0.000980614 0.999997020 0.002278622 -0.218775183 -0.037574559 -0.002313860 0.999291182 12.660694122
0.999192476 0.002987300 0.040070131 0.103657663 -0.003057203 0.999993980 0.001683365 -0.224589229 -0.040064864 -0.001804508 0.999195457 12.835787773
0.999108553 0.005731738 0.041822232 0.102550030 -0.005784009 0.999982655 0.001128946 -0.230910629 -0.041815031 -0.001369840 0.999124408 12.986756325
0.999037266 0.006937329 0.043317351 0.103727609 -0.006933981 0.999975860 -0.000227594 -0.238642499 -0.043317888 -0.000072987 0.999061346 13.139506340
0.998950183 0.006072058 0.045402490 0.112469494 -0.005995157 0.999980390 -0.001829748 -0.243852958 -0.045412704 0.001555632 0.998967052 13.291490555
0.998897195 0.004849212 0.046699114 0.126217961 -0.004698235 0.999983370 -0.003342202 -0.245822549 -0.046714544 0.003119113 0.998903394 13.443142891
0.998844564 0.004210908 0.047873709 0.135856688 -0.004006520 0.999982476 -0.004364457 -0.249675423 -0.047891252 0.004167608 0.998843849 13.579744339
0.998764873 0.004456145 0.049484979 0.143028557 -0.004193786 0.999976575 -0.005404366 -0.257918894 -0.049507901 0.005190161 0.998760283 13.708071709
0.998683989 0.005501754 0.050989695 0.142254055 -0.005120521 0.999958038 -0.007604283 -0.259047389 -0.051029399 0.007333183 0.998670220 13.822144508
0.998658657 0.005990805 0.051428854 0.158536553 -0.005470035 0.999932349 -0.010260819 -0.258261979 -0.051486846 0.009965738 0.998623967 13.938501358
0.998626947 0.004912521 0.052154414 0.168085635 -0.004277636 0.999915481 -0.012277833 -0.265397906 -0.052210320 0.012037877 0.998563588 14.061499596
0.998641610 0.004107472 0.051944219 0.168105423 -0.003370218 0.999892414 -0.014272869 -0.266922235 -0.051997263 0.014078416 0.998548031 14.182497025
0.998753607 0.003476935 0.049791187 0.177650452 -0.002712430 0.999877453 -0.015413556 -0.270889610 -0.049838677 0.015259290 0.998640656 14.309707642
0.998901546 0.003627625 0.046717022 0.182238668 -0.002865838 0.999861956 -0.016363094 -0.272042632 -0.046769936 0.016211236 0.998774171 14.442407608
0.999093056 0.003851558 0.042407479 0.184266627 -0.003102566 0.999838233 -0.017713472 -0.275254697 -0.042468853 0.017565833 0.998943388 14.568510056
0.999313176 0.004244833 0.036811024 0.180132240 -0.003560288 0.999819994 -0.018641829 -0.278489202 -0.036883518 0.018497974 0.999148309 14.682483673
0.999535799 0.004312698 0.030157588 0.176383853 -0.003724474 0.999802291 -0.019534044 -0.278921664 -0.030235868 0.019412661 0.999354243 14.804047585
0.999723613 0.004676563 0.023038710 0.171041816 -0.004208743 0.999784887 -0.020312676 -0.281635910 -0.023128748 0.020210098 0.999528170 14.930486679
0.999882936 0.004016993 0.014770016 0.168943658 -0.003703228 0.999768138 -0.021209639 -0.285060555 -0.014851792 0.021152455 0.999665976 15.071990013
0.999984205 0.003057454 0.004720014 0.158365756 -0.002950536 0.999742627 -0.022495301 -0.287635863 -0.004787583 0.022481021 0.999735832 15.204324722
0.999962211 0.001541439 -0.008547295 0.152884230 -0.001745023 0.999713659 -0.023862451 -0.293555677 0.008508064 0.023876466 0.999678791 15.351785660
0.999690831 0.000758714 -0.024855085 0.128924310 -0.001404631 0.999661446 -0.025980193 -0.295388103 0.024826959 0.026007073 0.999353409 15.502690315
0.999027371 0.001273801 -0.044078019 0.107903063 -0.002470660 0.999629259 -0.027109385 -0.295481622 0.044027146 0.027191916 0.998660147 15.685479164
0.997831643 0.001622227 -0.065796867 0.084506631 -0.003384563 0.999638259 -0.026681876 -0.299946576 0.065729782 0.026846712 0.997476161 15.824004173
0.995950460 0.002097567 -0.089879557 0.045117497 -0.004397818 0.999667704 -0.025402198 -0.304035485 0.089796394 0.025694605 0.995628595 16.032278061
0.993141830 0.002846035 -0.116881438 -0.002760053 -0.005669317 0.999700010 -0.023829740 -0.310760677 0.116778553 0.024328945 0.992859960 16.255481720
0.989139736 0.004161576 -0.146918640 -0.065445662 -0.007404164 0.999740720 -0.021530669 -0.320168227 0.146790951 0.022384649 0.988914192 16.488073349
0.983686149 0.004310320 -0.179841504 -0.143183470 -0.007670246 0.999808669 -0.017991502 -0.330694944 0.179729566 0.019077418 0.983530998 16.726629257
0.976229548 0.005601639 -0.216666937 -0.227759838 -0.008845965 0.999862790 -0.014006848 -0.335989356 0.216558695 0.015590528 0.976145089 16.971565247
0.966542542 0.007105684 -0.256407917 -0.316837072 -0.009640458 0.999916315 -0.008630092 -0.335862041 0.256325126 0.010813239 0.966530144 17.193243027
0.954579353 0.010687488 -0.297765136 -0.424543381 -0.012337189 0.999917269 -0.003661349 -0.342918962 0.297701329 0.007168632 0.954632163 17.440586090
0.940411687 0.014834113 -0.339714408 -0.561342716 -0.015351764 0.999881446 0.001163855 -0.355910480 0.339691430 0.004120711 0.940527856 17.705888748
0.923599899 0.017095825 -0.382976532 -0.715270519 -0.015777018 0.999853909 0.006584414 -0.351464331 0.383033127 -0.000039139 0.923734665 17.989513397
0.904176474 0.020396896 -0.426671922 -0.846072197 -0.015840137 0.999773324 0.014226374 -0.358504534 0.426865339 -0.006104611 0.904294610 18.231182098
0.882421076 0.024771789 -0.469807893 -1.040223122 -0.017207125 0.999644041 0.020389276 -0.350501359 0.470145732 -0.009907884 0.882533193 18.508007050
0.857596278 0.029819608 -0.513458252 -1.250382900 -0.019674988 0.999489188 0.025184479 -0.351595968 0.513947010 -0.011495831 0.857744932 18.781795502
0.829601467 0.032590773 -0.557404041 -1.466832638 -0.020254532 0.999394596 0.028288016 -0.348462224 0.557988465 -0.012177823 0.829759419 19.046651840
0.798623562 0.036143754 -0.600744665 -1.726106644 -0.022739954 0.999294460 0.029892217 -0.341770560 0.601401150 -0.010211724 0.798882008 19.327430725
0.765203536 0.039505351 -0.642575264 -2.006816864 -0.023628384 0.999166369 0.033290893 -0.341378629 0.643354654 -0.010291293 0.765499115 19.589069366
0.728468359 0.042851243 -0.683737934 -2.337386131 -0.024708796 0.999035895 0.036286343 -0.315814555 0.684633613 -0.009539116 0.728824914 19.881523132
0.689402044 0.043655552 -0.723062277 -2.666981697 -0.021988001 0.998983443 0.039350141 -0.301975191 0.724045157 -0.011229378 0.689661086 20.150556564
0.648798585 0.043479327 -0.759717107 -3.028767586 -0.019506758 0.998988450 0.040514283 -0.287769020 0.760710120 -0.011465996 0.648990512 20.411155701
0.606536686 0.042357847 -0.793926299 -3.415370941 -0.014096502 0.998995781 0.042529453 -0.274722636 0.794930518 -0.014604096 0.606524706 20.663799286
0.562283635 0.042553578 -0.825848818 -3.840331078 -0.009517109 0.998941958 0.044992778 -0.259083629 0.826889694 -0.017439015 0.562093735 20.913658142
0.515305281 0.044266321 -0.855862677 -4.273685455 -0.007730196 0.998864532 0.047008298 -0.241931200 0.856971920 -0.017607639 0.515062392 21.137783051
0.466000974 0.043759115 -0.883701503 -4.737142563 -0.006535710 0.998919189 0.046018004 -0.217549562 0.884760022 -0.015668817 0.465783417 21.333240509
0.413827449 0.042711649 -0.909352839 -5.222890377 -0.000883359 0.998917043 0.046516422 -0.199555814 0.910354912 -0.018446490 0.413417101 21.519369125
0.359603345 0.041758098 -0.932170391 -5.724655628 0.004415518 0.998910725 0.046451218 -0.178001583 0.933094859 -0.020820025 0.359027267 21.686231613
0.306032002 0.041316967 -0.951124191 -6.271008492 0.006868981 0.998935878 0.045604069 -0.160557628 0.951996446 -0.020489559 0.305422634 21.827783585
0.251964033 0.046570994 -0.966615379 -6.879572392 0.008044367 0.998706222 0.050214007 -0.124558449 0.967703164 -0.020427933 0.251263380 21.971572876
0.200318605 0.051678192 -0.978366911 -7.470385075 0.010944520 0.998427570 0.054978676 -0.098196387 0.979669690 -0.021721009 0.199438035 22.064004898
0.151650384 0.053059988 -0.987008989 -8.074770927 0.016519712 0.998282552 0.056204230 -0.071183205 0.988296151 -0.024828497 0.150513381 22.138181686
0.107274979 0.054569006 -0.992730737 -8.690078735 0.019692793 0.998180091 0.056996569 -0.054861069 0.994034350 -0.025663946 0.106005117 22.180879593
0.067178369 0.052719466 -0.996347189 -9.317287445 0.019357828 0.998346210 0.054130435 -0.022646666 0.997553289 -0.022923512 0.066046730 22.193489075
0.032147247 0.048506945 -0.998305380 -9.985302925 0.016571065 0.998658478 0.049057711 0.008908451 0.999345779 -0.018120050 0.031300310 22.180864334
0.003654545 0.048364531 -0.998823047 -10.665397644 0.014116335 0.998727798 0.048411559 0.045908540 0.999893665 -0.014276643 0.002967171 22.158578873
-0.017452918 0.052540906 -0.998466253 -11.374828339 0.013235396 0.998543024 0.052313600 0.076279372 0.999760091 -0.012302074 -0.018122889 22.132724762
-0.030231308 0.058412254 -0.997834623 -12.109839439 0.014199091 0.998215258 0.058004349 0.115081072 0.999442101 -0.012414801 -0.031006757 22.102008820
-0.038476650 0.061047725 -0.997392952 -12.868906975 0.014304068 0.998063445 0.060536955 0.146194935 0.999157131 -0.011937517 -0.039275356 22.072097778
-0.042677991 0.057975419 -0.997405350 -13.681185722 0.014990207 0.998239696 0.057382502 0.197538853 0.998976409 -0.012502346 -0.043471929 22.042818069
-0.041252848 0.054582700 -0.997656703 -14.417181015 0.022968773 0.998294652 0.053667840 0.219186783 0.998884618 -0.020700997 -0.042436201 22.005428314
-0.037094347 0.052779552 -0.997916937 -15.238074303 0.035123702 0.998056114 0.051481299 0.264802396 0.998694360 -0.033140872 -0.038876057 21.995693207
-0.031607859 0.053020690 -0.998093009 -16.066972733 0.035118658 0.998034298 0.051905427 0.303119361 0.998883128 -0.033411067 -0.033407748 21.975982666
-0.026538998 0.051480465 -0.998321295 -16.903728485 0.032914896 0.998176575 0.050598003 0.336689770 0.999105752 -0.031516820 -0.028185081 21.944561005
-0.023712751 0.045337871 -0.998690188 -17.773769379 0.036628779 0.998339891 0.044452250 0.373749971 0.999047577 -0.035526719 -0.025334049 21.930898666
-0.021327708 0.034101784 -0.999190688 -18.656213760 0.034894239 0.998834670 0.033344805 0.407251954 0.999163389 -0.034154832 -0.022492807 21.904747009
-0.020233089 0.026334776 -0.999448359 -19.556041718 0.027205314 0.999297440 0.025780039 0.421318322 0.999425054 -0.026668696 -0.020935321 21.866365433
-0.022304388 0.023430383 -0.999476612 -20.473512650 0.021349614 0.999508440 0.022954693 0.450593144 0.999523222 -0.020826444 -0.022793651 21.841039658
-0.025737979 0.029708171 -0.999227166 -21.434974670 0.012154849 0.999493837 0.029403012 0.467784613 0.999594748 -0.011388681 -0.026086044 21.796043396
-0.030461023 0.037784636 -0.998821497 -22.415441513 0.007260469 0.999267220 0.037580077 0.495160788 0.999509573 -0.006107182 -0.030713037 21.751852036
-0.034913801 0.047206044 -0.998274803 -23.426559448 0.005622042 0.998877347 0.047037907 0.530855536 0.999374568 -0.003970071 -0.035139993 21.708562851
-0.036522262 0.057164371 -0.997696519 -24.442218781 0.004400650 0.998362184 0.057041414 0.572223127 0.999323130 -0.002307231 -0.036713999 21.661481857
-0.037653856 0.064747423 -0.997191012 -25.458501816 0.005861817 0.997895777 0.064571850 0.615566492 0.999273717 -0.003413971 -0.037954167 21.617607117
-0.038942128 0.065612532 -0.997084975 -26.484495163 0.006224701 0.997838438 0.065419011 0.666426301 0.999222100 -0.003658995 -0.039266370 21.568462372
-0.040828697 0.062646657 -0.997200310 -27.501840591 0.006002462 0.998029828 0.062453020 0.723972201 0.999148130 -0.003435781 -0.041124299 21.527353287
-0.043403957 0.057943854 -0.997375906 -28.539426804 0.005862189 0.998314142 0.057743266 0.771231532 0.999040365 -0.003340520 -0.043670464 21.475473404
-0.048373267 0.052723683 -0.997436941 -29.587345123 0.005964042 0.998603284 0.052496094 0.815071344 0.998811424 -0.003409348 -0.048620153 21.424661636
-0.053904094 0.048150063 -0.997384548 -30.635913849 0.005954635 0.998834431 0.047898229 0.855935514 0.998528361 -0.003357150 -0.054127980 21.360853195
-0.060853317 0.046488725 -0.997063637 -31.674869537 0.006010820 0.998913765 0.046208136 0.892323911 0.998128653 -0.003181251 -0.061066646 21.297084808
-0.067678757 0.048928350 -0.996506691 -32.754020691 0.005618832 0.998799562 0.048659317 0.934511662 0.997691393 -0.002306001 -0.067872427 21.225118637
-0.074153975 0.053871904 -0.995790660 -33.784843445 0.004129034 0.998547792 0.053713579 0.962615967 0.997238219 -0.000128578 -0.074268728 21.142450333
-0.080282614 0.056475557 -0.995170891 -34.857265472 0.002457774 0.998401761 0.056460638 1.014999628 0.996769130 0.002086903 -0.080293104 21.059886932
-0.085028656 0.058701042 -0.994647801 -35.932044983 -0.000944040 0.998257816 0.058994800 1.065173864 0.996378064 0.005955236 -0.084825106 20.957159042
-0.087536521 0.059976324 -0.994354188 -37.018405914 -0.005755120 0.998138785 0.060711242 1.114061117 0.996144712 0.011037078 -0.087028421 20.843954086
-0.089447826 0.061237145 -0.994107246 -38.096202850 -0.009405398 0.998011708 0.062323935 1.161497831 0.995947123 0.014924713 -0.088694014 20.743345261
-0.090267681 0.060913116 -0.994053006 -39.174488068 -0.010864875 0.998008192 0.062142096 1.212246418 0.995858312 0.016409686 -0.089426078 20.619403839
-0.091804266 0.059921123 -0.993972600 -40.257198334 -0.011572373 0.998056293 0.061236136 1.263079047 0.995709836 0.017124357 -0.090932377 20.520790100
-0.093009800 0.059439447 -0.993889451 -41.304542542 -0.012124029 0.998074830 0.060824346 1.301752210 0.995591402 0.017707204 -0.092110120 20.416463852
-0.094510913 0.058559958 -0.993799984 -42.480316162 -0.014753178 0.998076320 0.060214985 1.361014605 0.995414436 0.020352677 -0.093465179 20.324102402
-0.095443927 0.056048702 -0.993855655 -43.577934265 -0.019241840 0.998123109 0.058137242 1.410479426 0.995248795 0.024672458 -0.094186321 20.209365845
-0.095738001 0.051090468 -0.994094610 -44.677886963 -0.024666913 0.998253465 0.053679805 1.459229708 0.995100915 0.029660441 -0.094310552 20.091197968
-0.094657883 0.050122995 -0.994247258 -45.790081024 -0.026352523 0.998255491 0.052833978 1.509570241 0.995160937 0.031202076 -0.093171902 19.974128723
-0.093047366 0.054497216 -0.994169176 -46.904575348 -0.027046336 0.997994125 0.057238247 1.552591681 0.995294273 0.032214493 -0.091386780 19.862813950
-0.090682462 0.057835840 -0.994199097 -48.008018494 -0.027740497 0.997778177 0.060574304 1.599281311 0.995493412 0.033072595 -0.088876605 19.740207672
-0.089443572 0.057142902 -0.994351327 -49.146533966 -0.025723770 0.997887194 0.059660003 1.660917282 0.995659649 0.030914668 -0.087784685 19.652446747
-0.087492757 0.056680061 -0.994551301 -50.275764465 -0.024799503 0.997946620 0.059055220 1.706067085 0.995856404 0.029831279 -0.085907474 19.577381134
-0.082816474 0.056781612 -0.994945884 -51.430824280 -0.028581172 0.997829437 0.059325203 1.765285492 0.996154845 0.033349827 -0.081013858 19.430433273
-0.076943763 0.057990175 -0.995347559 -52.559410095 -0.033324122 0.997599721 0.060697459 1.813720107 0.996478438 0.037839375 -0.074826606 19.328287125
-0.071296729 0.057388484 -0.995802879 -53.688018799 -0.037486762 0.997484028 0.060169321 1.868947387 0.996750534 0.041619305 -0.068966046 19.238203049
-0.065566242 0.056754962 -0.996232927 -54.826431274 -0.038727481 0.997484267 0.059375070 1.917286634 0.997096479 0.042474601 -0.063203320 19.161285400
-0.059717424 0.055724014 -0.996658742 -55.939044952 -0.038487721 0.997569621 0.058081035 1.969938278 0.997473121 0.041827582 -0.057427607 19.090938568
-0.053775050 0.055740278 -0.996996164 -57.103073120 -0.036408909 0.997667372 0.057741605 2.019561768 0.997889102 0.039404608 -0.051620197 19.007247925
-0.047920361 0.056812566 -0.997234225 -58.252662659 -0.035324782 0.997660160 0.058534313 2.062117815 0.998226404 0.038032062 -0.045801353 18.940448761
-0.042656284 0.057534672 -0.997431815 -59.445415497 -0.034577336 0.997657418 0.059026416 2.136370420 0.998491287 0.037006374 -0.040566955 18.894842148
-0.037317354 0.058745518 -0.997575283 -60.600402832 -0.035286207 0.997570515 0.060065236 2.189100504 0.998680294 0.037442118 -0.035153788 18.850152969
-0.032025922 0.057775334 -0.997815728 -61.760318756 -0.034676626 0.997662604 0.058879446 2.242957592 0.998885214 0.036486555 -0.029947612 18.813823700
-0.027744696 0.053142097 -0.998201430 -62.905036926 -0.034857359 0.997927070 0.054096345 2.295938730 0.999007106 0.036295548 -0.025834788 18.786201477
-0.022856241 0.048326008 -0.998570025 -64.072395325 -0.034534354 0.998196781 0.049098395 2.328384638 0.999142170 0.035607178 -0.021146117 18.747684479
-0.018316902 0.047720857 -0.998692751 -65.219451904 -0.034793571 0.998224974 0.048336644 2.374407768 0.999226689 0.035633475 -0.016624009 18.702804565
-0.016601283 0.050412275 -0.998590529 -66.470481873 -0.034348257 0.998109818 0.050959047 2.411828995 0.999272048 0.035145834 -0.014838332 18.702013016
-0.013962890 0.049949475 -0.998654068 -67.643638611 -0.034708306 0.998125374 0.050408307 2.458103418 0.999300003 0.035365436 -0.012203052 18.672361374
-0.013184879 0.049596451 -0.998682320 -68.815223694 -0.036684584 0.998072743 0.050050497 2.505660295 0.999239922 0.037296146 -0.011340043 18.655439377
-0.012100499 0.050474431 -0.998652041 -69.996467590 -0.037583966 0.997996449 0.050896700 2.548845291 0.999220133 0.038149174 -0.010179225 18.628709793
-0.011363491 0.050204769 -0.998674273 -71.187110901 -0.037917633 0.997998893 0.050602257 2.589864016 0.999216199 0.038442388 -0.009437107 18.615230560
-0.010417774 0.049455386 -0.998721957 -72.393173218 -0.037076779 0.998070240 0.049809873 2.612476110 0.999258101 0.037548296 -0.008564023 18.601337433
-0.009331975 0.048262119 -0.998791039 -73.585289001 -0.035492808 0.998189330 0.048564654 2.655592680 0.999326348 0.035903104 -0.007602119 18.583580017
-0.009430217 0.047886267 -0.998808205 -74.765197754 -0.031972632 0.998327494 0.048165090 2.696141243 0.999444187 0.032388728 -0.007883394 18.573259354
-0.009439792 0.048602931 -0.998773575 -75.957878113 -0.029607425 0.998366654 0.048862960 2.737550735 0.999517083 0.030032370 -0.007985365 18.573785782
-0.008921899 0.051864669 -0.998614311 -77.132133484 -0.028958723 0.998221755 0.052103013 2.768328667 0.999540746 0.029383447 -0.007404100 18.555826187
-0.008907559 0.055356074 -0.998426914 -78.342971802 -0.031532351 0.997954488 0.055611212 2.819372892 0.999462962 0.031978119 -0.007143830 18.532970428
-0.008381354 0.055190720 -0.998440564 -79.529968262 -0.033507340 0.997899592 0.055442076 2.866259813 0.999403238 0.033919774 -0.006514455 18.518608093
-0.008150759 0.053182412 -0.998551488 -80.709457397 -0.034379184 0.997979522 0.053432565 2.911709785 0.999375582 0.034764897 -0.006305924 18.508634567
-0.008780672 0.050214641 -0.998699844 -81.923171997 -0.034491908 0.998128891 0.050489184 2.962579727 0.999366462 0.034890395 -0.007032245 18.505561829
-0.007829357 0.050166700 -0.998710096 -83.121749878 -0.032623671 0.998196244 0.050396644 2.998199940 0.999437034 0.032976165 -0.006178613 18.472255707
-0.007436820 0.052015048 -0.998618662 -84.301979065 -0.030981913 0.998154759 0.052221622 3.036347151 0.999492288 0.031327475 -0.005811573 18.460403442
-0.006959499 0.054732751 -0.998476684 -85.476760864 -0.030142082 0.998035729 0.054918669 3.077525854 0.999521375 0.030478368 -0.005296071 18.450555801
-0.006851565 0.056981519 -0.998351753 -86.680732727 -0.030646387 0.997894228 0.057165727 3.120628357 0.999506772 0.030987542 -0.005090861 18.444358826
-0.007183895 0.056918543 -0.998352885 -87.854286194 -0.031500880 0.997870326 0.057117708 3.169200182 0.999477863 0.031859320 -0.005375612 18.438709259
-0.006310547 0.054939266 -0.998469770 -89.047966003 -0.031842843 0.997972190 0.055113140 3.208829641 0.999472976 0.032141898 -0.004548328 18.406379700
-0.006367821 0.053430669 -0.998551309 -90.225143433 -0.029768407 0.998118877 0.053597365 3.258456707 0.999536574 0.030066581 -0.004765297 18.404108047
-0.006481431 0.054412358 -0.998497546 -91.402107239 -0.027836565 0.998121738 0.054572571 3.300620079 0.999591470 0.028148450 -0.004954604 18.400100708
-0.005967491 0.056611188 -0.998378515 -92.573608398 -0.025837665 0.998054206 0.056747239 3.356143475 0.999648333 0.026134407 -0.004493179 18.382991791
-0.005475543 0.059263404 -0.998227358 -93.726188660 -0.024497526 0.997934818 0.059380405 3.402710915 0.999684870 0.024779245 -0.004012429 18.369802475
-0.005118571 0.061173908 -0.998113990 -94.904052734 -0.025355445 0.997798264 0.061284579 3.445137501 0.999665380 0.025621317 -0.003556209 18.362176895
-0.004611008 0.063341781 -0.997981250 -96.069404602 -0.027103184 0.997617304 0.063443907 3.496170044 0.999621987 0.027341010 -0.002883258 18.344373703
-0.004514581 0.062634081 -0.998026371 -97.246147156 -0.029015817 0.997608006 0.062739089 3.547739506 0.999568760 0.029241787 -0.002686403 18.337057114
-0.004127775 0.058288854 -0.998291194 -98.398353577 -0.031481758 0.997797310 0.058390193 3.603747368 0.999495804 0.031668980 -0.002283647 18.319000244
-0.003890194 0.056824572 -0.998376608 -99.553756714 -0.032786515 0.997840106 0.056921795 3.646426916 0.999454737 0.032954726 -0.002018712 18.307844162
-0.003759633 0.054809723 -0.998489678 -100.704635620 -0.033114310 0.997942448 0.054904357 3.698972702 0.999444485 0.033270724 -0.001936911 18.298732758
-0.003109460 0.055557348 -0.998450696 -101.840126038 -0.031142794 0.997965813 0.055627353 3.736324549 0.999510050 0.031267513 -0.001372923 18.289552689
-0.003273224 0.057867404 -0.998318911 -103.067260742 -0.031315740 0.997828662 0.057941657 3.786392212 0.999504209 0.031452749 -0.001453956 18.272148132
-0.003168463 0.059921481 -0.998198032 -104.232543945 -0.029907601 0.997750819 0.059989572 3.836122036 0.999547660 0.030043783 -0.001369228 18.268766403
-0.003684913 0.058846347 -0.998260319 -105.398231506 -0.033947080 0.997684181 0.058937714 3.888853312 0.999416888 0.034105197 -0.001678717 18.253593445
-0.003944908 0.059990533 -0.998191178 -106.569900513 -0.037445057 0.997489989 0.060096387 3.942886353 0.999290943 0.037614394 -0.001688657 18.237024307
-0.004160197 0.059600998 -0.998213708 -107.738227844 -0.040751442 0.997382939 0.059721231 3.988713741 0.999160647 0.040927093 -0.001720484 18.222850800
-0.005327674 0.054780275 -0.998484254 -108.907585144 -0.041108195 0.997642279 0.054953430 4.049969673 0.999140501 0.041338656 -0.003063195 18.214965820
-0.005626453 0.051310737 -0.998666883 -110.090972900 -0.041750144 0.997799993 0.051501397 4.096919060 0.999112248 0.041984260 -0.003471843 18.207542419
-0.006506886 0.050281964 -0.998713851 -111.292610168 -0.037971906 0.998002350 0.050493523 4.146285534 0.999257565 0.038251631 -0.004584584 18.199563980
-0.006766072 0.049601167 -0.998746157 -112.499557495 -0.033549994 0.998195469 0.049801107 4.190096855 0.999414146 0.033844896 -0.005089743 18.188907623
-0.006967070 0.051050577 -0.998671770 -113.709991455 -0.032842126 0.998145521 0.051252797 4.243610382 0.999436319 0.033155583 -0.005277539 18.177633286
-0.007680459 0.054753128 -0.998470247 -114.946899414 -0.030979455 0.998007536 0.054966036 4.291486740 0.999490499 0.031354241 -0.005968934 18.161123276
-0.008270863 0.055851553 -0.998404801 -116.174049377 -0.030808067 0.997950733 0.056081366 4.318981171 0.999491096 0.031222761 -0.006533235 18.143518448
-0.009158017 0.051710095 -0.998620152 -117.409606934 -0.030915886 0.998169899 0.051970307 4.367505074 0.999480128 0.031349164 -0.007542593 18.128217697
-0.009985823 0.047742218 -0.998809695 -118.640441895 -0.031131471 0.998360515 0.048031986 4.417451859 0.999465346 0.031574059 -0.008483167 18.111021042
-0.011114197 0.046431176 -0.998859644 -119.884536743 -0.029917883 0.998458803 0.046745431 4.457423210 0.999490499 0.030403303 -0.009707945 18.100013733
-0.011150781 0.047137681 -0.998826146 -121.137275696 -0.032047879 0.998358250 0.047473378 4.509683609 0.999424160 0.032539625 -0.009621812 18.073858261
-0.011114062 0.052463502 -0.998560965 -122.390129089 -0.036633193 0.997930944 0.052838136 4.546809196 0.999266982 0.037167717 -0.009169159 18.032657623
-0.011312513 0.055822145 -0.998376608 -123.690307617 -0.042638879 0.997505426 0.056256577 4.596982956 0.999026477 0.043206066 -0.008904099 17.999145508
-0.012155669 0.055397939 -0.998390436 -124.974678040 -0.050014194 0.997180641 0.055939756 4.654716492 0.998674452 0.050613679 -0.009350716 17.985837936
-0.011031252 0.053752519 -0.998493373 -126.223922729 -0.053027224 0.997117639 0.054264300 4.700276852 0.998532116 0.053545937 -0.008149110 17.945510864
-0.011755234 0.052523077 -0.998550534 -127.482307434 -0.055564925 0.997042179 0.053097878 4.747005463 0.998385847 0.056108564 -0.008802022 17.928831100
-0.012085505 0.051889785 -0.998579681 -128.751724243 -0.055029068 0.997104704 0.052479144 4.793062210 0.998411536 0.055585150 -0.009195065 17.904380798
-0.012072618 0.051161412 -0.998617411 -129.999023438 -0.052817278 0.997263312 0.051730573 4.830686569 0.998531222 0.053368781 -0.009337371 17.875806808
-0.012615145 0.051957697 -0.998569608 -131.255950928 -0.052830074 0.997219563 0.052554872 4.874347210 0.998523831 0.053417500 -0.009835141 17.859073639
-0.013139878 0.056987934 -0.998288393 -132.539993286 -0.052705795 0.996947169 0.057605106 4.926033020 0.998523593 0.053372510 -0.010096173 17.834787369
-0.013713678 0.061194483 -0.998031616 -133.804275513 -0.051688734 0.996747553 0.061826002 4.974012375 0.998569071 0.052434854 -0.010506012 17.807489395
-0.013684539 0.060190633 -0.998093069 -135.075454712 -0.052607711 0.996760666 0.060831569 5.025163651 0.998521507 0.053339846 -0.010473720 17.788890839
-0.013140644 0.058370791 -0.998208463 -136.282165527 -0.051819466 0.996913373 0.058977231 5.081502914 0.998570025 0.052501623 -0.010075343 17.768733978
-0.011826890 0.057769153 -0.998259902 -137.546554565 -0.050908785 0.997000158 0.058299404 5.135008335 0.998633325 0.051509693 -0.008850455 17.747905731
-0.011159204 0.057229470 -0.998298645 -138.794357300 -0.051002957 0.997028708 0.057726786 5.182327271 0.998636186 0.051560368 -0.008207175 17.732288361
-0.010127742 0.059126027 -0.998199105 -140.045272827 -0.051022496 0.996919394 0.059567902 5.236352921 0.998646200 0.051533896 -0.007079787 17.711433411
-0.009214214 0.062757328 -0.997986376 -141.350738525 -0.051886518 0.996654212 0.063152611 5.300935745 0.998610437 0.052363940 -0.005927127 17.696559906
-0.008124189 0.063767530 -0.997931719 -142.626342773 -0.053400282 0.996512890 0.064111613 5.357160091 0.998540103 0.053810682 -0.004690656 17.695596695
-0.007303752 0.060775820 -0.998124719 -143.879425049 -0.055726852 0.996575356 0.061089259 5.420558929 0.998419285 0.056068521 -0.003891896 17.676504135
-0.007500175 0.058153879 -0.998279452 -145.128280640 -0.054102331 0.996821761 0.058475439 5.466210365 0.998507261 0.054447826 -0.004330077 17.668104172
-0.007180591 0.056464728 -0.998378754 -146.385223389 -0.051241677 0.997072160 0.056759357 5.520133495 0.998660445 0.051566169 -0.004266220 17.657651901
-0.008248485 0.055293050 -0.998436034 -147.656295776 -0.049481548 0.997224391 0.055634722 5.586354256 0.998740971 0.049863074 -0.005489606 17.678918839
-0.008273919 0.056502212 -0.998368144 -148.836898804 -0.047675796 0.997244716 0.056833740 5.618499756 0.998828530 0.048068240 -0.005557335 17.651668549
-0.006937144 0.054658979 -0.998480976 -150.109725952 -0.046043791 0.997428477 0.054921262 5.671757221 0.998915255 0.046354856 -0.004402600 17.605310440
-0.006809168 0.054733630 -0.998477757 -151.358917236 -0.045036383 0.997470915 0.054985568 5.724094868 0.998962104 0.045342229 -0.004326942 17.596847534
-0.007092062 0.057627037 -0.998313010 -152.591720581 -0.042898208 0.997401476 0.057879180 5.766087532 0.999054193 0.043236319 -0.004601538 17.579582214
-0.007287880 0.058583550 -0.998255908 -153.830520630 -0.040710673 0.997437418 0.058832727 5.825243473 0.999144375 0.041068435 -0.004884229 17.568630219
-0.006634634 0.057268657 -0.998336792 -155.060424805 -0.038398996 0.997607708 0.057482030 5.871717930 0.999240458 0.038716502 -0.004419704 17.541576385
-0.007293549 0.057099827 -0.998341858 -156.324218750 -0.039656188 0.997566521 0.057345193 5.933510780 0.999186754 0.040008686 -0.005011440 17.530572891
-0.007557547 0.061929632 -0.998051822 -157.561187744 -0.039916191 0.997266173 0.062183138 5.996756554 0.999174595 0.040308382 -0.005064892 17.535768509
-0.007518906 0.068622656 -0.997614384 -158.809738159 -0.044533160 0.996629715 0.068890572 6.054602623 0.998979747 0.044944901 -0.004437582 17.520442963
-0.005968044 0.068350799 -0.997643530 -160.040359497 -0.049904328 0.996397793 0.068563990 6.122156620 0.998736203 0.050195929 -0.002535545 17.494512558
-0.004234701 0.064889722 -0.997883379 -161.288391113 -0.053441886 0.996451676 0.065023407 6.179724216 0.998562038 0.053604130 -0.000751847 17.475172043
-0.002513560 0.059782352 -0.998208284 -162.517639160 -0.055158392 0.996683419 0.059829935 6.225087643 0.998474479 0.055209953 0.000792276 17.461889267
-0.001573827 0.058354333 -0.998294652 -163.745162964 -0.057679657 0.996628642 0.058347885 6.279913425 0.998333931 0.057673134 0.001797337 17.446277618
-0.001093322 0.055098031 -0.998480380 -164.954147339 -0.051835600 0.997135639 0.055080578 6.317674637 0.998654962 0.051817060 0.001765849 17.468215942
-0.000816459 0.050419927 -0.998727739 -166.182052612 -0.048399780 0.997555673 0.050400320 6.371362686 0.998827636 0.048379347 0.001625850 17.466474533
-0.001033647 0.047692217 -0.998861670 -167.400909424 -0.042664088 0.997950494 0.047692873 6.403226852 0.999088883 0.042664822 0.001003217 17.463380814
-0.001942869 0.049716756 -0.998761475 -168.635620117 -0.039505653 0.997979820 0.049754698 6.460619926 0.999217391 0.039553393 0.000025149 17.463626862
-0.001844089 0.056429863 -0.998404920 -169.870925903 -0.040358573 0.997588933 0.056458291 6.501153946 0.999183536 0.040398307 0.000437786 17.463846207
0.000700891 0.059595693 -0.998222351 -171.056716919 -0.041624993 0.997359097 0.059514929 6.539011955 0.999133050 0.041509282 0.003179711 17.441556931
0.002614076 0.056268666 -0.998412251 -172.286300659 -0.042605523 0.997515202 0.056106567 6.591286659 0.999088585 0.042391211 0.005004937 17.438796997
0.003676926 0.056340247 -0.998404860 -173.501663208 -0.044919234 0.997413099 0.056118850 6.644680977 0.998983800 0.044641238 0.006198175 17.425617218
0.004269467 0.057326678 -0.998346269 -174.729263306 -0.042410597 0.997467518 0.057094835 6.689896584 0.999091029 0.042096701 0.006689912 17.434020996
0.004917785 0.055570282 -0.998442709 -175.951919556 -0.042304136 0.997572362 0.055313475 6.734095573 0.999092579 0.041966233 0.007256699 17.436544418
0.006695963 0.054047603 -0.998515904 -177.139434814 -0.043289684 0.997617841 0.053708695 6.778441429 0.999040127 0.042865809 0.009019717 17.434213638
0.008397656 0.055914473 -0.998400211 -178.298187256 -0.044499785 0.997467220 0.055487927 6.819976807 0.998974144 0.043962628 0.010864569 17.437213898
0.009578515 0.057967931 -0.998272479 -179.431121826 -0.044227175 0.997365892 0.057490915 6.853684425 0.998975575 0.043600105 0.012117041 17.447021484
0.010035519 0.059338987 -0.998187423 -180.523574829 -0.045406498 0.997235119 0.058825865 6.891395569 0.998918176 0.044733860 0.012702148 17.450748444
0.010414980 0.060499921 -0.998113811 -181.616455078 -0.046418201 0.997121215 0.059955388 6.930551052 0.998867810 0.045706227 0.013193296 17.447252274
0.010019879 0.061554767 -0.998053372 -182.634475708 -0.045352157 0.997104347 0.061040927 6.961451054 0.998920798 0.044652257 0.012782509 17.459966660
0.010804350 0.061167248 -0.998069048 -183.648040771 -0.045576137 0.997120082 0.060615722 6.984989643 0.998902321 0.044833232 0.013561003 17.455389023
0.012356209 0.061701193 -0.998018146 -184.628952026 -0.046353761 0.997056603 0.061067853 7.009105682 0.998848677 0.045507334 0.015179926 17.452737808
0.013803309 0.062135387 -0.997972250 -185.599807739 -0.047700167 0.996971965 0.061413348 7.048683167 0.998766303 0.046755739 0.016725380 17.468408585
0.013366546 0.060613919 -0.998071730 -186.545440674 -0.046099093 0.997136831 0.059939772 7.082964420 0.998847425 0.045209013 0.016122522 17.475772858
0.009978598 0.057425577 -0.998299897 -187.484832764 -0.043496653 0.997429609 0.056940742 7.116299152 0.999003708 0.042854525 0.012450770 17.486881256
0.004788437 0.053599920 -0.998551011 -188.410446167 -0.044364363 0.997590661 0.053335637 7.151617050 0.999003887 0.044044685 0.007154829 17.485332489
0.000396219 0.050744843 -0.998711586 -189.352752686 -0.045005787 0.997700572 0.050675619 7.184661865 0.998986602 0.044927720 0.002679121 17.480348587
-0.004312926 0.049817815 -0.998749018 -190.294464111 -0.047313124 0.997629642 0.049966302 7.224771500 0.998870730 0.047469445 -0.001945665 17.487012863
-0.006128740 0.050130468 -0.998723865 -191.216873169 -0.050253753 0.997465193 0.050375670 7.266957283 0.998717666 0.050498355 -0.003593962 17.450286865
-0.007951744 0.051786344 -0.998626530 -192.151535034 -0.049005378 0.997437954 0.052114926 7.302118778 0.998766840 0.049352478 -0.005393562 17.440616608
-0.009416651 0.053730682 -0.998511016 -193.077972412 -0.045953155 0.997477114 0.054108419 7.325924873 0.998899162 0.046394255 -0.006923801 17.428119659
-0.011044924 0.053842336 -0.998488367 -193.994155884 -0.044340942 0.997540712 0.054281712 7.358613968 0.998955429 0.044873454 -0.008630341 17.418870926
-0.011682153 0.052943889 -0.998529136 -194.912673950 -0.045287538 0.997544587 0.053421520 7.390948296 0.998905778 0.045845006 -0.009255771 17.395992279
-0.011793379 0.051544063 -0.998601079 -195.815979004 -0.047039736 0.997536302 0.052044638 7.430812836 0.998823345 0.047587711 -0.009339705 17.363796234
-0.011368274 0.051216960 -0.998622775 -196.739288330 -0.050241448 0.997396708 0.051726032 7.454414368 0.998672366 0.050760295 -0.008765466 17.340820312
-0.010848485 0.049996994 -0.998690426 -197.649398804 -0.052822504 0.997325957 0.050502487 7.477653980 0.998544991 0.053301204 -0.008178512 17.335880280
-0.010523417 0.048109699 -0.998786628 -198.546600342 -0.052291077 0.997448683 0.048596211 7.487522125 0.998576462 0.052739032 -0.007980862 17.326917648
-0.010186130 0.045770373 -0.998899996 -199.472854614 -0.051978860 0.997577071 0.046239797 7.516287327 0.998596191 0.052392695 -0.007782358 17.315233231
-0.009392041 0.045505799 -0.998919964 -200.406478882 -0.051950675 0.997592628 0.045933791 7.546750069 0.998605549 0.052325968 -0.007005375 17.301692963
-0.008950769 0.047776885 -0.998818040 -201.333068848 -0.049650092 0.997604728 0.048163790 7.582963943 0.998726666 0.050022505 -0.006557202 17.285810471
-0.008434667 0.049166981 -0.998754978 -202.281600952 -0.048977666 0.997571349 0.049522340 7.613827229 0.998764277 0.049334388 -0.006006100 17.273330688
-0.007533269 0.046022952 -0.998911977 -203.219741821 -0.043593571 0.997975528 0.046308562 7.635976791 0.999020994 0.043894999 -0.005511714 17.268997192
-0.007914838 0.041558757 -0.999104857 -204.177215576 -0.041883029 0.998245478 0.041854806 7.685612679 0.999091148 0.042176798 -0.006160347 17.282600403
-0.007173336 0.042100508 -0.999087632 -205.141159058 -0.046206523 0.998032153 0.042387787 7.719235897 0.998906076 0.046468429 -0.005213902 17.266786575
-0.005848937 0.046270236 -0.998911858 -206.123184204 -0.047756143 0.997776270 0.046497267 7.746212959 0.998841882 0.047976136 -0.003626244 17.255752563
-0.004079918 0.045239616 -0.998967767 -207.090057373 -0.045583572 0.997929335 0.045378752 7.782241821 0.998952150 0.045721665 -0.002009286 17.251846313
-0.001879095 0.046481766 -0.998917341 -208.089675903 -0.044055410 0.997945428 0.046519414 7.822624207 0.999027312 0.044095125 0.000172539 17.251565933
0.000461477 0.051890079 -0.998652637 -209.087280273 -0.045012854 0.997641623 0.051816754 7.853789330 0.998986244 0.044928294 0.002796108 17.228551865
0.001507263 0.055327434 -0.998467147 -210.049499512 -0.042423774 0.997572899 0.055213843 7.898185253 0.999098718 0.042275526 0.003850803 17.226932526
0.002961935 0.055778198 -0.998438835 -211.065765381 -0.041997213 0.997569263 0.055605039 7.944446087 0.999113381 0.041766960 0.005297265 17.225477219
0.004674606 0.056496393 -0.998391867 -212.084625244 -0.045310952 0.997389317 0.056227516 7.987509727 0.998961985 0.044975240 0.007222309 17.230083466
0.008329091 0.058331907 -0.998262584 -213.108734131 -0.048375368 0.997151792 0.057863384 8.033726692 0.998794615 0.047809362 0.011127194 17.217702866
0.012780080 0.058283880 -0.998218238 -214.133117676 -0.049451742 0.997115076 0.057586346 8.079141617 0.998694837 0.048627675 0.015625449 17.210954666
0.014318287 0.056855537 -0.998279691 -215.198074341 -0.051923361 0.997077346 0.056042317 8.105942726 0.998548448 0.051031601 0.017228568 17.251325607
