1.000000000 0.000000000 0.000000000 0.000000000 0.000000000 1.000000000 0.000000000 0.000000000 0.000000000 0.000000000 1.000000000 0.000000000
0.999928296 -0.002570738 0.011695222 0.011057927 0.002556707 0.999996006 0.001214469 -0.006633363 -0.011698297 -0.001184481 0.999930859 0.301890433
0.999824882 -0.004754805 0.018098174 0.024501260 0.004738417 0.999988317 0.000948240 -0.006038453 -0.018102471 -0.000862318 0.999835789 0.594136536
0.999777019 -0.007647172 0.019682834 0.041269194 0.007660458 0.999970496 -0.000599720 -0.005560897 -0.019677667 0.000750365 0.999806106 0.896401107
0.999804854 -0.009141320 0.017511599 0.046171784 0.009177623 0.999955893 -0.001993852 -0.009065699 -0.017492600 0.002154178 0.999844670 1.208034039
0.999870181 -0.011585406 0.011199639 0.044527479 0.011621634 0.999927402 -0.003174846 -0.015883308 -0.011162046 0.003304592 0.999932230 1.517963052
0.999911368 -0.013251764 -0.001297761 0.043350987 0.013245045 0.999899507 -0.005057070 -0.019052591 0.001364646 0.005039433 0.999986351 1.842068076
0.999757230 -0.012543625 -0.018117674 0.026574742 0.012449320 0.999908388 -0.005308548 -0.023153309 0.018182604 0.005081706 0.999821782 2.178527117
0.999278426 -0.008274881 -0.037069615 -0.009081110 0.008079963 0.999952734 -0.005404908 -0.028117400 0.037112601 0.005101487 0.999298036 2.517684460
0.998327196 -0.004709500 -0.057625659 -0.038329452 0.004335080 0.999968708 -0.006620758 -0.033832997 0.057655036 0.006359871 0.998316348 2.875073195
0.997008920 -0.004507241 -0.077154718 -0.088149339 0.003999033 0.999969244 -0.006740121 -0.041542679 0.077182718 0.006411416 0.996996462 3.230297804
0.995205939 -0.005858531 -0.097625412 -0.144233301 0.005237095 0.999964356 -0.006620546 -0.041114364 0.097660720 0.006077534 0.995201170 3.604755402
0.993014157 -0.007388626 -0.117763042 -0.195004702 0.006797059 0.999962151 -0.005424198 -0.049601614 0.117798664 0.004585863 0.993026853 3.986996889
0.990788221 -0.006203932 -0.135277972 -0.270002037 0.005610892 0.999972939 -0.004764686 -0.055018023 0.135303855 0.003961766 0.990796268 4.382022858
0.988553107 -0.004978598 -0.150790691 -0.344797462 0.004385619 0.999981284 -0.004264763 -0.061630122 0.150809079 0.003554634 0.988556564 4.791803360
0.986346722 -0.004401746 -0.164623260 -0.421128541 0.003754720 0.999983966 -0.004241318 -0.069171265 0.164639294 0.003565295 0.986347377 5.200012207
0.984291494 -0.005818010 -0.176455900 -0.511678815 0.004954564 0.999973476 -0.005333471 -0.074551702 0.176482275 0.004375427 0.984294116 5.636717796
0.982478857 -0.009730047 -0.186120316 -0.601441145 0.008548264 0.999937892 -0.007151039 -0.085824028 0.186178342 0.005434738 0.982500911 6.079432487
0.980910957 -0.008453067 -0.194273695 -0.691681623 0.006807867 0.999935091 -0.009134576 -0.091569044 0.194338292 0.007637617 0.980904758 6.540667534
0.979411483 -0.008339595 -0.201701880 -0.797584593 0.006288332 0.999921799 -0.010808413 -0.097124293 0.201776251 0.009317514 0.979387283 7.017261028
0.977524459 -0.009312568 -0.210616365 -0.896198094 0.006493004 0.999879837 -0.014074782 -0.103336357 0.210722163 0.012390911 0.977467418 7.506405354
0.975845993 -0.013376488 -0.218049437 -1.010111094 0.010347354 0.999833524 -0.015027966 -0.119187698 0.218214169 0.012408747 0.975822031 8.005195618
0.974084496 -0.019518983 -0.225340620 -1.127058983 0.016149919 0.999728739 -0.016784804 -0.126956657 0.225607097 0.012710585 0.974135458 8.525123596
0.971981108 -0.019787718 -0.234224617 -1.258391619 0.015696449 0.999690175 -0.019318789 -0.140583143 0.234534293 0.015101004 0.971990585 9.045269012
0.969875872 -0.016683100 -0.243027762 -1.405522585 0.011306658 0.999660015 -0.023500884 -0.149656609 0.243337184 0.020045115 0.969734550 9.581030846
0.967580736 -0.013795179 -0.252185047 -1.557501435 0.007323254 0.999619722 -0.026584042 -0.166652203 0.252455920 0.023875389 0.967313766 10.128978729
0.965296507 -0.016774859 -0.260617584 -1.710247517 0.009712630 0.999550581 -0.028362447 -0.185846999 0.260976255 0.024846885 0.965025365 10.689978600
0.963146389 -0.018718250 -0.268325388 -1.878159881 0.010964300 0.999478817 -0.030367089 -0.214575768 0.268753946 0.026305957 0.962849557 11.248285294
0.960850537 -0.018613508 -0.276441216 -2.054698944 0.010009960 0.999421656 -0.032501187 -0.238706499 0.276886255 0.028461620 0.960481048 11.841474533
0.958706737 -0.017436951 -0.283861309 -2.246182680 0.007465151 0.999317706 -0.036173165 -0.261500955 0.284298360 0.032560389 0.958182752 12.420964241
0.956266940 -0.018494811 -0.291910052 -2.429255486 0.006679842 0.999119520 -0.041419651 -0.292157412 0.292419046 0.037658326 0.955548644 13.010041237
0.954406679 -0.020228064 -0.297822922 -2.626543760 0.005975755 0.998796165 -0.048688013 -0.327824265 0.298449278 0.044688456 0.953378677 13.626705170
0.953141093 -0.021078866 -0.301790565 -2.834584475 0.004185813 0.998393059 -0.056513757 -0.367157340 0.302496910 0.052602351 0.951697767 14.237696648
0.951857984 -0.020943083 -0.305823147 -3.037242413 0.000917149 0.997853518 -0.065479457 -0.405702591 0.306538045 0.062046655 0.949833989 14.870738029
0.950562716 -0.020264983 -0.309870571 -3.258694410 -0.002948244 0.997234523 -0.074261442 -0.454166949 0.310518473 0.071503729 0.947874188 15.512952805
0.949252963 -0.019761875 -0.313891768 -3.488338947 -0.006125377 0.996673107 -0.081272155 -0.507110834 0.314453542 0.079070553 0.945973933 16.165874481
0.947698057 -0.017401785 -0.318693638 -3.727412224 -0.011329181 0.996049345 -0.088077314 -0.567396641 0.318967193 0.087081239 0.943756700 16.823965073
0.946060956 -0.016400376 -0.323573351 -3.970011711 -0.014756400 0.995500326 -0.093601778 -0.636813045 0.323652416 0.093327761 0.941561997 17.509067535
0.944675207 -0.013895390 -0.327712834 -4.232012272 -0.019651100 0.994910061 -0.098832160 -0.708817601 0.327418119 0.099804208 0.939593792 18.175531387
0.942841589 -0.011694000 -0.333036005 -4.489853859 -0.023640241 0.994519055 -0.101847582 -0.784088731 0.332401633 0.103899188 0.937397540 18.895927429
0.941404998 -0.010098431 -0.337127000 -4.747383118 -0.026477745 0.994253933 -0.103719637 -0.857769251 0.336237282 0.106568530 0.935728371 19.522327423
0.938752711 -0.011359447 -0.344404221 -5.006651878 -0.025605796 0.994393945 -0.102592491 -0.936104417 0.343638897 0.105127707 0.933199048 20.270015717
0.936538160 -0.010996918 -0.350393116 -5.285659790 -0.026026584 0.994568408 -0.100778446 -1.021518111 0.349598229 0.103502408 0.931164980 20.974708557
0.933879852 -0.011362817 -0.357406139 -5.579500198 -0.025783176 0.994753897 -0.098995477 -1.103523016 0.356656015 0.101664945 0.928687632 21.722204208
0.930725753 -0.010438392 -0.365568846 -5.870437145 -0.026654214 0.994998217 -0.096271724 -1.184376955 0.364745259 0.099346533 0.925792158 22.439292908
0.927505195 -0.007613101 -0.373732686 -6.178133011 -0.028206453 0.995516896 -0.090280019 -1.269496441 0.372744590 0.094276845 0.923132360 23.198024750
0.924038053 -0.004172171 -0.382277817 -6.502090454 -0.030659508 0.995910883 -0.084979169 -1.349466324 0.381069213 0.090244435 0.920131624 23.946550369
0.920417070 -0.000499838 -0.390937507 -6.840330601 -0.034005649 0.996106386 -0.081335932 -1.423379183 0.389456034 0.088157058 0.916816413 24.710674286
0.916604161 0.000457544 -0.399795771 -7.189022064 -0.035204645 0.996207058 -0.079572909 -1.498122215 0.398243010 0.087011516 0.913143694 25.485239029
0.912266970 -0.000997664 -0.409594893 -7.517028809 -0.034228347 0.996313572 -0.078661554 -1.566235304 0.408163488 0.085780114 0.908869803 26.233015060
0.908527255 -0.000978426 -0.417824537 -7.888466835 -0.034575801 0.996391416 -0.077515706 -1.634147167 0.416392565 0.084871754 0.905214787 27.006498337
0.904616892 -0.000172499 -0.426225752 -8.272441864 -0.035687979 0.996457756 -0.076147042 -1.697911024 0.424728990 0.084095053 0.901406288 27.796644211
0.900805354 -0.000424979 -0.434222996 -8.656765938 -0.034954179 0.996683240 -0.073488683 -1.775675297 0.432814062 0.081376918 0.897802770 28.578651428
0.896777272 -0.000998409 -0.442481071 -9.021688461 -0.032865901 0.997084856 -0.068859182 -1.855232954 0.441259921 0.076293901 0.894130290 29.329141617
0.893197238 0.001560884 -0.449662328 -9.441890717 -0.033723250 0.997410297 -0.063524693 -1.917208910 0.448398709 0.071904153 0.890936852 30.133277893
0.889189839 0.001090703 -0.457537115 -9.858852386 -0.031651761 0.997748077 -0.059134394 -1.983468890 0.456442237 0.067063555 0.887222111 30.950368881
0.885512590 0.000003416 -0.464615375 -10.297634125 -0.030123672 0.997896314 -0.057405502 -2.043679953 0.463637799 0.064829201 0.883649886 31.769536972
0.882069170 0.000222283 -0.471119970 -10.736156464 -0.030409297 0.997941434 -0.056463894 -2.101879358 0.470137566 0.064131491 0.880260050 32.591575623
0.879087210 0.001511119 -0.476658583 -11.203359604 -0.031205883 0.998032033 -0.054388076 -2.158528566 0.475638390 0.062686414 0.877404451 33.430793762
0.876296461 0.000016706 -0.481772184 -11.679726601 -0.029024661 0.998185456 -0.052758414 -2.216305971 0.480896980 0.060215294 0.874706924 34.278251648
0.873642266 -0.001309881 -0.486567050 -12.174715042 -0.027987432 0.998205423 -0.052939352 -2.272892475 0.485763103 0.059867814 0.872037888 35.152282715
0.871379733 -0.002438836 -0.490603149 -12.651732445 -0.027316485 0.998195291 -0.053480022 -2.330246449 0.489848167 0.060002960 0.869740427 36.004951477
0.869858503 -0.001168665 -0.493299752 -13.134010315 -0.029201571 0.998121679 -0.053857125 -2.393866062 0.492436111 0.061253212 0.868190467 36.843666077
0.869403303 -0.000991483 -0.494102001 -13.642888069 -0.028911818 0.998182476 -0.052875124 -2.452987671 0.493256450 0.060255196 0.867794454 37.722427368
0.869484007 -0.000790526 -0.493960351 -14.154955864 -0.028142987 0.998295069 -0.051135797 -2.510724783 0.493158638 0.058363274 0.867979348 38.592376709
0.869085968 -0.002185591 -0.494656175 -14.678850174 -0.026210787 0.998381972 -0.050462283 -2.580049992 0.493966132 0.056821395 0.867622375 39.502334595
0.868506610 -0.002364336 -0.495671988 -15.211716652 -0.026918309 0.998287976 -0.051927526 -2.626718044 0.494946152 0.058442045 0.866955996 40.409843445
0.867801428 -0.004544863 -0.496890426 -15.755722046 -0.024729725 0.998323977 -0.052320868 -2.688709259 0.496295452 0.057692088 0.866234601 41.328449249
0.865975738 -0.005540005 -0.500055313 -16.286331177 -0.022602180 0.998483121 -0.050203547 -2.750822544 0.499574929 0.054777391 0.864537120 42.248958588
0.863899231 -0.004670052 -0.503643215 -16.827857971 -0.021693535 0.998684108 -0.046471242 -2.811680794 0.503197491 0.051072270 0.862660944 43.168159485
0.860664129 -0.006409479 -0.509132802 -17.345094681 -0.017392373 0.998967171 -0.041976970 -2.878605843 0.508875966 0.044983096 0.859663844 44.075881958
0.856598556 -0.006804330 -0.515938520 -17.901527405 -0.016386464 0.999049902 -0.040381726 -2.931084871 0.515723109 0.043045338 0.855673194 44.996471405
0.851480484 -0.009715729 -0.524296224 -18.462844849 -0.014931389 0.998973727 -0.042761214 -2.988021612 0.524173558 0.044238817 0.850461602 45.897090912
0.845345140 -0.013276681 -0.534055471 -19.020969391 -0.013225157 0.998864651 -0.045765717 -3.050890446 0.534056723 0.045750793 0.844209850 46.771038055
0.839078963 -0.013514005 -0.543841660 -19.624801636 -0.013166599 0.998894095 -0.045136068 -3.108761787 0.543850243 0.045033276 0.837972999 47.716045380
0.833339691 -0.010123172 -0.552668452 -20.233556747 -0.014334066 0.999100387 -0.039913993 -3.164545059 0.552575290 0.041183896 0.832444727 48.611885071
0.828259230 -0.004953926 -0.560323238 -20.851106644 -0.017994318 0.999210119 -0.035433061 -3.221841335 0.560056150 0.039430395 0.827515721 49.500312805
0.824366868 -0.004927224 -0.566034257 -21.464225769 -0.019522807 0.999119699 -0.037129983 -3.271732569 0.565718949 0.041659303 0.823545039 50.372257233
0.820924103 -0.007512705 -0.570987880 -22.080457687 -0.019350599 0.998973191 -0.040964715 -3.333023071 0.570709348 0.044677895 0.819935799 51.246906281
0.818371058 -0.009274771 -0.574615240 -22.714473724 -0.022461008 0.998589575 -0.048107196 -3.387845039 0.574250996 0.052275982 0.817008615 52.106384277
0.814528167 -0.011326382 -0.580013335 -23.331485748 -0.021675557 0.998517096 -0.049938384 -3.446734428 0.579718888 0.053248346 0.813074768 52.994915009
0.811614275 -0.009129229 -0.584122300 -23.980968475 -0.021784106 0.998709500 -0.045876916 -3.508231878 0.583787441 0.049958941 0.810368001 53.872135162
0.808219194 -0.006988948 -0.588840306 -24.575601578 -0.021050712 0.998947620 -0.040749896 -3.557762623 0.588505387 0.045330353 0.807221532 54.679039001
0.805255353 -0.005192917 -0.592905343 -25.225097656 -0.021425959 0.999053717 -0.037849840 -3.612435341 0.592540920 0.043182347 0.804382205 55.544071198
0.802220821 -0.004956977 -0.597006798 -25.896362305 -0.022638310 0.998993874 -0.038714662 -3.661297798 0.596597970 0.044572935 0.801301539 56.432373047
0.798894405 -0.005790366 -0.601443470 -26.545410156 -0.023215652 0.998911738 -0.040454213 -3.715237856 0.601023018 0.046281543 0.797890663 57.260314941
0.794624865 -0.008833250 -0.607036471 -27.191005707 -0.021566488 0.998852313 -0.042765766 -3.775623798 0.606717587 0.047074389 0.793522418 58.115306854
0.790538669 -0.009934030 -0.612331629 -27.868820190 -0.020919513 0.998846769 -0.043212302 -3.832139969 0.612054765 0.046970673 0.789419234 58.970638275
0.786012530 -0.009790120 -0.618133008 -28.555730820 -0.020759756 0.998892784 -0.042218588 -3.889753103 0.617861927 0.046016637 0.784938991 59.832557678
0.781023920 -0.009995873 -0.624421120 -29.232757568 -0.020175092 0.998946130 -0.041226298 -3.951899052 0.624175251 0.044796474 0.779999137 60.675022125
0.775470197 -0.012052433 -0.631269038 -29.935562134 -0.019088393 0.998913348 -0.042520396 -4.007221699 0.631095409 0.045023214 0.774397433 61.534969330
0.770435452 -0.013616967 -0.637372553 -30.652950287 -0.018408762 0.998879790 -0.043592207 -4.062279701 0.637252152 0.045318224 0.769321740 62.378982544
0.764388680 -0.014802036 -0.644585788 -31.348667145 -0.017937196 0.998861253 -0.044208497 -4.124382019 0.644506216 0.045354534 0.763252735 63.214977264
0.758764327 -0.016383776 -0.651159167 -32.088790894 -0.016884962 0.998852968 -0.044807311 -4.196786404 0.651146412 0.044992987 0.757617295 64.064048767
0.752823770 -0.018231617 -0.657969654 -32.825733185 -0.016036611 0.998811603 -0.046024445 -4.254343033 0.658026814 0.045199897 0.751636624 64.895339966
0.746522188 -0.019223701 -0.665082693 -33.577632904 -0.015244685 0.998825967 -0.045981683 -4.319767952 0.665185869 0.044465329 0.745352685 65.734008789
0.740526438 -0.018959284 -0.671759784 -34.330772400 -0.014711320 0.998905063 -0.044409689 -4.377418518 0.671866238 0.042769026 0.739436686 66.558753967
0.734346032 -0.019579167 -0.678492904 -35.105529785 -0.014067702 0.998930216 -0.044051725 -4.433522701 0.678629518 0.041894048 0.733285069 67.382812500
0.727998137 -0.021241318 -0.685250103 -35.874710083 -0.012877005 0.998920023 -0.044644736 -4.500436783 0.685458302 0.041325253 0.726938248 68.187736511
0.720900655 -0.023231290 -0.692648947 -36.666580200 -0.012087319 0.998864472 -0.046082038 -4.570331573 0.692932963 0.041592833 0.719801307 69.026527405
0.714806736 -0.022279533 -0.698967159 -37.471008301 -0.013762738 0.998850703 -0.045912921 -4.631901741 0.699186623 0.042438567 0.713678420 69.838699341
0.709307015 -0.021820575 -0.704561830 -38.284828186 -0.013628206 0.998909414 -0.044656638 -4.698724747 0.704767883 0.041277181 0.708236098 70.649604797
0.704293966 -0.020977747 -0.709598422 -39.089515686 -0.015601622 0.998864472 -0.045014273 -4.758928299 0.709736943 0.042774163 0.703166962 71.435783386
0.699362874 -0.023034574 -0.714395523 -39.949844360 -0.013782208 0.998860121 -0.045698892 -4.829131126 0.714633942 0.041806053 0.698248267 72.266937256
0.694333613 -0.024965769 -0.719220161 -40.790733337 -0.014487321 0.998710692 -0.048653550 -4.891265392 0.719507456 0.044201374 0.693076670 73.059913635
0.689166188 -0.027191015 -0.724092901 -41.630462646 -0.014134237 0.998601079 -0.050951760 -4.958154202 0.724465430 0.045348737 0.687817752 73.855415344
0.684733450 -0.027243761 -0.728284121 -42.494422913 -0.015561740 0.998526573 -0.051984195 -5.022900581 0.728627443 0.046928689 0.683300614 74.638427734
0.679171026 -0.027237138 -0.733474433 -43.352386475 -0.014125958 0.998641074 -0.050164077 -5.101974964 0.733843982 0.044431023 0.677863419 75.451499939
0.674470484 -0.027173968 -0.737801433 -44.234622955 -0.013564043 0.998697698 -0.049182761 -5.171259880 0.738177240 0.043179896 0.673223555 76.236404419
0.668839514 -0.028340487 -0.742866337 -45.096099854 -0.013147454 0.998665810 -0.049936585 -5.241012573 0.743290603 0.043166362 0.667574584 77.019409180
0.664307058 -0.029620817 -0.746872544 -46.008911133 -0.011975776 0.998664379 -0.050258696 -5.307767391 0.747363865 0.042331588 0.663065076 77.811775208
0.659858704 -0.030144615 -0.750784695 -46.871444702 -0.010928111 0.998704374 -0.049703412 -5.379431725 0.751310110 0.041001897 0.658674359 78.577575684
0.655791581 -0.031025421 -0.754304171 -47.777595520 -0.009720129 0.998725414 -0.049529418 -5.447894573 0.754879415 0.039812919 0.654654145 79.359298706
0.651877999 -0.033757392 -0.757572055 -48.679637909 -0.006981935 0.998699129 -0.050509844 -5.525202751 0.758291602 0.038215574 0.650794446 80.127624512
0.647354424 -0.038606241 -0.761210740 -49.595684052 -0.003974422 0.998531818 -0.054022390 -5.593989372 0.762178719 0.037997007 0.646250606 80.912628174
0.642437220 -0.042373851 -0.765165925 -50.530220032 -0.000520220 0.998445749 -0.055729356 -5.663088322 0.766338110 0.036200669 0.641416788 81.697654724
0.635877728 -0.046261452 -0.770402074 -51.433933258 0.004488358 0.998406708 -0.056248158 -5.736003876 0.771776736 0.032309111 0.635072231 82.458335876
0.627495885 -0.050121214 -0.777004957 -52.376716614 0.009516251 0.998345077 -0.056713734 -5.814315796 0.778561652 0.028193461 0.626934350 83.225616455
0.618383050 -0.051146608 -0.784210742 -53.336406708 0.012224633 0.998385191 -0.055475537 -5.891467094 0.785781741 0.024718439 0.618009686 83.980216980
0.609311879 -0.049505576 -0.791383803 -54.314079285 0.012217446 0.998516798 -0.053056326 -5.970365047 0.792836547 0.022659156 0.609012961 84.737533569
0.599970579 -0.049164582 -0.798509955 -55.309844971 0.011234730 0.998529255 -0.053038489 -6.047769070 0.799943209 0.022850489 0.599640489 85.489593506
0.590747237 -0.050712142 -0.805261433 -56.309917450 0.011376020 0.998447120 -0.054532655 -6.134649277 0.806776404 0.023054337 0.590406775 86.197799683
0.580625236 -0.052090634 -0.812502921 -57.298179626 0.011228533 0.998368561 -0.055982668 -6.222665787 0.814093471 0.023381732 0.580262959 86.914558411
0.571425796 -0.054622326 -0.818833888 -58.291267395 0.012648537 0.998250127 -0.057763901 -6.295471191 0.820556283 0.022650728 0.571116745 87.563552856
0.561331809 -0.055027470 -0.825759470 -59.327156067 0.015182471 0.998303771 -0.056204900 -6.380027771 0.827451646 0.019012526 0.561215043 88.260803223
0.550995469 -0.055577099 -0.832655549 -60.382667542 0.016460609 0.998309433 -0.055741448 -6.456056118 0.834345877 0.017007271 0.550978839 88.961448669
0.540775597 -0.055911086 -0.839306653 -61.417438507 0.016769212 0.998306811 -0.055698384 -6.546084881 0.840999722 0.016045822 0.540797532 89.629699707
0.530358791 -0.057119321 -0.845846772 -62.512744904 0.016482430 0.998233795 -0.057075143 -6.625767708 0.847613037 0.016328700 0.530363560 90.312820435
0.520292163 -0.057279997 -0.852065206 -63.550643921 0.015014776 0.998207390 -0.057935990 -6.714224339 0.853856385 0.017350070 0.520219386 90.937194824
0.511394918 -0.057007365 -0.857452810 -64.589523315 0.012887305 0.998193681 -0.058678314 -6.820217133 0.859249115 0.018957544 0.511205852 91.522094727
0.501241326 -0.057763193 -0.863377392 -65.674522400 0.012305983 0.998144388 -0.059635263 -6.887807369 0.865220070 0.019266946 0.501022041 92.172729492
0.492705673 -0.055660620 -0.868414044 -66.788085938 0.011505160 0.998281717 -0.057456836 -6.975195885 0.870119929 0.018318070 0.492499530 92.794181824
0.484509915 -0.054321583 -0.873097539 -67.909194946 0.012371831 0.998395860 -0.055251755 -7.059334755 0.874698341 0.015968200 0.484404713 93.416130066
0.476414591 -0.054779071 -0.877512574 -69.027938843 0.013049649 0.998387754 -0.055239908 -7.146288872 0.879123926 0.014865866 0.476361424 94.030838013
0.468531907 -0.058318548 -0.881519616 -70.166488647 0.015502082 0.998207867 -0.057798851 -7.230839729 0.883310616 0.013415217 0.468596309 94.643035889
0.461719632 -0.061669987 -0.884879529 -71.297668457 0.018121092 0.998027861 -0.060100272 -7.321259499 0.886840880 0.011714491 0.461926550 95.225173950
0.455872387 -0.064302206 -0.887719333 -72.313446045 0.018813586 0.997860134 -0.062618911 -7.405356884 0.889846265 0.011845044 0.456106633 95.743576050
0.450186849 -0.067870073 -0.890351355 -73.458595276 0.020841056 0.997634232 -0.065510258 -7.501000404 0.892691135 0.010935993 0.450536281 96.328819275
0.445160419 -0.068689093 -0.892812550 -74.603187561 0.024076946 0.997611225 -0.064746983 -7.604509830 0.895127118 0.007326594 0.445750833 96.906906128
0.441224098 -0.066064991 -0.894961953 -75.745361328 0.024877226 0.997803688 -0.061391961 -7.696055412 0.897052109 0.004823446 0.441898525 97.466110229
0.436503202 -0.064607441 -0.897380054 -76.885009766 0.028485302 0.997910738 -0.057989415 -7.785958290 0.899251699 -0.000249580 0.437431544 98.045562744
0.434136182 -0.063781805 -0.898586452 -77.960655212 0.029790193 0.997961283 -0.056442838 -7.886670113 0.900354564 -0.002265185 0.435151160 98.535095215
0.431160390 -0.063949652 -0.900006115 -79.103591919 0.031472761 0.997944117 -0.055831138 -7.971340179 0.901726186 -0.004253504 0.432286590 99.086486816
0.429202437 -0.063321881 -0.900985897 -80.243453979 0.032495145 0.997976184 -0.054658726 -8.051917076 0.902623594 -0.005818011 0.430391401 99.619003296
0.426901817 -0.061910760 -0.902176142 -81.376953125 0.034049235 0.998046696 -0.052377958 -8.146012306 0.903656781 -0.008358168 0.428175926 100.150039673
0.424157858 -0.062681481 -0.903416276 -82.452125549 0.036857314 0.997969985 -0.051937193 -8.227918625 0.904837847 -0.011267936 0.425607085 100.668304443
0.421690732 -0.062977582 -0.904549956 -83.581466675 0.039175630 0.997918963 -0.051214986 -8.309430122 0.905893207 -0.013839437 0.423280299 101.197982788
0.419362277 -0.062400118 -0.905671895 -84.699401855 0.042108748 0.997898161 -0.049256399 -8.385605812 0.906841934 -0.017480440 0.421108365 101.716873169
0.417195290 -0.062354282 -0.906675160 -85.811309814 0.045427460 0.997827232 -0.047720138 -8.462995529 0.907680869 -0.021279342 0.419121385 102.233810425
0.414783984 -0.063648097 -0.907691121 -86.893867493 0.048107523 0.997689366 -0.047975335 -8.543430328 0.908647299 -0.023767367 0.416887522 102.748214722
0.413777649 -0.064841963 -0.908065796 -87.982841492 0.049283605 0.997592986 -0.048777789 -8.618919373 0.909043014 -0.024569599 0.415977299 103.239791870
0.412906229 -0.066091731 -0.908372343 -89.054809570 0.049416460 0.997520149 -0.050115421 -8.697824478 0.909431934 -0.024195574 0.415148258 103.731216431
0.413652360 -0.066485740 -0.908004045 -90.099380493 0.048238605 0.997529626 -0.051065285 -8.782597542 0.909156084 -0.022677574 0.415837705 104.196426392
0.415393740 -0.066447482 -0.907211542 -91.145011902 0.046726998 0.997570455 -0.051670358 -8.861184120 0.908440828 -0.020927725 0.417489439 104.684997559
0.421041101 -0.065713972 -0.904657960 -92.200698853 0.042846419 0.997699678 -0.052531131 -8.946525574 0.906028986 -0.016643589 0.422888249 105.143127441
0.424752772 -0.067780271 -0.902768433 -93.199890137 0.044159569 0.997557521 -0.054119989 -9.018987656 0.904231668 -0.016878244 0.426708490 105.642227173
0.430566341 -0.068066470 -0.899988651 -94.226257324 0.043614522 0.997556448 -0.054579798 -9.092895508 0.901504576 -0.015752351 0.432482898 106.131927490
0.437299669 -0.066805027 -0.896831155 -95.238830566 0.042893030 0.997651577 -0.053400274 -9.173174858 0.898292422 -0.015115888 0.439138085 106.625518799
0.446081668 -0.065104678 -0.892621040 -96.250724792 0.041507397 0.997782469 -0.052031722 -9.255331039 0.894029319 -0.013839978 0.447794795 107.112289429
0.454881132 -0.064067058 -0.888244629 -97.214523315 0.040257942 0.997868657 -0.051357400 -9.337308884 0.889641821 -0.012397389 0.456490785 107.596206665
0.464258015 -0.063469939 -0.883422971 -98.229049683 0.039983321 0.997914076 -0.050683502 -9.415416718 0.884797096 -0.011791962 0.465827316 108.122428894
0.473410845 -0.063442647 -0.878554046 -99.130676270 0.038489424 0.997940123 -0.051323708 -9.497175217 0.880000412 -0.009517837 0.474877536 108.630691528
0.483882010 -0.064651065 -0.872741878 -100.095954895 0.036416505 0.997891128 -0.053731166 -9.568645477 0.874375284 -0.005782664 0.485215962 109.156097412
0.495298386 -0.065733716 -0.866232395 -101.052177429 0.035580084 0.997831464 -0.055375919 -9.647373199 0.867993951 -0.003393019 0.496563077 109.701950073
0.507349551 -0.064081907 -0.859354258 -101.996261597 0.032851849 0.997944593 -0.055021323 -9.715332985 0.861113906 -0.000316332 0.508411884 110.256774902
0.520543635 -0.061422776 -0.851622820 -102.902099609 0.031899508 0.998111844 -0.052490041 -9.800032616 0.853238940 0.000157008 0.521520138 110.795318604
0.532010615 -0.060111336 -0.844601274 -103.824554443 0.032705579 0.998191357 -0.050441440 -9.868812561 0.846105814 -0.000787796 0.533014357 111.391876221
0.545518756 -0.059926480 -0.835953534 -104.838104248 0.031687252 0.998202085 -0.050879322 -9.909407616 0.837499380 0.001266554 0.546436846 111.986846924
0.557396948 -0.060687486 -0.828025162 -105.738166809 0.032014560 0.998154223 -0.051605500 -9.979692459 0.829628706 0.002255891 0.558310986 112.581855774
0.568153203 -0.061768636 -0.820601344 -106.612335205 0.032028314 0.998083234 -0.052952934 -10.047948837 0.822299302 0.003802901 0.569042444 113.190307617
0.578872323 -0.063318826 -0.812956154 -107.483215332 0.034080382 0.997988045 -0.053463224 -10.122019768 0.814705729 0.003242523 0.579865575 113.808486938
0.590544522 -0.063176319 -0.804528356 -108.339675903 0.034542669 0.997996151 -0.053013347 -10.197151184 0.806265414 0.003516184 0.591543436 114.419883728
0.600627899 -0.061572485 -0.797154248 -109.150680542 0.034797210 0.998098612 -0.050875012 -10.259451866 0.798771083 0.002818212 0.601628482 115.041381836
0.610420346 -0.058773600 -0.789894044 -109.966331482 0.035080370 0.998270750 -0.047168590 -10.326829910 0.791300416 0.001082890 0.611426711 115.675994873
0.620858908 -0.056709357 -0.781868398 -110.771675110 0.033224713 0.998387277 -0.046030819 -10.395176888 0.783217907 0.002601292 0.621741891 116.288269043
0.631054461 -0.056947734 -0.773645461 -111.570938110 0.032278188 0.998365641 -0.047160324 -10.457901955 0.775066614 0.004788863 0.631861389 116.928604126
0.640841603 -0.055155788 -0.765689194 -112.361679077 0.028807154 0.998440921 -0.047811791 -10.523248672 0.767132461 0.008582461 0.641431332 117.578628540
0.650367379 -0.056037262 -0.757550180 -113.161750793 0.030453501 0.998396993 -0.047708359 -10.596713066 0.759009123 0.007957910 0.651031435 118.265716553
0.659433842 -0.054071173 -0.749815464 -113.910575867 0.030246623 0.998510718 -0.045404494 -10.657672882 0.751153827 0.007261874 0.660087168 118.926933289
0.668319643 -0.052486517 -0.742020249 -114.642677307 0.030416869 0.998601615 -0.043239966 -10.716729164 0.743252099 0.006328188 0.668981552 119.577095032
0.676305830 -0.051353298 -0.734828770 -115.357986450 0.030371580 0.998662651 -0.041838519 -10.778249741 0.735994637 0.005977727 0.676961005 120.236518860
0.684302568 -0.051146720 -0.727402210 -116.076683044 0.029579036 0.998663008 -0.042393778 -10.833927155 0.728597939 0.007494316 0.684900582 120.892852783
0.691992283 -0.049966305 -0.720173717 -116.700302124 0.029144721 0.998722136 -0.041288018 -10.892933846 0.721316338 0.007581723 0.692564130 121.481506348
0.699223697 -0.047290161 -0.713337064 -117.390251160 0.028293345 0.998858571 -0.038485039 -10.944236755 0.714342833 0.006726961 0.699763477 122.150070190
0.706839681 -0.044742655 -0.705957413 -118.056434631 0.027373629 0.998980224 -0.035906225 -10.994375229 0.706844032 0.006055323 0.707343578 122.813484192
0.713937759 -0.043114092 -0.698880494 -118.699943542 0.026388930 0.999050260 -0.034674153 -11.046109200 0.699711800 0.006312474 0.714397371 123.476249695
0.721754074 -0.041817591 -0.690885127 -119.351165771 0.025021048 0.999097168 -0.034333918 -11.096265793 0.691697121 0.007493980 0.722148776 124.133796692
0.729058027 -0.039612420 -0.683304667 -119.914428711 0.023497431 0.999183893 -0.032853723 -11.141590118 0.684048414 0.007896367 0.729393840 124.765991211
0.738032877 -0.036662839 -0.673767984 -120.524223328 0.022663821 0.999306202 -0.029551366 -11.184293747 0.674383938 0.006539726 0.738351762 125.428283691
0.747630775 -0.032811023 -0.663303733 -121.105987549 0.020418001 0.999442220 -0.026424699 -11.220966339 0.663800716 0.006212587 0.747883677 126.078536987
0.757642686 -0.030531012 -0.651955009 -121.687164307 0.018573299 0.999509335 -0.025222760 -11.261229515 0.652405202 0.007000886 0.757838011 126.740974426
0.767819166 -0.029863575 -0.639970124 -122.196762085 0.017150147 0.999513149 -0.026064998 -11.288671494 0.640437007 0.009037626 0.767957628 127.333534241
0.777752161 -0.030818198 -0.627815127 -122.739067078 0.017214803 0.999467134 -0.027735744 -11.326492310 0.628335238 0.010763824 0.777868152 128.000900269
0.787823141 -0.029874874 -0.615176737 -123.281311035 0.016680252 0.999491513 -0.027176898 -11.353892326 0.615675747 0.011149286 0.787920773 128.679718018
0.798166811 -0.028067717 -0.601782382 -123.791343689 0.016061004 0.999550402 -0.025317689 -11.395332336 0.602222323 0.010542515 0.798258781 129.354614258
0.807827413 -0.026291735 -0.588832319 -124.233596802 0.016358957 0.999619901 -0.022190569 -11.426966667 0.589191973 0.008293469 0.807950437 129.983001709
0.817452252 -0.024882862 -0.575458586 -124.728378296 0.016552379 0.999668658 -0.019712692 -11.457862854 0.575758338 0.006588976 0.817593336 130.687423706
0.826517165 -0.024158105 -0.562392831 -125.221832275 0.017562937 0.999698997 -0.017131731 -11.473330498 0.562637448 0.004282396 0.826692581 131.409881592
0.834808052 -0.022426702 -0.550084054 -125.658958435 0.017532386 0.999746144 -0.014152077 -11.519848824 0.550261736 0.002169983 0.834989369 132.051315308
0.842106581 -0.022808719 -0.538828611 -126.117416382 0.019116696 0.999739826 -0.012442718 -11.547561646 0.538972259 0.000177472 0.842323422 132.761627197
0.848713279 -0.022584742 -0.528370857 -126.552490234 0.019060401 0.999744833 -0.012116807 -11.566775322 0.528509796 0.000212732 0.848927140 133.467926025
0.855244577 -0.021667520 -0.517771304 -126.978126526 0.018052308 0.999764800 -0.012019372 -11.588750839 0.517909944 0.000932536 0.855434537 134.186233521
0.862091959 -0.019555181 -0.506374359 -127.410049438 0.016176883 0.999807835 -0.011069800 -11.609951019 0.506493509 0.001351626 0.862242699 134.906387329
0.868333519 -0.018411033 -0.495639026 -127.843879700 0.015287966 0.999829590 -0.010356005 -11.634373665 0.495745152 0.001415153 0.868466854 135.647659302
0.874095738 -0.019086091 -0.485378534 -128.237106323 0.016128719 0.999817193 -0.010269420 -11.652088165 0.485485792 0.001147924 0.874243796 136.382827759
0.878919363 -0.020313289 -0.476537764 -128.644973755 0.016956812 0.999791920 -0.011343047 -11.668393135 0.476668984 0.001889060 0.879080951 137.154876709
0.883566678 -0.020524513 -0.467855453 -129.055664062 0.017145285 0.999787092 -0.011480344 -11.691490173 0.467991471 0.002122133 0.883730412 137.915115356
0.887141049 -0.019624863 -0.461080909 -129.473480225 0.016570814 0.999805748 -0.010671458 -11.706920624 0.461200684 0.001826605 0.887293994 138.696655273
0.890374780 -0.018040057 -0.454870671 -129.838302612 0.016534083 0.999836683 -0.007289068 -11.725100517 0.454927921 -0.001030867 0.890527666 139.417739868
0.893616915 -0.013982032 -0.448612630 -130.250183105 0.014112517 0.999895751 -0.003052502 -11.735415459 0.448608637 -0.003603287 0.893721044 140.229934692
0.897022724 -0.010923319 -0.441849351 -130.663375854 0.012164945 0.999926031 -0.000023263 -11.753182411 0.441816986 -0.005354207 0.897089303 141.039291382
0.900072336 -0.008371281 -0.435660064 -131.067245483 0.010450267 0.999942482 0.002376157 -11.766007423 0.435615182 -0.006691477 0.900108099 141.883682251
0.903493464 -0.007053082 -0.428543806 -131.478317261 0.009915769 0.999940932 0.004448013 -11.767922401 0.428487122 -0.008268093 0.903510034 142.717102051
0.906855226 -0.005638298 -0.421404481 -131.886230469 0.009657303 0.999925971 0.007403563 -11.771741867 0.421331525 -0.010783589 0.906842530 143.577758789
0.910304189 -0.005730707 -0.413900435 -132.291137695 0.010452428 0.999903560 0.009144071 -11.768445015 0.413808107 -0.012650149 0.910276234 144.463684082
0.913794041 -0.005992966 -0.406133622 -132.678863525 0.011170172 0.999883711 0.010378274 -11.773779869 0.406024247 -0.014020186 0.913754761 145.348693848
0.917618930 -0.006437198 -0.397409111 -133.099975586 0.011506289 0.999880016 0.010372091 -11.767898560 0.397294641 -0.014090333 0.917582929 146.283050537
0.921225607 -0.008818734 -0.388928592 -133.427108765 0.013920670 0.999849975 0.010301808 -11.782550812 0.388779372 -0.014904438 0.921210289 147.112655640
0.925409555 -0.010586753 -0.378820479 -133.829315186 0.015127064 0.999844968 0.009011178 -11.778442383 0.378666252 -0.014069472 0.925426304 148.066513062
0.929969907 -0.011742277 -0.367448002 -134.211349487 0.015296962 0.999860108 0.006763080 -11.771264076 0.367317200 -0.011910296 0.930019498 149.006134033
0.935144246 -0.009617912 -0.354136676 -134.581649780 0.012656815 0.999900281 0.006265922 -11.775053024 0.354041070 -0.010341782 0.935172617 149.984283447
0.941023767 -0.006109776 -0.338285267 -134.907913208 0.009233157 0.999928296 0.007624579 -11.782947540 0.338214487 -0.010298351 0.941012681 150.893173218
0.947491467 -0.002465742 -0.319771111 -135.261718750 0.006260643 0.999921679 0.010840124 -11.785744667 0.319719285 -0.012272900 0.947432756 151.912948608
0.953994215 0.001071816 -0.299822986 -135.565689087 0.002849917 0.999916017 0.012642559 -11.780143738 0.299811363 -0.012915400 0.953911006 152.873733521
0.960488319 0.002647601 -0.278307527 -135.891296387 0.001125414 0.999909639 0.013396366 -11.769831657 0.278317779 -0.013180264 0.960398555 153.929122925
0.966364801 0.004100249 -0.257142395 -136.158126831 -0.000188624 0.999883950 0.015234721 -11.774885178 0.257175028 -0.014673796 0.966253400 154.920013428
0.971890152 0.004585879 -0.235390007 -136.430328369 -0.000401743 0.999841213 0.017820213 -11.761182785 0.235434353 -0.017224722 0.971737504 156.011688232
0.976948917 0.006904912 -0.213361204 -136.671966553 -0.002372936 0.999766231 0.021489672 -11.752679825 0.213459685 -0.020488020 0.976737022 157.108444214
0.981535316 0.008939723 -0.191071883 -136.893844604 -0.004104538 0.999661624 0.025686394 -11.741076469 0.191236898 -0.024427842 0.981239796 158.211517334
0.985632360 0.011317126 -0.168524876 -137.093566895 -0.006444612 0.999545932 0.029431680 -11.731420517 0.168781459 -0.027922742 0.985257864 159.285186768
0.989192128 0.012942719 -0.146052405 -137.274627686 -0.008759683 0.999533772 0.029247552 -11.706789017 0.146362856 -0.027652077 0.988844395 160.435226440
0.992196023 0.012391796 -0.124070436 -137.433456421 -0.009055153 0.999582946 0.027421059 -11.686704636 0.124358490 -0.026083590 0.991894424 161.594253540
0.994602442 0.012243392 -0.103033558 -137.554534912 -0.009605991 0.999614358 0.026054882 -11.658001900 0.103312835 -0.024924511 0.994336605 162.761627197
0.996476769 0.010862648 -0.083162799 -137.644073486 -0.008534739 0.999563038 0.028296700 -11.640945435 0.083433852 -0.027487230 0.996134222 163.937149048
0.997955143 0.011702248 -0.062837340 -137.739730835 -0.009817941 0.999495268 0.030212553 -11.629017830 0.063159175 -0.029533844 0.997566402 165.045898438
0.999020100 0.012488727 -0.042459905 -137.802917480 -0.011165459 0.999448836 0.031260770 -11.601790428 0.042826913 -0.030756056 0.998609006 166.275466919
0.999663293 0.014027731 -0.021826059 -137.841506958 -0.013332429 0.999409139 0.031682260 -11.571566582 0.022257593 -0.031380601 0.999259651 167.504028320
0.999894917 0.014447316 -0.001271013 -137.858901978 -0.014398648 0.999372780 0.032353241 -11.544821739 0.001737636 -0.032331534 0.999475777 168.760162354
0.999669194 0.016529780 0.019703437 -137.859024048 -0.017152688 0.999344647 0.031876180 -11.522560120 -0.019163620 -0.032203596 0.999297559 169.896026611
0.999044061 0.017839955 0.039910011 -137.819198608 -0.019070221 0.999347866 0.030660681 -11.491623878 -0.039337002 -0.031392455 0.998732746 171.172958374
0.998078465 0.017737199 0.059369590 -137.756134033 -0.019445142 0.999409854 0.028314944 -11.465933800 -0.058832329 -0.029414983 0.997834384 172.457656860
0.996693492 0.020307792 0.078674853 -137.677551270 -0.022396306 0.999417305 0.025755297 -11.445278168 -0.078105979 -0.027432160 0.996567607 173.744598389
0.995006025 0.020645825 0.097656071 -137.554367065 -0.023098519 0.999443948 0.024052022 -11.429722786 -0.097105168 -0.026187615 0.994929671 174.982788086
0.992988050 0.020771360 0.116374716 -137.408447266 -0.023352314 0.999509752 0.020858448 -11.410755157 -0.115884408 -0.023429811 0.992986321 176.310821533
0.990566671 0.022135772 0.135232240 -137.243560791 -0.024458192 0.999580085 0.015536162 -11.398221970 -0.134831548 -0.018697135 0.990692139 177.630264282
0.987877369 0.024062743 0.153359547 -137.061782837 -0.025717739 0.999630272 0.008816677 -11.388391495 -0.153090701 -0.012653859 0.988131106 178.962951660
0.985006988 0.026129369 0.170523912 -136.840698242 -0.027190223 0.999622703 0.003888328 -11.400253296 -0.170357957 -0.008466614 0.985345840 180.272399902
0.981749177 0.028643439 0.188010842 -136.595825195 -0.029093711 0.999576628 -0.000364807 -11.407738686 -0.187941730 -0.005111785 0.982166827 181.625595093
0.978120923 0.030639037 0.205768600 -136.328598022 -0.030649679 0.999525249 -0.003136524 -11.422984123 -0.205767021 -0.003238843 0.978595555 182.971084595
0.974325716 0.029668881 0.223179609 -136.031402588 -0.029835109 0.999551415 -0.002627726 -11.448853493 -0.223157436 -0.004098327 0.974773765 184.284774780
0.970249474 0.029339757 0.240322962 -135.717346191 -0.029332437 0.999563217 -0.003608324 -11.456867218 -0.240323842 -0.003548282 0.970686197 185.673095703
0.965899765 0.029318176 0.257251412 -135.370483398 -0.027993722 0.999569297 -0.008810136 -11.477926254 -0.257398933 0.001308284 0.966304421 187.033645630
0.961280644 0.030441413 0.273884654 -135.005676270 -0.027900904 0.999523997 -0.013167294 -11.502029419 -0.274155110 0.005015835 0.961672425 188.381164551
0.956285119 0.032614939 0.290611356 -134.608596802 -0.030026143 0.999459863 -0.013364104 -11.531324387 -0.290890247 0.004053956 0.956747830 189.761657715
0.950697422 0.035173237 0.308118880 -134.198394775 -0.032379322 0.999375105 -0.014177389 -11.562268257 -0.308424920 0.003501728 0.951242208 191.135711670
0.944725037 0.038905215 0.325547189 -133.745605469 -0.035259113 0.999231935 -0.017094839 -11.599598885 -0.325962186 0.004671420 0.945371270 192.510925293
0.938424349 0.040183347 0.343139738 -133.273071289 -0.035008077 0.999160707 -0.021265928 -11.637693405 -0.343706280 0.007943802 0.939043581 193.886596680
0.931883514 0.041776683 0.360343993 -132.770492554 -0.035745073 0.999087095 -0.023389615 -11.695401192 -0.360992223 0.008915876 0.932526231 195.222503662
0.925142288 0.041283432 0.377369076 -132.231307983 -0.032946136 0.999049962 -0.028524734 -11.758701324 -0.378188223 0.013956585 0.925623536 196.589843750
0.917129874 0.044525295 0.396093726 -131.656951904 -0.033519424 0.998836577 -0.034668133 -11.815275192 -0.397176504 0.018518344 0.917555332 197.956542969
0.907461286 0.048404980 0.417337865 -131.067169189 -0.035763610 0.998635173 -0.038062278 -11.889947891 -0.418610632 0.019614534 0.907953918 199.300323486
0.896161199 0.051186595 0.440766484 -130.435302734 -0.037736282 0.998517275 -0.039233714 -11.963459015 -0.442121148 0.018526839 0.896763980 200.637786865
