1.000000000 0.000000000 0.000000000 0.000000000 0.000000000 1.000000000 0.000000000 0.000000000 0.000000000 0.000000000 1.000000000 0.000000000
0.999879003 0.001420539 0.015491490 0.017663365 -0.001412677 0.999998868 -0.000518405 -0.013580692 -0.015492209 0.000496458 0.999879837 0.121385559
0.999292910 0.003981143 0.037386876 0.025673544 -0.003963458 0.999992013 -0.000547145 -0.007713711 -0.037388753 0.000398577 0.999300718 0.275743216
0.997901380 0.005891379 0.064483754 0.049736455 -0.005949788 0.999982059 0.000713805 -0.003002746 -0.064478375 -0.001095971 0.997918487 0.431470305
0.995104671 0.005435362 0.098677203 0.092625618 -0.005761668 0.999978781 0.003022122 -0.003408437 -0.098658688 -0.003575873 0.995114923 0.605984688
0.990537763 0.002196113 0.137223482 0.149268076 -0.002938691 0.999982178 0.005209098 -0.006727209 -0.137209594 -0.005563064 0.990526497 0.806041300
0.984307170 -0.000374280 0.176463127 0.222902805 -0.000604003 0.999984682 0.005490087 -0.006272672 -0.176462516 -0.005510517 0.984291852 0.988090038
0.975441098 -0.000497666 0.220259920 0.305686474 -0.000958048 0.999978304 0.006502199 -0.002598986 -0.220258400 -0.006553533 0.975419462 1.199422836
0.963240564 -0.000535130 0.268639892 0.406695575 -0.002059003 0.999953926 0.009374706 0.001949311 -0.268632531 -0.009583229 0.963194966 1.433945537
0.948756933 -0.004040046 0.315980792 0.515063345 -0.001247356 0.999862552 0.016529262 -0.001176411 -0.316004127 -0.016076392 0.948621571 1.637241125
0.931573689 -0.013579224 0.363298744 0.662060857 0.005123053 0.999693274 0.024229532 -0.001004744 -0.363516361 -0.020710398 0.931357563 1.876335382
0.910156906 -0.018324822 0.413858265 0.827287376 0.007220293 0.999571145 0.028380159 0.003339596 -0.414200872 -0.022842221 0.909898877 2.111523867
0.885307014 -0.019776952 0.464586258 0.988067508 0.005060746 0.999445736 0.032901704 -0.004266851 -0.464979470 -0.026776955 0.884916425 2.294662476
0.856636941 -0.022093240 0.515446424 1.184489727 0.003549467 0.999311507 0.036933854 0.008320712 -0.515907407 -0.029809343 0.856125474 2.540468216
0.824442804 -0.026539909 0.565322697 1.404312611 0.004068949 0.999151945 0.040972684 0.018003300 -0.565930665 -0.031479362 0.823851526 2.760569572
0.788197100 -0.031931534 0.614594102 1.604117513 0.005333057 0.998969913 0.045062494 0.005016074 -0.615399837 -0.032240465 0.787555337 2.955303907
0.749748349 -0.036023729 0.660741806 1.873248935 0.006367781 0.998863578 0.047232598 0.020056695 -0.661692500 -0.031205101 0.749125600 3.193643808
0.709370196 -0.038969107 0.703758001 2.158532143 0.007501087 0.998831272 0.047747262 0.042482257 -0.704796195 -0.028591536 0.708833337 3.418181419
0.667394996 -0.040431134 0.743605494 2.447833300 0.005793240 0.998776793 0.049105730 0.047943786 -0.744681418 -0.028465031 0.666812778 3.621647358
0.624462485 -0.040369067 0.780010760 2.788596869 0.000724422 0.998693049 0.051106896 0.066553935 -0.781054497 -0.031349286 0.623675585 3.857073545
0.582132459 -0.041048098 0.812057137 3.152482510 -0.002294498 0.998637974 0.052124266 0.083445564 -0.813090742 -0.032206491 0.581245303 4.082662582
0.541924953 -0.042477392 0.839352787 3.531692743 -0.004087244 0.998576939 0.053174209 0.098154277 -0.840417087 -0.032247070 0.540979981 4.288054466
0.502758026 -0.044509739 0.863280535 3.946268797 -0.006064137 0.998467326 0.055011448 0.113006532 -0.864405990 -0.032892495 0.501717389 4.503327847
0.465160847 -0.044112787 0.884126425 4.368727684 -0.009062897 0.998467982 0.054585978 0.132922560 -0.885179758 -0.033404004 0.464048326 4.706165314
0.428426027 -0.043376178 0.902535021 4.857454777 -0.010225451 0.998550355 0.052844644 0.154248565 -0.903518915 -0.031868856 0.427361488 4.913230896
0.395285577 -0.041588638 0.917616308 5.378410339 -0.008919462 0.998753548 0.049108259 0.190923125 -0.918514967 -0.027596425 0.394421905 5.107033730
0.365965247 -0.039827358 0.929775834 5.903659344 -0.006853822 0.998941362 0.045487791 0.214224905 -0.930603206 -0.023019470 0.365304798 5.281471729
0.340171188 -0.037836380 0.939601958 6.457122803 -0.005674521 0.999089420 0.042286243 0.238035575 -0.940346360 -0.019716354 0.339646727 5.467885494
0.320529461 -0.037496909 0.946496010 7.030616283 -0.004266601 0.999148965 0.041027710 0.256615222 -0.947228909 -0.017188910 0.320096672 5.633682728
0.305211544 -0.037802674 0.951533914 7.624237061 -0.003112048 0.999166727 0.040693253 0.281865299 -0.952279449 -0.015381265 0.304839551 5.827158928
0.294691414 -0.039563835 0.954773068 8.225668907 -0.002416700 0.999108434 0.042146921 0.296495944 -0.955589414 -0.014727734 0.294333100 5.987124443
0.283366919 -0.040313244 0.958163857 8.947870255 -0.005055825 0.999039412 0.043528233 0.343161404 -0.958998203 -0.017178774 0.282890886 6.216059208
0.272721380 -0.042210661 0.961166620 9.633684158 -0.006403455 0.998935342 0.045686223 0.368608654 -0.962071776 -0.018614395 0.272160769 6.409964085
0.262235403 -0.043690398 0.964014411 10.333592415 -0.007515289 0.998851895 0.047313616 0.398444593 -0.964974701 -0.019652152 0.261605978 6.605544090
0.252214998 -0.045374218 0.966606796 11.052547455 -0.008503696 0.998757541 0.049102288 0.427496910 -0.967633903 -0.020604063 0.251515776 6.788292885
0.241813213 -0.046978936 0.969184875 11.796683311 -0.008328706 0.998690009 0.050487153 0.458915174 -0.970287025 -0.020280516 0.241105139 6.969933510
0.231399387 -0.048832990 0.971632481 12.548206329 -0.008667387 0.998596370 0.052252337 0.480608255 -0.972820222 -0.020512676 0.230651349 7.152262688
0.221647680 -0.051509731 0.973765373 13.403823853 -0.010253359 0.998425543 0.055148050 0.519848406 -0.975072920 -0.022207804 0.220770583 7.334104538
0.210332543 -0.054954417 0.976084054 14.201804161 -0.011974375 0.998199105 0.058779825 0.559703708 -0.977556586 -0.024051307 0.209295690 7.504722118
0.198282957 -0.058875438 0.978374958 14.991490364 -0.012418982 0.997963250 0.062571101 0.593782663 -0.980066061 -0.024557203 0.197147936 7.660645962
0.185318872 -0.061397329 0.980758488 15.798267365 -0.013631598 0.997789621 0.065039262 0.627267182 -0.982583880 -0.025422309 0.184072301 7.810068130
0.170807809 -0.062011078 0.983351052 16.607608795 -0.014188746 0.997759342 0.065384254 0.664720953 -0.985202193 -0.025120659 0.169545203 7.953822136
0.156354889 -0.060392242 0.985852897 17.408361435 -0.015766859 0.997849166 0.063627712 0.711247206 -0.987575114 -0.025492309 0.155066416 8.082538605
0.138877541 -0.059305228 0.988532186 18.295116425 -0.016978655 0.997915924 0.062253494 0.748145819 -0.990163982 -0.025429558 0.137581185 8.231575012
0.118043140 -0.057825577 0.991323352 19.132997513 -0.019787818 0.997967839 0.060569417 0.785034657 -0.992811263 -0.026765930 0.116659015 8.332765579
0.092448585 -0.056146976 0.994133174 19.964725494 -0.024388082 0.997981608 0.058632284 0.825697660 -0.995418727 -0.029665468 0.090892673 8.408766747
0.061970696 -0.056171108 0.996496141 20.782009125 -0.027747970 0.997932136 0.057977661 0.851637840 -0.997692168 -0.031243658 0.060283951 8.458051682
0.028881907 -0.055836648 0.998022079 21.629718781 -0.031361911 0.997896433 0.056737207 0.887821674 -0.999090672 -0.032938551 0.027070023 8.474514008
-0.005382314 -0.055505529 0.998443902 22.446573257 -0.033539329 0.997906625 0.055294860 0.911147177 -0.999422908 -0.033189520 -0.007232666 8.460914612
-0.039463282 -0.054070078 0.997757018 23.333604813 -0.033659250 0.998040080 0.052754126 0.940934777 -0.998653889 -0.031501904 -0.041205890 8.435794830
-0.072438329 -0.052136578 0.996009290 24.182693481 -0.035650454 0.998129964 0.049654778 0.970139563 -0.996735573 -0.031911265 -0.074161552 8.368545532
-0.104882665 -0.049285881 0.993262589 25.020767212 -0.037854049 0.998245180 0.045535952 0.993190527 -0.993763924 -0.032823075 -0.106564283 8.278006554
-0.136998415 -0.045024045 0.989547491 25.849250793 -0.035233375 0.998555720 0.040556021 1.010214925 -0.989944518 -0.029308980 -0.138386935 8.148982048
-0.168705642 -0.038959675 0.984896183 26.685901642 -0.029413242 0.998972416 0.034478217 1.026412010 -0.985227585 -0.023152316 -0.169678241 7.995185375
-0.198401481 -0.032576829 0.979579329 27.470664978 -0.022615179 0.999333441 0.028653355 1.034357429 -0.979860008 -0.016468490 -0.199005976 7.806789875
-0.227749497 -0.026081195 0.973370373 28.377124786 -0.016317150 0.999603093 0.022966204 1.052506924 -0.973583043 -0.010652089 -0.228084698 7.596748352
-0.255886137 -0.019941892 0.966501176 29.196487427 -0.007687843 0.999797642 0.018593498 1.055687547 -0.966676414 -0.002672492 -0.255987614 7.361239910
-0.281576812 -0.009429708 0.959492266 30.006332397 -0.002063600 0.999955356 0.009221776 1.051700473 -0.959536552 0.000616631 -0.281583667 7.103097916
-0.306563288 0.006016564 0.951831281 30.775863647 0.002846261 0.999981403 -0.005404212 1.033850551 -0.951846063 0.001052429 -0.306574643 6.836010933
-0.330808401 0.023367820 0.943408549 31.539951324 0.005429600 0.999723971 -0.022858826 1.006832600 -0.943682313 -0.002439561 -0.330843955 6.551665306
-0.356956065 0.037962288 0.933349490 32.320484161 0.003732895 0.999223888 -0.039213978 0.977616191 -0.934113801 -0.010513577 -0.356820703 6.270358086
-0.380906284 0.048522566 0.923339486 33.074180603 0.007834275 0.998755574 -0.049253881 0.935481429 -0.924580455 -0.011527420 -0.380812436 5.936428070
-0.404029489 0.052908752 0.913214564 33.831172943 0.011169147 0.998536766 -0.052910537 0.888253450 -0.914677739 -0.011177589 -0.404029280 5.586218834
-0.426607907 0.052583057 0.902906835 34.581203461 0.015521346 0.998587072 -0.050821673 0.827619076 -0.904303551 -0.007666596 -0.426821321 5.222130775
-0.446861267 0.047936045 0.893318057 35.331966400 0.018513881 0.998845041 -0.044337567 0.767537713 -0.894411683 -0.003273958 -0.447232664 4.833030701
-0.464361697 0.046824895 0.884406924 36.039710999 0.026289027 0.998890102 -0.039083041 0.720457673 -0.885255456 0.005101532 -0.465077192 4.442171097
-0.478561819 0.047257632 0.876781225 36.751583099 0.028545059 0.998860061 -0.038257200 0.670965910 -0.877589762 0.006719343 -0.479365259 4.050976753
-0.489385813 0.050903670 0.870580494 37.459804535 0.031202056 0.998677850 -0.040853806 0.615809679 -0.871509016 0.007170632 -0.490327001 3.649535179
-0.499211460 0.053450525 0.864830017 38.154983521 0.031896103 0.998552680 -0.043303620 0.571364880 -0.865893006 0.005967051 -0.500193715 3.243034363
-0.510407627 0.052739274 0.858313799 38.863220215 0.026039271 0.998607755 -0.045875072 0.518110514 -0.859538257 -0.001065124 -0.511070311 2.836954117
-0.521083355 0.051196493 0.851969004 39.540779114 0.025694277 0.998687863 -0.044297930 0.464644790 -0.853119016 -0.001192187 -0.521715045 2.415565491
-0.529978991 0.052484196 0.846385062 40.231193542 0.027479300 0.998621702 -0.044717714 0.416590929 -0.847565413 -0.000441381 -0.530690789 1.984663010
-0.536750197 0.055429544 0.841918588 40.893104553 0.030881349 0.998461843 -0.046048060 0.364742398 -0.843175828 0.001283277 -0.537636340 1.546979904
-0.540270030 0.058582116 0.839450002 41.603424072 0.031921282 0.998282552 -0.049121924 0.329108596 -0.840886116 0.000257220 -0.541212201 1.087308884
-0.540340722 0.060559578 0.839264274 42.273101807 0.031842563 0.998164058 -0.051524367 0.272630811 -0.840843618 -0.001116390 -0.541276991 0.674873352
-0.536494374 0.061170049 0.841683984 43.021106720 0.034698740 0.998125017 -0.050422333 0.215305448 -0.843190253 0.002154080 -0.537610948 0.182918549
-0.530509949 0.060030635 0.845550478 43.774486542 0.032594219 0.998196125 -0.050417807 0.164782882 -0.847051799 0.000812908 -0.531509817 -0.285884857
-0.523750305 0.058878843 0.849834561 44.545532227 0.030644912 0.998265028 -0.050276153 0.113927007 -0.851320386 -0.000289051 -0.524646103 -0.752468109
-0.516439497 0.058175147 0.854345322 45.317176819 0.028985508 0.998305440 -0.050456550 0.056088090 -0.855833054 -0.001294121 -0.517250717 -1.213335037
-0.509793818 0.056218747 0.858457685 46.131141663 0.025197746 0.998410106 -0.050420318 -0.000155210 -0.859927475 -0.004072774 -0.510399997 -1.697139740
-0.505729735 0.054056194 0.860996664 46.935703278 0.021435296 0.998514175 -0.050099388 -0.055053473 -0.862425685 -0.006881034 -0.506137073 -2.157873154
-0.504379272 0.051525310 0.861943424 47.768096924 0.017137125 0.998618722 -0.049667440 -0.113770962 -0.863312125 -0.010279992 -0.504565656 -2.645248413
-0.505370080 0.048793003 0.861522079 48.583461761 0.013304731 0.998721957 -0.048758846 -0.164728165 -0.862800121 -0.013178943 -0.505373418 -3.090473175
-0.506507277 0.047682557 0.860916197 49.444515228 0.012291565 0.998767555 -0.048086017 -0.223050356 -0.862147987 -0.013773912 -0.506469250 -3.587394714
-0.506895065 0.047013711 0.860724628 50.316509247 0.012213989 0.998803139 -0.047362678 -0.279651761 -0.861921191 -0.013495028 -0.506862640 -4.100414276
-0.507494211 0.046422623 0.860403597 51.183536530 0.011363542 0.998821437 -0.047188282 -0.335289955 -0.861580253 -0.014170548 -0.507423580 -4.599020004
-0.507295430 0.045436997 0.860573590 52.076782227 0.011673284 0.998879790 -0.045858134 -0.394074440 -0.861693144 -0.013217901 -0.507257462 -5.123918533
-0.507268846 0.045042470 0.860609949 52.995044708 0.011379370 0.998896241 -0.045572739 -0.461527348 -0.861712694 -0.013324428 -0.507221520 -5.682205200
-0.507175624 0.043690961 0.860734522 53.874439240 0.009554232 0.998937845 -0.045076478 -0.517302632 -0.861789703 -0.014638033 -0.507054389 -6.181259155
-0.507299066 0.043114029 0.860690951 54.774505615 0.009165071 0.998961151 -0.044638339 -0.579167604 -0.861721337 -0.014756691 -0.507167101 -6.705379486
-0.507049024 0.042331442 0.860877097 55.669631958 0.008319061 0.998987079 -0.044222806 -0.644077063 -0.861877084 -0.015261441 -0.506887555 -7.218639374
-0.505449235 0.041052736 0.861879230 56.564048767 0.007992141 0.999047458 -0.042899299 -0.705032945 -0.862819314 -0.014795161 -0.505295873 -7.748760223
-0.503560722 0.038437217 0.863104343 57.447502136 0.008465562 0.999181390 -0.039558172 -0.780758262 -0.863918364 -0.012613277 -0.503473878 -8.254985809
-0.501094162 0.037561461 0.864577293 58.342491150 0.008900177 0.999228418 -0.038252980 -0.828795671 -0.865347028 -0.011473455 -0.501041830 -8.766361237
-0.498529077 0.037048887 0.866080880 59.283660889 0.008805672 0.999251187 -0.037676930 -0.896031380 -0.866828263 -0.011156619 -0.498482019 -9.313901901
-0.496727914 0.037342746 0.867102563 60.182899475 0.008888556 0.999240398 -0.037941519 -0.949496150 -0.867860854 -0.011139322 -0.496682495 -9.819190979
-0.496028572 0.037915140 0.867478013 61.066505432 0.008615956 0.999211967 -0.038746230 -1.007876158 -0.868263543 -0.011745083 -0.495964348 -10.318496704
-0.496434212 0.039892484 0.867157161 61.963108063 0.009214131 0.999129474 -0.040688742 -1.064185143 -0.868025482 -0.012209188 -0.496369600 -10.837289810
-0.499447525 0.041392881 0.865354717 62.856128693 0.007309016 0.999023736 -0.043568265 -1.123502135 -0.866313457 -0.015435170 -0.499262482 -11.339286804
-0.503380001 0.041861858 0.863050520 63.720188141 0.006944013 0.998989403 -0.044405371 -1.197399139 -0.864037216 -0.016359739 -0.503161967 -11.848371506
-0.509167314 0.039724991 0.859750152 64.556945801 0.007365398 0.999098897 -0.041801635 -1.264097452 -0.860635936 -0.014951630 -0.509001255 -12.341573715
-0.514314473 0.037520833 0.856780469 65.426689148 0.008901497 0.999222279 -0.038415298 -1.322945595 -0.857555389 -0.012130911 -0.514248371 -12.869989395
-0.519746661 0.034777362 0.853612244 66.286033630 0.006050911 0.999295890 -0.037028451 -1.383753061 -0.854299009 -0.014080280 -0.519591153 -13.382574081
-0.525056481 0.038331214 0.850203753 67.151855469 0.008346963 0.999169171 -0.039892484 -1.438440800 -0.851026475 -0.013849189 -0.524940133 -13.904083252
-0.529730082 0.040125038 0.847216606 67.996093750 0.008855461 0.999087572 -0.041780837 -1.493252277 -0.848119974 -0.014630076 -0.529602110 -14.433090210
-0.534571826 0.040436149 0.844155073 68.811531067 0.007554390 0.999043465 -0.043071587 -1.564752460 -0.845089257 -0.016647778 -0.534365892 -14.952547073
-0.538551748 0.040639378 0.841611922 69.689086914 0.005614412 0.998987079 -0.044645954 -1.617339373 -0.842573702 -0.019318998 -0.538234293 -15.483320236
-0.542217970 0.039883424 0.839290738 70.523254395 0.006548423 0.999043167 -0.043244340 -1.677474737 -0.840212286 -0.017951829 -0.541960239 -16.014074326
-0.544856608 0.033274390 0.837868810 71.356025696 0.007491367 0.999365687 -0.034816388 -1.729020596 -0.838495731 -0.012693154 -0.544760227 -16.546098709
-0.546769083 0.024689095 0.836919367 72.172996521 0.007047714 0.999665499 -0.024885748 -1.778565407 -0.837253749 -0.007708391 -0.546760142 -17.081857681
-0.547702193 0.023114718 0.836353958 72.967491150 0.008567035 0.999720871 -0.022019483 -1.831992865 -0.836629510 -0.004895044 -0.547747374 -17.611568451
-0.549315929 0.027528275 0.835161209 73.779335022 0.008465533 0.999589324 -0.027380001 -1.873754144 -0.835571885 -0.007970184 -0.549323261 -18.131740570
-0.549783051 0.033945151 0.834617436 74.566848755 0.010278064 0.999373138 -0.033875611 -1.919860244 -0.835244179 -0.010045983 -0.549787343 -18.668947220
-0.550237060 0.037986662 0.834143996 75.398300171 0.014755405 0.999251068 -0.035772286 -1.946098685 -0.834878147 -0.007375109 -0.550385475 -19.227472305
-0.549115241 0.039790031 0.834798932 76.186828613 0.020529691 0.999206781 -0.034122352 -2.020119905 -0.835494459 -0.001598941 -0.549496531 -19.778703690
-0.548566878 0.036540914 0.835307896 76.991447449 0.019216815 0.999331713 -0.031096060 -2.062940121 -0.835885823 -0.001006314 -0.548902392 -20.308961868
-0.548134208 0.031348638 0.835802734 77.796936035 0.017423961 0.999508440 -0.026061848 -2.104814529 -0.836208880 0.000277604 -0.548411012 -20.830635071
-0.547349274 0.024628460 0.836541891 78.594451904 0.014810758 0.999695420 -0.019741159 -2.151308537 -0.836773276 0.001584513 -0.547547221 -21.344644547
-0.546310604 0.019186676 0.837362826 79.393295288 0.007252807 0.999808490 -0.018176964 -2.198172092 -0.837551236 -0.003857037 -0.546345174 -21.861703873
-0.545326948 0.014144611 0.838104129 80.207176208 -0.000429972 0.999852777 -0.017154200 -2.222632408 -0.838223279 -0.009715009 -0.545240581 -22.366613388
-0.544137836 0.014666978 0.838867664 81.002914429 0.002039375 0.999867320 -0.016159084 -2.254181862 -0.838993430 -0.007082001 -0.544095576 -22.858020782
-0.540440202 0.017915230 0.841191769 81.764106750 0.006638856 0.999832928 -0.017028622 -2.297336578 -0.841356277 -0.003618401 -0.540468931 -23.360654831
-0.535597503 0.021439306 0.844201267 82.556221008 0.007901561 0.999761105 -0.020376813 -2.312239647 -0.844436407 -0.004243262 -0.535639048 -23.849990845
-0.528376460 0.024015300 0.848670483 83.387626648 0.013428130 0.999711215 -0.019929120 -2.345778942 -0.848904014 0.000865981 -0.528546333 -24.348646164
-0.520359457 0.027386088 0.853508115 84.191314697 0.020537265 0.999597847 -0.019552618 -2.382449150 -0.853700399 0.007354331 -0.520712674 -24.845005035
-0.510257840 0.026186969 0.859622717 84.994415283 0.018122910 0.999641716 -0.019694954 -2.417970419 -0.859830439 0.005529360 -0.510549605 -25.323562622
-0.499782652 0.023574788 0.865830004 85.808494568 0.014900322 0.999715567 -0.018619318 -2.443410158 -0.866022646 0.003595534 -0.499991775 -25.775230408
-0.487752736 0.021039974 0.872728288 86.633148193 0.016351173 0.999754369 -0.014963963 -2.477797031 -0.872828603 0.006971417 -0.487976879 -26.248764038
-0.475976497 0.020532450 0.879218340 87.463066101 0.014710419 0.999773383 -0.015384104 -2.494439125 -0.879334867 0.005611197 -0.476170719 -26.705326080
-0.464991987 0.019274376 0.885105073 88.281669617 0.015386362 0.999787927 -0.013688493 -2.532870770 -0.885181189 0.007253508 -0.465189934 -27.107658386
-0.453014970 0.021352623 0.891247153 89.100799561 0.019417703 0.999712288 -0.014081354 -2.567178726 -0.891291440 0.010926904 -0.453299254 -27.519878387
-0.441211939 0.025233742 0.897048056 89.943962097 0.018718073 0.999645889 -0.018913334 -2.601446629 -0.897207737 0.008446221 -0.441527992 -27.925987244
-0.428999603 0.035022993 0.902625501 90.759109497 0.022446316 0.999352813 -0.028107859 -2.634644985 -0.903025806 0.008202355 -0.429508090 -28.321308136
-0.416345179 0.038972236 0.908370972 91.605552673 0.020885162 0.999227226 -0.033297725 -2.673104525 -0.908966780 0.005108128 -0.416837364 -28.712974548
-0.404747605 0.035364237 0.913744390 92.444404602 0.019698234 0.999357224 -0.029952243 -2.718421936 -0.914216340 0.005876054 -0.405184060 -29.081129074
-0.393448651 0.029934950 0.918859065 93.288063049 0.011154974 0.999551535 -0.027787309 -2.744659662 -0.919278860 -0.000683033 -0.393606186 -29.432769775
-0.383336872 0.032862321 0.923023760 94.115539551 0.017836802 0.999443829 -0.028175376 -2.813086987 -0.923436344 0.005663131 -0.383709818 -29.770282745
-0.377223045 0.037506036 0.925362647 94.851745605 0.013324352 0.999296129 -0.035070982 -2.854387283 -0.926026583 -0.000899728 -0.377457261 -30.036758423
-0.372067004 0.042687453 0.927223861 95.699790955 0.008156713 0.999053776 -0.042721312 -2.900156975 -0.928170025 -0.008332091 -0.372063071 -30.367496490
-0.369396895 0.044942327 0.928184330 96.533538818 0.006069505 0.998925209 -0.045952052 -2.953819275 -0.929251850 -0.011340924 -0.369272649 -30.675537109
-0.364730895 0.044425894 0.930052578 97.393867493 0.005255136 0.998943508 -0.045655750 -3.013334751 -0.931098044 -0.011764506 -0.364578992 -31.020496368
-0.359558195 0.045110404 0.932031631 98.228576660 0.004674241 0.998905301 -0.046543866 -3.059123516 -0.933111012 -0.012378689 -0.359375387 -31.342769623
-0.354697078 0.039262556 0.934156597 99.105934143 -0.002473341 0.999075055 -0.042930197 -3.111682892 -0.934978008 -0.017537704 -0.354271829 -31.652137756
-0.350082517 0.034430191 0.936085880 99.931701660 -0.007605254 0.999186873 -0.039595366 -3.165185452 -0.936688006 -0.020980816 -0.349536061 -31.938407898
-0.344691902 0.031526886 0.938186288 100.781578064 -0.010056462 0.999254525 -0.037273791 -3.214950800 -0.938662112 -0.022282809 -0.344117850 -32.238616943
-0.339219004 0.029759614 0.940236568 101.623550415 -0.017662020 0.999121904 -0.037995510 -3.268312693 -0.940541625 -0.029495278 -0.338395476 -32.523044586
-0.332830220 0.029809320 0.942515492 102.478134155 -0.026086956 0.998826563 -0.040802378 -3.313730717 -0.942625999 -0.038167626 -0.331662059 -32.806781769
-0.326043487 0.033844687 0.944748759 103.331077576 -0.023511836 0.998759508 -0.043893769 -3.368297100 -0.945062459 -0.036524057 -0.324843258 -33.093990326
-0.319701254 0.037547372 0.946774125 104.176765442 -0.022880400 0.998617291 -0.047329493 -3.413294792 -0.947242141 -0.036793876 -0.318400025 -33.373508453
-0.312503457 0.035465088 0.949254274 105.095016479 -0.022850795 0.998733103 -0.044836346 -3.475332022 -0.949641705 -0.035702724 -0.311297119 -33.666320801
-0.306137174 0.030267322 0.951506138 105.960327148 -0.023538748 0.998948276 -0.039349787 -3.530453682 -0.951696455 -0.034443691 -0.305102676 -33.930843353
-0.298716664 0.027586259 0.953943014 106.834487915 -0.024712047 0.999023438 -0.036628190 -3.582956314 -0.954021871 -0.034515332 -0.297743201 -34.201530457
-0.292443305 0.031067872 0.955778003 107.680122375 -0.026741626 0.998815477 -0.040649071 -3.628637075 -0.955908895 -0.037446607 -0.291266173 -34.449623108
-0.284857273 0.034493703 0.957949162 108.519409180 -0.024447652 0.998765826 -0.043233223 -3.673613548 -0.958258033 -0.035734903 -0.283662409 -34.714496613
-0.279838622 0.033849549 0.959450245 109.429573059 -0.030498309 0.998560369 -0.044124678 -3.732929230 -0.959562421 -0.041609399 -0.278403401 -34.932632446
-0.272921145 0.033533175 0.961451828 110.302902222 -0.031583942 0.998541176 -0.043792304 -3.781205654 -0.961517751 -0.042318281 -0.271463901 -35.174118042
-0.264917552 0.033275526 0.963696718 111.162239075 -0.026701787 0.998768032 -0.041826751 -3.838458061 -0.963901222 -0.036813065 -0.263702720 -35.410621643
-0.256871164 0.034355219 0.965834796 112.029296875 -0.023901766 0.998836458 -0.041885953 -3.890932560 -0.966149986 -0.033844456 -0.255751133 -35.648876190
-0.250692636 0.034671880 0.967445612 112.874847412 -0.021967404 0.998897254 -0.041491441 -3.949069977 -0.967817426 -0.031653862 -0.249654502 -35.858428955
-0.244578391 0.032919265 0.969070554 113.734161377 -0.030219501 0.998679340 -0.041552000 -4.002814293 -0.969158471 -0.039447546 -0.243260533 -36.031757355
-0.238922238 0.031350207 0.970532477 114.609687805 -0.033697527 0.998609006 -0.040552676 -4.051664829 -0.970453799 -0.042393476 -0.237533495 -36.234119415
-0.234316751 0.031736273 0.971642137 115.475158691 -0.030640427 0.998729348 -0.040010113 -4.098689556 -0.971677303 -0.039146565 -0.233046651 -36.439090729
-0.229978472 0.031552356 0.972684085 116.359329224 -0.030313147 0.998757124 -0.039565280 -4.151702881 -0.972723424 -0.038584277 -0.228736192 -36.641738892
-0.224656403 0.033405948 0.973865271 117.239692688 -0.028553437 0.998757362 -0.040846668 -4.197679520 -0.974019587 -0.036983658 -0.223423362 -36.847221375
-0.218963310 0.031823300 0.975214064 118.112586975 -0.023958281 0.998991370 -0.037978526 -4.246130943 -0.975438833 -0.031680357 -0.217980027 -37.048419952
-0.212944239 0.030636780 0.976584017 118.978668213 -0.017215855 0.999235451 -0.035101313 -4.297716618 -0.976912618 -0.024287350 -0.212254003 -37.252231598
-0.208087698 0.029978018 0.977650642 119.853515625 -0.015650168 0.999300241 -0.033972912 -4.343523502 -0.977984965 -0.022369748 -0.207472906 -37.439094543
-0.204118326 0.031835798 0.978428483 120.720733643 -0.017043635 0.999204040 -0.036067411 -4.386169910 -0.978797853 -0.024037998 -0.203413263 -37.610206604
-0.200841978 0.032796472 0.979074538 121.584289551 -0.019204736 0.999115527 -0.037407350 -4.439755440 -0.979435384 -0.026315827 -0.200034499 -37.775012970
-0.198325872 0.032942902 0.979582310 122.460311890 -0.021928541 0.999035716 -0.038036749 -4.480885029 -0.979890823 -0.029024484 -0.197412238 -37.963016510
-0.197562918 0.031229978 0.979792535 123.358917236 -0.023163030 0.999064565 -0.036514793 -4.530676842 -0.980016530 -0.029908933 -0.196654737 -38.131164551
-0.196778327 0.026735349 0.980083346 124.251960754 -0.021259680 0.999276757 -0.031527370 -4.576226234 -0.980217457 -0.027040163 -0.196067676 -38.304862976
-0.195881650 0.021539418 0.980390966 125.125175476 -0.021347031 0.999428034 -0.026222797 -4.627257347 -0.980395138 -0.026065005 -0.195309833 -38.469551086
-0.194660828 0.020087682 0.980664909 125.993293762 -0.020985512 0.999476135 -0.024638599 -4.660861969 -0.980646074 -0.025375929 -0.194137290 -38.646354675
-0.193555847 0.024822272 0.980775118 126.852439880 -0.021568669 0.999330521 -0.029548461 -4.694451332 -0.980852187 -0.026873292 -0.192890897 -38.806037903
-0.193941236 0.027870143 0.980617166 127.710906982 -0.021385523 0.999238670 -0.032628901 -4.746499538 -0.980780005 -0.027299099 -0.193197593 -38.970340729
-0.193514869 0.028007800 0.980697453 128.553100586 -0.020593019 0.999256194 -0.032601316 -4.786664963 -0.980881155 -0.026504362 -0.192794174 -39.130378723
-0.192802757 0.026248142 0.980886400 129.370864868 -0.029258532 0.999043882 -0.032485079 -4.808060169 -0.980801225 -0.034962509 -0.191850364 -39.287719727
-0.191858456 0.027163453 0.981046617 130.221923828 -0.024064990 0.999186099 -0.032371972 -4.854469299 -0.981127560 -0.029819706 -0.191048577 -39.461650848
-0.191025138 0.029445082 0.981143415 131.058303833 -0.026575524 0.999028385 -0.035155989 -4.892769814 -0.981225252 -0.032790080 -0.190057024 -39.619529724
-0.191448539 0.030418508 0.981031179 131.901199341 -0.034673933 0.998686135 -0.037732556 -4.936512470 -0.980889916 -0.041240059 -0.190142259 -39.763019562
-0.190923214 0.030854322 0.981119931 132.740158081 -0.038953647 0.998480380 -0.038980544 -4.997541904 -0.980831861 -0.045660485 -0.189431176 -39.913711548
-0.190872520 0.035707615 0.980965137 133.545547485 -0.037918266 0.998324037 -0.043717481 -5.032417297 -0.980882168 -0.045540974 -0.189198673 -40.049476624
-0.191745937 0.036913455 0.980750144 134.380401611 -0.032960270 0.998486578 -0.044025060 -5.084601402 -0.980890989 -0.040767416 -0.190239057 -40.199340820
-0.189707905 0.037874922 0.981109798 135.202560425 -0.033947647 0.998405218 -0.045106731 -5.134857178 -0.981253505 -0.041863471 -0.188119590 -40.352893829
-0.187896013 0.037363958 0.981477916 136.026611328 -0.025426976 0.998756230 -0.042889506 -5.182452202 -0.981859684 -0.033014789 -0.186712235 -40.512424469
-0.184137344 0.034638163 0.982289910 136.829956055 -0.020245997 0.999033153 -0.039023824 -5.230178833 -0.982692003 -0.027073191 -0.183258012 -40.670467377
-0.181761652 0.029151721 0.982910395 137.662231445 -0.014771124 0.999366701 -0.032371294 -5.286955357 -0.983231664 -0.020402551 -0.181215942 -40.837963104
-0.178306669 0.028544975 0.983560860 138.500518799 -0.010922076 0.999460101 -0.030986439 -5.336267471 -0.983914316 -0.016267611 -0.177898660 -40.988616943
-0.174004540 0.033566289 0.984172642 139.310958862 -0.010057664 0.999306202 -0.035860654 -5.381375790 -0.984693527 -0.016138395 -0.173546195 -41.122085571
-0.167458475 0.036700584 0.985195875 140.093765259 -0.012064651 0.999155641 -0.039271310 -5.416198254 -0.985805273 -0.018462358 -0.166874304 -41.246452332
-0.157773927 0.037059389 0.986779690 140.909912109 -0.008936664 0.999201000 -0.038954742 -5.468055725 -0.987434804 -0.014964561 -0.157316655 -41.394264221
-0.149130076 0.033334605 0.988255620 141.709533691 -0.009835665 0.999332070 -0.035192456 -5.497400284 -0.988768637 -0.014968404 -0.148702621 -41.500663757
-0.136733979 0.032015674 0.990090370 142.508636475 -0.005037037 0.999442160 -0.033013709 -5.545578003 -0.990595043 -0.009501215 -0.136496425 -41.615013123
-0.122622132 0.034756716 0.991844773 143.305892944 0.004028144 0.999395788 -0.034523327 -5.598028660 -0.992445230 -0.000238031 -0.122688048 -41.719833374
-0.107768834 0.035316866 0.993548393 144.119155884 0.003999874 0.999376178 -0.035090152 -5.640944481 -0.994167924 0.000192444 -0.107842863 -41.812080383
-0.093571290 0.035336170 0.994985342 144.925369263 0.006221104 0.999371231 -0.034906879 -5.684408188 -0.995593131 0.002923625 -0.093732297 -41.891975403
-0.081182897 0.037183993 0.996005356 145.689651489 0.005692204 0.999304831 -0.036843203 -5.724926472 -0.996682882 0.002678426 -0.081338137 -41.933673859
-0.068409249 0.043458965 0.996710300 146.459426880 0.000884801 0.999053001 -0.043500379 -5.772897243 -0.997656882 -0.002093937 -0.068382934 -41.966243744
-0.053873964 0.051903021 0.997197926 147.267684937 -0.003049136 0.998634934 -0.052142553 -5.838932514 -0.998543024 -0.005849718 -0.053642172 -42.015243530
-0.040248457 0.059904199 0.997392356 148.044189453 -0.006713950 0.998162508 -0.060221385 -5.887000084 -0.999167144 -0.009120259 -0.039772302 -42.033481598
-0.027316889 0.060225926 0.997810900 148.825317383 -0.006758707 0.998149395 -0.060431391 -5.942652702 -0.999603987 -0.008394711 -0.026859289 -42.048000336
-0.016103689 0.056787059 0.998256445 149.616180420 -0.012183527 0.998300612 -0.056986123 -5.994468212 -0.999796093 -0.013079971 -0.015384454 -42.044536591
-0.005554158 0.054353975 0.998506248 150.351669312 -0.015192343 0.998401880 -0.054432794 -6.056775570 -0.999869108 -0.015471979 -0.004719518 -42.025814056
0.004410385 0.060828123 0.998138487 151.121246338 -0.016849102 0.998010993 -0.060745910 -6.119140625 -0.999848306 -0.016549824 0.005426513 -42.019859314
0.010808341 0.068589479 0.997586429 151.880081177 -0.019627227 0.997467101 -0.068368621 -6.176670074 -0.999748945 -0.018840903 0.012127185 -41.999607086
0.012953145 0.071496814 0.997356713 152.633361816 -0.023779996 0.997180343 -0.071175329 -6.228316307 -0.999633253 -0.022795193 0.014616816 -41.969188690
0.012354475 0.066779830 0.997691214 153.381912231 -0.025737613 0.997458100 -0.066445515 -6.292165756 -0.999592364 -0.024857294 0.014041825 -41.941120148
0.011261005 0.062700488 0.997968793 154.132507324 -0.029154500 0.997628510 -0.062350113 -6.354884624 -0.999511480 -0.028393159 0.013062299 -41.939888000
0.008639634 0.060125042 0.998153389 154.910797119 -0.025885534 0.997869670 -0.059883896 -6.410585403 -0.999627531 -0.025320359 0.010177597 -41.935726166
0.007633255 0.060554668 0.998135686 155.671875000 -0.022781985 0.997916341 -0.060367119 -6.465082169 -0.999711335 -0.022278713 0.008996906 -41.968254089
0.003800943 0.060518436 0.998159826 156.413391113 -0.021107828 0.997949541 -0.060425311 -6.523454666 -0.999769986 -0.020839315 0.005070562 -41.960716248
-0.001210976 0.059058420 0.998253763 157.156677246 -0.022286603 0.998005033 -0.059070732 -6.579918861 -0.999750912 -0.022319220 0.000107651 -41.954124451
-0.006218222 0.058633909 0.998260140 157.916793823 -0.020626569 0.998059571 -0.058750607 -6.643564701 -0.999767900 -0.020956011 -0.004996741 -41.958568573
-0.013098685 0.057732441 0.998246074 158.674713135 -0.025359036 0.997991443 -0.058050465 -6.683149338 -0.999592662 -0.026074944 -0.011608340 -41.953582764
-0.018124754 0.054678731 0.998339415 159.417968750 -0.021529917 0.998250604 -0.055064730 -6.747929573 -0.999603927 -0.022492202 -0.016915821 -41.976772308
-0.023342077 0.054706518 0.998229563 160.107589722 -0.022218801 0.998226583 -0.055225909 -6.801994324 -0.999480605 -0.023468547 -0.022085164 -41.985164642
-0.028982986 0.056003649 0.998009801 160.843429565 -0.023725161 0.998109460 -0.056698237 -6.853717804 -0.999298275 -0.025321230 -0.027599497 -41.998344421
-0.033031639 0.058454826 0.997743428 161.572067261 -0.025322437 0.997918844 -0.059303433 -6.906731606 -0.999133408 -0.027224191 -0.031482674 -42.014564514
-0.035927340 0.060827982 0.997501493 162.312271118 -0.024879307 0.997782171 -0.061741181 -6.962145805 -0.999044657 -0.027035341 -0.034334302 -42.035758972
-0.036943775 0.062638454 0.997352362 163.025802612 -0.022525402 0.997727871 -0.063496426 -7.012091637 -0.999063492 -0.024811558 -0.035448875 -42.069393158
-0.035973556 0.061094292 0.997483552 163.759231567 -0.018878359 0.997909904 -0.061801247 -7.067378044 -0.999174416 -0.021054059 -0.034745004 -42.103195190
-0.030826449 0.057259802 0.997883260 164.485458374 -0.014423977 0.998228312 -0.057725195 -7.128466129 -0.999420702 -0.016172912 -0.029945921 -42.140380859
-0.023691036 0.056733556 0.998108208 165.228012085 -0.015155226 0.998253286 -0.057101533 -7.184708118 -0.999604464 -0.016479349 -0.022789847 -42.151630402
-0.012369988 0.057526413 0.998267293 165.934738159 -0.012527172 0.998256385 -0.057681017 -7.236474037 -0.999844968 -0.013218981 -0.011627779 -42.157085419
0.001990488 0.057513006 0.998342752 166.628295898 -0.009825183 0.998297632 -0.057490818 -7.288640022 -0.999949694 -0.009694466 0.002552174 -42.151424408
0.017772319 0.054996725 0.998328388 167.327560425 -0.011067972 0.998435736 -0.054805607 -7.336562157 -0.999780834 -0.010075449 0.018353220 -42.133441925
0.032703191 0.050778367 0.998174369 168.007461548 -0.017034447 0.998591781 -0.050241504 -7.380083084 -0.999319971 -0.015360294 0.033522122 -42.085250854
0.049053907 0.044634774 0.997798264 168.692352295 -0.018699676 0.998866916 -0.043763261 -7.418893814 -0.998621047 -0.016511746 0.049832992 -42.034461975
0.065718055 0.036710657 0.997162640 169.372482300 -0.017311420 0.999214530 -0.035645276 -7.463344574 -0.997688055 -0.014919769 0.066301942 -41.980247498
0.083290227 0.029222213 0.996096790 169.998718262 -0.016911989 0.999467432 -0.027906979 -7.495418072 -0.996381819 -0.014521595 0.083740078 -41.910686493
0.099929534 0.023131073 0.994725645 170.671051025 -0.018377816 0.999602079 -0.021398244 -7.529749870 -0.994824827 -0.016142566 0.100314870 -41.825477600
0.117892519 0.020675331 0.992811143 171.329437256 -0.019404516 0.999640286 -0.018513344 -7.561085701 -0.992836773 -0.017082432 0.118251309 -41.735145569
0.135765150 0.019418625 0.990550816 171.984008789 -0.018281206 0.999686778 -0.017092103 -7.583352089 -0.990572333 -0.015787952 0.136077613 -41.635528564
0.153157145 0.019237423 0.988014579 172.630813599 -0.019303547 0.999677956 -0.016472176 -7.602643013 -0.988013208 -0.016549358 0.153479159 -41.525505066
0.169597179 0.018190214 0.985345602 173.258651733 -0.023559591 0.999618649 -0.014398647 -7.621581078 -0.985231817 -0.020772366 0.169961035 -41.402912140
0.183719635 0.015156678 0.982861817 173.839004517 -0.026910219 0.999583900 -0.010384406 -7.640727520 -0.982610285 -0.024541205 0.184051052 -41.274810791
0.195941553 0.011231981 0.980551243 174.478546143 -0.023407143 0.999703109 -0.006773958 -7.658525467 -0.980336130 -0.021624604 0.196146265 -41.141635895
0.206639469 0.009918661 0.978366852 175.098175049 -0.021572391 0.999751687 -0.005579185 -7.676200867 -0.978179395 -0.019952832 0.206802100 -41.003967285
0.216853529 0.013682194 0.976108253 175.710021973 -0.025631659 0.999636889 -0.008317630 -7.696577072 -0.975867629 -0.023215568 0.217125446 -40.862026215
0.225655794 0.020361736 0.973994195 176.293304443 -0.030422565 0.999441206 -0.013845388 -7.724671364 -0.973731935 -0.026507115 0.226149172 -40.708820343
0.234662399 0.030104706 0.971610665 176.875137329 -0.030096741 0.999266148 -0.023692658 -7.741942406 -0.971610963 -0.023682538 0.235396206 -40.556713104
0.243785620 0.035889670 0.969164789 177.456146240 -0.024328874 0.999226868 -0.030883174 -7.760904312 -0.969523966 -0.016049815 0.244470313 -40.428913116
0.250170141 0.033963948 0.967606068 178.068679810 -0.023603313 0.999301493 -0.028973958 -7.778888226 -0.967914164 -0.015590291 0.250797063 -40.265224457
0.255834639 0.026493553 0.966357470 178.677108765 -0.026385287 0.999443352 -0.020415358 -7.799382210 -0.966360390 -0.020274663 0.256391287 -40.091209412
0.260677040 0.016062815 0.965292454 179.293502808 -0.030111449 0.999510348 -0.008500624 -7.818731308 -0.964956403 -0.026850436 0.261033088 -39.921909332
0.261915028 0.007915879 0.965058506 179.900756836 -0.030169563 0.999544740 -0.000010788 -7.843331814 -0.964619279 -0.029112564 0.262034655 -39.739051819
0.261797905 0.007752858 0.965091586 180.494491577 -0.029034209 0.999578416 -0.000153864 -7.857170582 -0.964685977 -0.027980391 0.261912644 -39.555347443
0.262946129 0.009826872 0.964760482 181.081542969 -0.025691181 0.999664903 -0.003180245 -7.868160248 -0.964468420 -0.023949604 0.263110489 -39.397792816
0.265615880 0.009053813 0.964036345 181.695480347 -0.021302382 0.999767005 -0.003520044 -7.879489899 -0.963843584 -0.019601295 0.265746802 -39.241271973
0.267531365 0.006616036 0.963526428 182.318954468 -0.022995353 0.999735475 -0.000479808 -7.886803627 -0.963274658 -0.022028271 0.267612725 -39.064804077
0.269931197 0.003022064 0.962874889 182.942550659 -0.023622846 0.999714911 0.003484710 -7.895256042 -0.962589800 -0.023686476 0.269925594 -38.879142761
0.273090482 -0.001517691 0.961987197 183.577957153 -0.023501476 0.999689698 0.008248810 -7.899066925 -0.961701214 -0.024860790 0.272970110 -38.696136475
0.277340889 -0.004436088 0.960761309 184.204528809 -0.021905705 0.999700189 0.010939355 -7.904517174 -0.960521817 -0.024080085 0.277160585 -38.510906219
0.283639431 -0.006746784 0.958907187 184.833236694 -0.019890638 0.999718785 0.012917472 -7.903736115 -0.958724737 -0.022737185 0.283425421 -38.324508667
0.290921181 -0.009550957 0.956699312 185.472885132 -0.018670347 0.999703109 0.015657710 -7.905136108 -0.956564844 -0.022417070 0.290656447 -38.118240356
0.301278591 -0.011276758 0.953469455 186.034667969 -0.016301515 0.999722958 0.016974781 -7.911541939 -0.953396797 -0.020657137 0.301011384 -37.944992065
0.312613010 -0.009071274 0.949837267 186.659240723 -0.017626228 0.999726832 0.015348930 -7.912007809 -0.949716985 -0.021540323 0.312367737 -37.732414246
0.323542446 -0.005550399 0.946197391 187.281158447 -0.019063989 0.999741495 0.012383226 -7.915335655 -0.946021616 -0.022044791 0.323352993 -37.496952057
0.335374326 -0.002703026 0.942081034 187.906707764 -0.019871099 0.999752998 0.009942478 -7.917885303 -0.941875279 -0.022054641 0.335237801 -37.265983582
0.345960975 -0.001920151 0.938246906 188.535644531 -0.019965522 0.999756396 0.009407947 -7.916507244 -0.938036442 -0.021987373 0.345838308 -37.015209198
0.358364344 -0.005195042 0.933567405 189.173294067 -0.018260693 0.999754190 0.012573007 -7.915521145 -0.933403254 -0.021553308 0.358181417 -36.780185699
