1.000000000 0.000000000 0.000000000 0.000000000 0.000000000 1.000000000 0.000000000 0.000000000 0.000000000 0.000000000 1.000000000 0.000000000
0.999997437 -0.001802042 -0.001364596 -0.002603965 0.001800740 0.999997914 -0.000954777 -0.008736395 0.001366314 0.000952317 0.999998629 0.564136088
0.999993920 -0.002141243 -0.002739894 -0.003160782 0.002134315 0.999994516 -0.002529121 -0.019178458 0.002745294 0.002523259 0.999993026 1.113120675
0.999984801 -0.002618555 -0.004841547 -0.003712197 0.002600475 0.999989629 -0.003736626 -0.033255074 0.004851282 0.003723979 0.999981284 1.671071410
0.999967277 -0.004497058 -0.006713592 -0.007617517 0.004458659 0.999973655 -0.005723633 -0.040335089 0.006739154 0.005693513 0.999961078 2.228513956
0.999941289 -0.006958488 -0.008309484 -0.015688647 0.006895238 0.999947250 -0.007616366 -0.053446170 0.008362045 0.007558622 0.999936402 2.789111376
0.999922335 -0.008104184 -0.009471744 -0.026085868 0.008024996 0.999932766 -0.008368774 -0.063761070 0.009538930 0.008292113 0.999920130 3.359171391
0.999902606 -0.008407670 -0.011136876 -0.031040572 0.008322776 0.999936104 -0.007647324 -0.078440875 0.011200462 0.007553890 0.999908686 3.941717386
0.999881446 -0.008964551 -0.012519303 -0.036524724 0.008865382 0.999929011 -0.007954407 -0.095208079 0.012589725 0.007842474 0.999889970 4.520657539
0.999877334 -0.008195674 -0.013342873 -0.052764431 0.008053573 0.999910653 -0.010669130 -0.111121118 0.013429123 0.010560364 0.999854028 5.116781712
0.999871969 -0.006631407 -0.014560690 -0.068772741 0.006422888 0.999876797 -0.014321055 -0.129513681 0.014653867 0.014225701 0.999791384 5.720407009
0.999852300 -0.005173256 -0.016384901 -0.072686538 0.004871459 0.999818742 -0.018405862 -0.138007298 0.016477153 0.018323325 0.999696255 6.316421032
0.999839485 -0.003319700 -0.017603260 -0.087033428 0.002994654 0.999825180 -0.018459423 -0.150172710 0.017661460 0.018403744 0.999674618 6.946954727
0.999827385 -0.000716856 -0.018561428 -0.111413680 0.000499119 0.999930978 -0.011732567 -0.159799680 0.018568560 0.011721278 0.999758840 7.593395710
0.999812663 -0.000224120 -0.019354027 -0.123657778 0.000203658 0.999999404 -0.001059242 -0.174801052 0.019354250 0.001055105 0.999812126 8.260961533
0.999793231 0.000900515 -0.020315442 -0.143723145 -0.000788156 0.999984324 0.005538057 -0.187132567 0.020320112 -0.005520900 0.999778211 8.922150612
0.999764264 0.003273032 -0.021464854 -0.165778428 -0.003173266 0.999983966 0.004680287 -0.204310089 0.021479826 -0.004611070 0.999758661 9.605390549
0.999743402 0.004967161 -0.022102950 -0.188372761 -0.005023786 0.999984205 -0.002507069 -0.210040018 0.022090150 0.002617466 0.999752522 10.302606583
0.999709487 0.004869903 -0.023604674 -0.203445986 -0.005071793 0.999951005 -0.008500678 -0.210284889 0.023562120 0.008617927 0.999685228 10.994107246
0.999695182 0.002744236 -0.024534380 -0.225166067 -0.002913655 0.999972165 -0.006872342 -0.212960929 0.024514837 0.006941732 0.999675393 11.739042282
0.999689579 0.002035889 -0.024831001 -0.246160582 -0.001975441 0.999995053 0.002458682 -0.223868966 0.024835883 -0.002408867 0.999688625 12.501141548
0.999685049 0.001148768 -0.025067724 -0.271751106 -0.000898574 0.999949694 0.009989688 -0.229224414 0.025077941 -0.009964019 0.999635816 13.280678749
0.999672353 0.000911537 -0.025578219 -0.297405481 -0.000596618 0.999923944 0.012316912 -0.234208122 0.025587507 -0.012297617 0.999596894 14.061546326
0.999666989 -0.001050616 -0.025785394 -0.318203598 0.001336950 0.999937594 0.011089775 -0.231751263 0.025772139 -0.011120555 0.999606013 14.870071411
0.999678075 -0.001464951 -0.025328925 -0.342197776 0.001686628 0.999960423 0.008732785 -0.229966536 0.025315130 -0.008772692 0.999641061 15.695687294
0.999688804 0.001294438 -0.024913387 -0.367090851 -0.001166236 0.999985993 0.005159751 -0.228786916 0.024919720 -0.005129089 0.999676287 16.543451309
0.999710083 -0.002332151 -0.023965472 -0.384999812 0.002321206 0.999997139 -0.000484531 -0.233731523 0.023966538 0.000428761 0.999712586 17.371280670
0.999717593 -0.005266886 -0.023169180 -0.403128058 0.005113380 0.999964595 -0.006679678 -0.244223535 0.023203544 0.006559319 0.999709189 18.246816635
0.999751687 -0.004189004 -0.021884995 -0.430285424 0.003919993 0.999916434 -0.012320489 -0.253686398 0.021934776 0.012231641 0.999684572 19.131256104
0.999762416 -0.002882177 -0.021603065 -0.459380418 0.002597247 0.999909401 -0.013205785 -0.267638177 0.021639172 0.013146539 0.999679387 20.047187805
0.999734044 -0.002652896 -0.022907719 -0.464380115 0.002369538 0.999920487 -0.012387833 -0.297026217 0.022938758 0.012330256 0.999660790 20.966032028
0.999741614 -0.001038191 -0.022703756 -0.495083153 0.000721390 0.999902427 -0.013957369 -0.316914558 0.022716025 0.013937385 0.999644816 21.913927078
0.999743283 0.001984650 -0.022568574 -0.526058137 -0.002347955 0.999867916 -0.016082693 -0.339907378 0.022533674 0.016131554 0.999615908 22.868789673
0.999729276 0.005337425 -0.022647990 -0.557847977 -0.005718490 0.999842644 -0.016794251 -0.362591594 0.022554787 0.016919214 0.999602437 23.834327698
0.999710381 0.007388738 -0.022901302 -0.584289134 -0.007768721 0.999832869 -0.016547849 -0.394264996 0.022775210 0.016720971 0.999600768 24.798498154
0.999705374 0.007876368 -0.022958521 -0.614764929 -0.008266866 0.999821901 -0.016963834 -0.417392641 0.022820819 0.017148633 0.999592423 25.788972855
0.999697983 0.008110587 -0.023194475 -0.638886869 -0.008500067 0.999823630 -0.016742939 -0.447564632 0.023054589 0.016935039 0.999590755 26.780508041
0.999684036 0.008705838 -0.023576781 -0.666169345 -0.009075625 0.999836743 -0.015623052 -0.477336168 0.023436921 0.015832089 0.999599934 27.773954391
0.999667943 0.009318046 -0.024025684 -0.688133717 -0.009645366 0.999861717 -0.013544012 -0.506253004 0.023896161 0.013771249 0.999619544 28.776895523
0.999654770 0.010351389 -0.024148604 -0.731325686 -0.010649038 0.999868512 -0.012229950 -0.536773801 0.024018833 0.012482887 0.999633491 29.783056259
0.999654770 0.010330418 -0.024157541 -0.763130486 -0.010659226 0.999851763 -0.013522086 -0.560511529 0.024014274 0.013774918 0.999616683 30.816022873
0.999641657 0.011547227 -0.024148487 -0.796806633 -0.011894152 0.999827385 -0.014272398 -0.589139521 0.023979515 0.014554510 0.999606431 31.839523315
0.999645591 0.010864919 -0.024301939 -0.825601041 -0.011195182 0.999846339 -0.013495495 -0.617320955 0.024151580 0.013762778 0.999613464 32.880382538
0.999637485 0.010078038 -0.024964163 -0.854001045 -0.010358693 0.999884367 -0.011138634 -0.638713419 0.024849018 0.011393193 0.999626219 33.928607941
0.999605834 0.010121821 -0.026187375 -0.879316270 -0.010300879 0.999924362 -0.006711685 -0.681239843 0.026117465 0.006978793 0.999634445 34.992057800
0.999592602 0.010441729 -0.026563898 -0.913161695 -0.010567117 0.999933660 -0.004584228 -0.701068759 0.026514271 0.004863066 0.999636531 36.059680939
0.999584854 0.010008172 -0.027019516 -0.946873188 -0.010114613 0.999941528 -0.003805529 -0.726569593 0.026979860 0.004077242 0.999627650 37.133052826
0.999579787 0.010147362 -0.027152261 -0.989437819 -0.010301926 0.999931455 -0.005558688 -0.745219886 0.027093993 0.005836073 0.999615788 38.207721710
0.999544501 0.009712339 -0.028574200 -1.010122776 -0.009885212 0.999933541 -0.005914933 -0.765125155 0.028514858 0.006194701 0.999574125 39.278671265
0.999536693 0.010075105 -0.028721631 -1.056319356 -0.010214400 0.999936759 -0.004707200 -0.785920858 0.028672390 0.004998393 0.999576330 40.339817047
0.999511063 0.010365598 -0.029499795 -1.093804121 -0.010456613 0.999940991 -0.002932739 -0.804121733 0.029467655 0.003239774 0.999560475 41.431423187
0.999496758 0.010332430 -0.029990517 -1.132614613 -0.010345699 0.999946475 -0.000287358 -0.826589644 0.029985944 0.000597487 0.999550104 42.513938904
0.999452829 0.012063705 -0.030795688 -1.164506435 -0.012088098 0.999926805 -0.000606001 -0.847138286 0.030786121 0.000977932 0.999525487 43.601757050
0.999419391 0.012299669 -0.031773981 -1.190139771 -0.012425555 0.999915719 -0.003767437 -0.878555059 0.031724963 0.004160060 0.999487996 44.674163818
0.999412119 0.013837502 -0.031369068 -1.242112517 -0.014103249 0.999866366 -0.008266231 -0.895087421 0.031250492 0.008703777 0.999473691 45.754299164
0.999420524 0.013657437 -0.031175893 -1.280091763 -0.013923756 0.999868214 -0.008341414 -0.925788879 0.031057864 0.008770664 0.999479234 46.838668823
0.999409497 0.014315256 -0.031236356 -1.318071008 -0.014504477 0.999877691 -0.005839560 -0.947769761 0.031148942 0.006289178 0.999495089 47.928264618
0.999419451 0.014552166 -0.030803384 -1.357383013 -0.014661066 0.999886990 -0.003312385 -0.976286829 0.030751701 0.003762072 0.999520004 49.016178131
0.999432743 0.013437476 -0.030879235 -1.394227028 -0.013511855 0.999906301 -0.002201349 -0.999132156 0.030846762 0.002617335 0.999520719 50.103263855
0.999441624 0.013153508 -0.030714674 -1.428538799 -0.013243861 0.999908566 -0.002740085 -1.029513359 0.030675827 0.003145335 0.999524415 51.188899994
0.999468863 0.012761008 -0.029986024 -1.473313808 -0.012920505 0.999903321 -0.005131286 -1.040829539 0.029917644 0.005515993 0.999537170 52.277301788
0.999478459 0.010866242 -0.030414218 -1.484582186 -0.011092233 0.999912024 -0.007271683 -1.061966896 0.030332532 0.007605250 0.999510944 53.335754395
0.999496639 0.010038745 -0.030099662 -1.525592089 -0.010339087 0.999898076 -0.009839261 -1.087943792 0.029997824 0.010145510 0.999498487 54.421161652
0.999514937 0.008523933 -0.029953675 -1.560897112 -0.008916586 0.999875724 -0.012999739 -1.121308565 0.029839147 0.013260519 0.999466777 55.507766724
0.999525189 0.007086600 -0.029987855 -1.591296196 -0.007533762 0.999861658 -0.014824782 -1.153358221 0.029878654 0.015043661 0.999440253 56.589622498
0.999542773 0.006004209 -0.029636100 -1.631414533 -0.006374991 0.999902368 -0.012432573 -1.185317159 0.029558565 0.012615819 0.999483407 57.683547974
0.999556363 0.004083029 -0.029503016 -1.663869500 -0.004277772 0.999969423 -0.006540678 -1.211797714 0.029475411 0.006663983 0.999543309 58.773136139
0.999576151 0.004311174 -0.028788701 -1.709591627 -0.004336016 0.999990404 -0.000800551 -1.233606577 0.028784972 0.000925041 0.999585211 59.905902863
0.999589086 0.002630665 -0.028544106 -1.743720651 -0.002637356 0.999996603 -0.000196783 -1.254742384 0.028543491 0.000271983 0.999592543 60.999076843
0.999591112 -0.000757280 -0.028581725 -1.773266554 0.000674030 0.999995530 -0.002922266 -1.276950955 0.028583808 0.002901806 0.999587238 62.086177826
0.999583602 -0.002583165 -0.028737064 -1.802507758 0.002404421 0.999977648 -0.006252831 -1.298748493 0.028752569 0.006181132 0.999567389 63.176692963
0.999598026 0.000613082 -0.028342837 -1.850153446 -0.000896205 0.999949932 -0.009977654 -1.331951976 0.028335301 0.009999046 0.999548495 64.280807495
0.999588370 -0.000636335 -0.028680800 -1.869091511 0.000228765 0.999899030 -0.014211599 -1.358801007 0.028686948 0.014199188 0.999487579 65.331924438
0.999601185 0.000997272 -0.028222058 -1.896059752 -0.001422539 0.999885678 -0.015052570 -1.380139351 0.028203813 0.015086714 0.999488354 66.402099609
0.999608934 0.004908609 -0.027530570 -1.937476993 -0.005227589 0.999919891 -0.011526429 -1.408515692 0.027471785 0.011665841 0.999554455 67.504737854
0.999606192 0.006260022 -0.027354140 -1.975491047 -0.006523550 0.999933064 -0.009555329 -1.436780453 0.027292488 0.009730011 0.999580145 68.606979370
0.999607682 0.005879233 -0.027384169 -2.006491423 -0.006114077 0.999945223 -0.008500075 -1.468820333 0.027332695 0.008664170 0.999588847 69.704216003
0.999621034 0.003938010 -0.027245486 -2.041230202 -0.004156614 0.999959588 -0.007971556 -1.493333101 0.027212990 0.008081784 0.999596953 70.792617798
0.999603391 0.002807855 -0.028019696 -2.061998844 -0.002978689 0.999977231 -0.006057048 -1.533779025 0.028002046 0.006138108 0.999589026 71.883270264
0.999607742 0.000677030 -0.027997339 -2.111169577 -0.000805009 0.999989271 -0.004560089 -1.546163082 0.027993947 0.004580837 0.999597609 73.029373169
0.999607921 0.001204844 -0.027972488 -2.147791147 -0.001272107 0.999996364 -0.002386982 -1.585946679 0.027969509 0.002421626 0.999605894 74.090560913
0.999586880 0.001597948 -0.028697154 -2.194503546 -0.001704913 0.999991715 -0.003703296 -1.610888124 0.028690994 0.003750691 0.999581277 75.223892212
0.999567091 0.001671679 -0.029375577 -2.229259729 -0.001897725 0.999968827 -0.007668868 -1.633237362 0.029361840 0.007721295 0.999539018 76.310340881
0.999547720 0.002426684 -0.029976249 -2.266737223 -0.002727660 0.999946296 -0.010003686 -1.656417608 0.029950360 0.010080925 0.999500513 77.392028809
0.999518454 0.003983874 -0.030773226 -2.302492857 -0.004234078 0.999958515 -0.008069713 -1.686148405 0.030739794 0.008196123 0.999493778 78.470031738
0.999501884 0.005909457 -0.031000290 -2.351792097 -0.006020937 0.999975801 -0.003503953 -1.716722488 0.030978831 0.003688859 0.999513209 79.545021057
0.999496579 0.006999617 -0.030942537 -2.409934759 -0.006992654 0.999975562 0.000333223 -1.738137245 0.030944113 -0.000116685 0.999521017 80.620262146
0.999464214 0.007666257 -0.031819798 -2.437746048 -0.007645459 0.999970496 0.000775222 -1.758073688 0.031824797 -0.000531530 0.999493241 81.701438904
0.999455631 0.007176775 -0.032202106 -2.489394188 -0.007218190 0.999973297 -0.001170017 -1.785853505 0.032192845 0.001401821 0.999480665 82.755180359
0.999424398 0.008462979 -0.032854129 -2.521866083 -0.008551784 0.999960184 -0.002563401 -1.792203665 0.032831125 0.002842887 0.999456763 83.835868835
0.999369562 0.006824453 -0.034840982 -2.525236607 -0.006901222 0.999974012 -0.002083584 -1.834316492 0.034825861 0.002322716 0.999390662 84.853302002
0.999347329 0.005404340 -0.035717066 -2.563314915 -0.005479240 0.999983072 -0.001999486 -1.852812290 0.035705652 0.002193883 0.999359906 85.890205383
0.999331951 0.004626409 -0.036252912 -2.606949091 -0.004648034 0.999989092 -0.000512197 -1.875591159 0.036250152 0.000680359 0.999342561 86.910957336
0.999327183 0.005051989 -0.036328040 -2.657427549 -0.004962713 0.999984443 0.002547261 -1.905573606 0.036340348 -0.002365261 0.999336660 87.913703918
0.999295533 0.003713458 -0.037341006 -2.694697857 -0.003592594 0.999988139 0.003303319 -1.925997138 0.037352823 -0.003166841 0.999297142 88.900199890
0.999214470 0.002542231 -0.039545499 -2.731463909 -0.002411990 0.999991536 0.003340795 -1.933607936 0.039553653 -0.003242788 0.999212205 89.841865540
0.999075055 0.002384757 -0.042932793 -2.767708778 -0.002262889 0.999993265 0.002886952 -1.960512161 0.042939387 -0.002787130 0.999073684 90.776718140
0.998932958 0.002319263 -0.046125129 -2.819899797 -0.002248329 0.999996305 0.001589656 -1.972898364 0.046128634 -0.001484255 0.998934448 91.701194763
0.998736501 0.002232882 -0.050202210 -2.849043369 -0.002126600 0.999995410 0.002170383 -1.997460723 0.050206821 -0.002060880 0.998736739 92.612358093
0.998680592 0.002690070 -0.051282108 -2.945719481 -0.002534142 0.999992013 0.003105369 -2.016334295 0.051290058 -0.002971316 0.998679340 93.461677551
0.998447835 0.001533622 -0.055673685 -2.946559906 -0.001314227 0.999991179 0.003977113 -2.025888443 0.055679291 -0.003897773 0.998441041 94.260124207
0.998275220 0.002676534 -0.058646046 -3.001012802 -0.002371944 0.999983370 0.005262669 -2.037830830 0.058659155 -0.005114486 0.998264909 95.080841064
0.998108208 0.003761028 -0.061366301 -3.055818081 -0.003391135 0.999975443 0.006130666 -2.054213524 0.061387852 -0.005910967 0.998096466 95.871650696
0.997942924 0.005794220 -0.063846454 -3.110502958 -0.005384076 0.999963760 0.006594095 -2.067978382 0.063882343 -0.006236776 0.997937918 96.636421204
0.997740269 0.007634768 -0.066752620 -3.163349628 -0.007287215 0.999958575 0.005448508 -2.085833073 0.066791445 -0.004949756 0.997754753 97.381118774
0.997550845 0.008791783 -0.069390215 -3.217930794 -0.008656152 0.999959946 0.002255063 -2.111652851 0.069407254 -0.001648887 0.997587144 98.077056885
0.997322202 0.011412333 -0.072236814 -3.272407293 -0.011542632 0.999932468 -0.001386580 -2.121930361 0.072216101 0.002216670 0.997386575 98.756790161
0.997175515 0.013786631 -0.073830023 -3.345442295 -0.014144707 0.999890506 -0.004329308 -2.135520220 0.073762260 0.005361386 0.997261405 99.376136780
0.997060061 0.015413709 -0.075059801 -3.383357525 -0.015865732 0.999859393 -0.005429607 -2.149333715 0.074965566 0.006604522 0.997164369 100.000068665
0.997113883 0.018302217 -0.073681444 -3.437490225 -0.018659562 0.999817193 -0.004164367 -2.177908659 0.073591754 0.005527212 0.997273147 100.565368652
0.997265100 0.021938244 -0.070578024 -3.488783360 -0.022182038 0.999750435 -0.002672267 -2.196774960 0.070501782 0.004230522 0.997502625 101.131912231
0.997556031 0.024641758 -0.065382093 -3.531332731 -0.024829542 0.999689579 -0.002060984 -2.188939333 0.065311015 0.003679355 0.997858226 101.665603638
0.997967660 0.025730854 -0.058297228 -3.553218126 -0.025752909 0.999668241 0.000373038 -2.216733456 0.058287498 0.001129044 0.998299181 102.158218384
0.998490155 0.025291907 -0.048762321 -3.559606552 -0.025159374 0.999677896 0.003329938 -2.236737490 0.048830830 -0.002098080 0.998804927 102.714088440
0.998963535 0.024003269 -0.038673460 -3.543251753 -0.023878805 0.999708116 0.003677100 -2.225984573 0.038750432 -0.002749813 0.999245167 103.212501526
0.999436498 0.022730330 -0.024697050 -3.556021929 -0.022616902 0.999732316 0.004862423 -2.270698547 0.024800962 -0.004301113 0.999683201 103.689834595
0.999651551 0.024434855 -0.009986270 -3.545089722 -0.024398934 0.999695420 0.003703243 -2.281527758 0.010073714 -0.003458297 0.999943316 104.080818176
0.999752581 0.021242198 0.006600197 -3.486107349 -0.021253476 0.999772847 0.001644184 -2.302754879 -0.006563779 -0.001784054 0.999976933 104.521186829
0.999380767 0.020655531 0.028485278 -3.500138998 -0.020538492 0.999779403 -0.004395368 -2.286509514 -0.028569782 0.003807602 0.999584556 104.852973938
0.998412013 0.018607887 0.053169336 -3.462418079 -0.018158056 0.999795258 -0.008930868 -2.298321009 -0.053324632 0.007951235 0.998545527 105.262763977
0.996653438 0.016170859 0.080128223 -3.403849602 -0.015269121 0.999813080 -0.011853719 -2.305473804 -0.080304936 0.010590561 0.996714115 105.660781860
0.993880093 0.013772925 0.109601840 -3.330214500 -0.012381865 0.999834061 -0.013362451 -2.312534332 -0.109767698 0.011923600 0.993885756 106.049652100
0.989656448 0.011382394 0.143005356 -3.260580063 -0.009377157 0.999848187 -0.014688266 -2.331645966 -0.143150821 0.013195354 0.989612877 106.432937622
0.983877838 0.008665685 0.178631753 -3.164699554 -0.005957297 0.999859095 -0.015692683 -2.349465370 -0.178742588 0.014375520 0.983790815 106.794593811
0.976213753 0.005021538 0.216751814 -3.047136307 -0.001529079 0.999866426 -0.016277388 -2.362670422 -0.216804594 0.015558779 0.976091027 107.151420593
0.966333926 0.003906367 0.257261604 -2.936164856 0.000596235 0.999848068 -0.017421700 -2.368665695 -0.257290572 0.016988568 0.966184735 107.485023499
0.954157412 0.003800127 0.299281180 -2.803205490 0.001532113 0.999844372 -0.017580159 -2.398144007 -0.299301416 0.017232772 0.954002976 107.832321167
0.939660966 0.006497443 0.342045128 -2.652488708 -0.000244342 0.999832273 -0.018321414 -2.404568195 -0.342106730 0.017132342 0.939504921 108.122146606
0.922010303 0.005789681 0.387122124 -2.498527527 0.000479034 0.999870420 -0.016094673 -2.427572250 -0.387165099 0.015024900 0.921887994 108.428764343
0.901665390 0.005819297 0.432395130 -2.320457458 0.000631316 0.999890685 -0.014773278 -2.436908245 -0.432433844 0.013593529 0.901563168 108.743316650
0.877623975 0.004952867 0.479324073 -2.162273407 0.003000122 0.999870300 -0.015824787 -2.442684174 -0.479340255 0.015326243 0.877495348 109.015960693
0.852167249 0.005862436 0.523236752 -1.932888031 0.004163012 0.999829650 -0.017982341 -2.455636263 -0.523252964 0.017502202 0.851997674 109.355735779
0.824268401 0.006005159 0.566167295 -1.729404449 0.006007050 0.999794781 -0.019350022 -2.487814903 -0.566167355 0.019350611 0.824063182 109.593460083
0.793666422 0.012190106 0.608231008 -1.479907990 0.003506753 0.999690950 -0.024611585 -2.492910862 -0.608343065 0.021666305 0.793378413 109.884658813
0.758772373 0.016875196 0.651137173 -1.234344482 0.001297657 0.999623239 -0.027418900 -2.510085106 -0.651354551 0.021649657 0.758464634 110.160789490
0.724002004 0.021508306 0.689462543 -0.927623749 -0.001713298 0.999566734 -0.029383115 -2.526701450 -0.689795852 0.020092178 0.723725140 110.396026611
0.685251534 0.023172287 0.727937758 -0.632911682 0.000324835 0.999483883 -0.032122143 -2.523317575 -0.728306413 0.022248207 0.684890330 110.635536194
0.643896043 0.020761102 0.764831245 -0.318275452 0.004593769 0.999508858 -0.030998748 -2.531042576 -0.765099287 0.023473430 0.643484354 110.851547241
0.599215627 0.018640846 0.800370574 0.006286621 0.006339666 0.999587119 -0.028026985 -2.538418770 -0.800562561 0.021868289 0.598849952 111.058166504
0.553353727 0.017005324 0.832772791 0.348850250 0.007553141 0.999647915 -0.025431788 -2.548089027 -0.832912147 0.020362824 0.553030431 111.239952087
0.505140424 0.014355144 0.862917781 0.690876007 0.008603627 0.999728084 -0.021667514 -2.565578461 -0.862994313 0.018369360 0.504879594 111.397171021
0.453966200 0.010875152 0.890952468 1.052639008 0.010307339 0.999794483 -0.017455589 -2.579945564 -0.890959322 0.017107595 0.453760803 111.550422668
0.403517306 0.010435020 0.914912462 1.370838165 0.007467587 0.999863982 -0.014697476 -2.610524893 -0.914941549 0.012762873 0.403384566 111.636566162
0.352985322 0.015560507 0.935499430 1.731449127 0.002487972 0.999842465 -0.017569520 -2.627702475 -0.935625672 0.008529276 0.352890998 111.735893250
0.302695274 0.020084690 0.952875733 2.100013733 0.002018647 0.999762118 -0.021714218 -2.644164085 -0.953085303 0.008496307 0.302582622 111.823753357
0.256248981 0.022279136 0.966353893 2.495876312 0.002576031 0.999715030 -0.023731356 -2.663757086 -0.966607332 0.008570491 0.256118536 111.894882202
0.215556800 0.021907765 0.976245522 2.914417267 0.012355870 0.999606967 -0.025160214 -2.654850960 -0.976413131 0.017485814 0.215201259 111.941780090
0.179734737 0.022336772 0.983461499 3.346319199 0.017986173 0.999500394 -0.025988154 -2.667185783 -0.983550668 0.022359682 0.179243118 111.996955872
0.149673194 0.023197871 0.988463283 3.802131653 0.021775626 0.999404848 -0.026751921 -2.690370083 -0.988495708 0.025528450 0.149078965 112.035125732
0.121374875 0.021290790 0.992378354 4.326043129 0.021650683 0.999475181 -0.024091082 -2.695069790 -0.992370605 0.024409719 0.120850205 112.102661133
0.096127063 0.018176626 0.995203078 4.796033859 0.015421884 0.999686003 -0.019748110 -2.707372427 -0.995249629 0.017246237 0.095816463 112.133613586
0.071310997 0.014391472 0.997350216 5.279664516 0.007535817 0.999859571 -0.014966491 -2.737064123 -0.997425616 0.008583128 0.071192414 112.168594360
0.049512893 0.011851348 0.998703122 5.833755970 0.012892987 0.999838591 -0.012504018 -2.736485481 -0.998690248 0.013495373 0.049351960 112.179870605
0.028865874 0.012127554 0.999509692 6.255478382 0.018895309 0.999741077 -0.012676057 -2.778978586 -0.999404669 0.019251954 0.028629154 112.141853333
0.011530342 0.014271643 0.999831676 6.724568367 0.023956235 0.999607205 -0.014544707 -2.801540375 -0.999646485 0.024119908 0.011183918 112.108375549
-0.002760196 0.019524932 0.999805570 7.302035809 0.024524149 0.999509990 -0.019451454 -2.809779882 -0.999695420 0.024465686 -0.003237675 112.098335266
-0.013897901 0.024475355 0.999603868 7.905882359 0.021860890 0.999468803 -0.024168111 -2.817003250 -0.999664426 0.021516340 -0.014425570 112.097503662
-0.020549525 0.024445500 0.999489963 8.551691055 0.024165291 0.999421060 -0.023946980 -2.825765133 -0.999496698 0.023660865 -0.021128360 112.089317322
-0.023042768 0.020816879 0.999517739 9.173135757 0.030806772 0.999323130 -0.020102609 -2.855253458 -0.999259651 0.030328697 -0.023668472 112.057067871
-0.022486761 0.019294299 0.999560952 9.849104881 0.031858873 0.999319792 -0.018572927 -2.869938850 -0.999239326 0.031427242 -0.023086162 112.040275574
-0.020412719 0.019121312 0.999608755 10.531754494 0.030447802 0.999365270 -0.018494889 -2.884120226 -0.999327838 0.030058358 -0.020981962 112.029914856
-0.019154083 0.019182075 0.999632537 11.233221054 0.026289247 0.999479949 -0.018675413 -2.910117626 -0.999470830 0.025921874 -0.019648403 112.029113770
-0.018247174 0.020573383 0.999621809 11.957528114 0.026958331 0.999434888 -0.020077435 -2.921900749 -0.999469995 0.026581779 -0.018791486 112.026679993
-0.017920319 0.021155506 0.999615550 12.649265289 0.026144784 0.999444127 -0.020683175 -2.946644783 -0.999497533 0.025764078 -0.018463464 112.032379150
-0.017279435 0.021038026 0.999629319 13.366101265 0.024595849 0.999484956 -0.020609828 -2.965629816 -0.999548078 0.024230607 -0.017787982 112.027931213
-0.016440585 0.019582728 0.999673009 14.150098801 0.024033928 0.999526978 -0.019184608 -2.992290258 -0.999575913 0.023710664 -0.016903460 112.012710571
-0.015454453 0.018422285 0.999710858 14.916246414 0.024393328 0.999539614 -0.018042034 -3.013201237 -0.999582827 0.024107443 -0.015896717 111.997344971
-0.015701635 0.015562159 0.999755621 15.689396858 0.026659569 0.999529898 -0.015139944 -3.047353745 -0.999521255 0.026415329 -0.016109131 111.975387573
-0.017297268 0.014196738 0.999749601 16.464452744 0.022271125 0.999656558 -0.013810091 -3.065005779 -0.999602258 0.022026667 -0.017607505 111.991477966
-0.016379431 0.014160645 0.999765635 17.304298401 0.022291575 0.999656320 -0.013793889 -3.059151649 -0.999617219 0.022060411 -0.016689468 111.918365479
-0.018833965 0.010216338 0.999770463 18.091407776 0.021579683 0.999718964 -0.009809291 -3.116562843 -0.999589682 0.021389982 -0.019049136 111.941177368
-0.018872041 0.009157783 0.999779999 18.932439804 0.025388423 0.999639988 -0.008677266 -3.125474930 -0.999499500 0.025219077 -0.019097747 111.892890930
-0.021026280 0.007968501 0.999747157 19.735046387 0.021889249 0.999732316 -0.007508015 -3.148079395 -0.999539196 0.021725850 -0.021195076 111.875625610
-0.021785360 0.013023676 0.999677896 20.560997009 0.019158578 0.999737024 -0.012606937 -3.162065744 -0.999579132 0.018877760 -0.022029148 111.863403320
-0.023193507 0.017571382 0.999576569 21.397594452 0.020612275 0.999641478 -0.017094247 -3.183963060 -0.999518454 0.020207068 -0.023547377 111.853981018
-0.023853779 0.019006990 0.999534726 22.237304688 0.021316305 0.999601603 -0.018499549 -3.207036734 -0.999488175 0.020865105 -0.024249436 111.828292847
-0.026028689 0.017156381 0.999513984 23.100618362 0.017365891 0.999709547 -0.016707508 -3.231394768 -0.999510348 0.016922578 -0.026319068 111.828903198
-0.026483200 0.012886221 0.999566138 23.942348480 0.014926919 0.999810576 -0.012493886 -3.257517338 -0.999537766 0.014589567 -0.026670536 111.804779053
-0.027104933 0.007046371 0.999607801 24.799213409 0.013473298 0.999886870 -0.006683004 -3.289414406 -0.999541700 0.013286873 -0.027196810 111.788795471
-0.027498515 0.001956735 0.999619961 25.647994995 0.009936658 0.999949217 -0.001684033 -3.298820734 -0.999572456 0.009886575 -0.027516562 111.775245667
-0.026932210 0.000124423 0.999637246 26.500226974 0.007285714 0.999973416 0.000071825 -3.327224016 -0.999610662 0.007285004 -0.026932403 111.753959656
-0.026617439 0.007169566 0.999620020 27.318037033 0.009403755 0.999931753 -0.006921405 -3.342454433 -0.999601424 0.009215956 -0.026683044 111.739006042
-0.024673609 0.018402591 0.999526203 28.132295609 0.013579119 0.999744475 -0.018071407 -3.360986948 -0.999603271 0.013126801 -0.024917196 111.711936951
-0.023771245 0.024449019 0.999418557 28.843530655 0.017274668 0.999561667 -0.024041643 -3.365561962 -0.999568164 0.016693121 -0.024183178 111.691017151
-0.022779290 0.019052254 0.999558926 29.690055847 0.018666577 0.999652207 -0.018628633 -3.392566204 -0.999566317 0.018233996 -0.023127005 111.675338745
-0.021641847 0.011265084 0.999702394 30.533292770 0.021805875 0.999704063 -0.010793043 -3.421304941 -0.999527991 0.021565804 -0.021881087 111.655143738
-0.021075435 0.008194009 0.999744356 31.373367310 0.023053365 0.999704480 -0.007707700 -3.446639776 -0.999512076 0.022885028 -0.021258108 111.637634277
-0.021248279 0.008748703 0.999735951 32.184226990 0.022040177 0.999722719 -0.008280149 -3.472047091 -0.999531209 0.021858416 -0.021435212 111.618080139
-0.023076689 0.009574686 0.999687910 33.007823944 0.019889783 0.999760628 -0.009116252 -3.494343042 -0.999535799 0.019673202 -0.023261601 111.623168945
-0.025077960 0.009583602 0.999639630 33.837554932 0.016941052 0.999814451 -0.009160281 -3.522343636 -0.999541938 0.016705222 -0.025235664 111.607734680
-0.026370412 0.010344565 0.999598742 34.636478424 0.017192887 0.999803245 -0.009893117 -3.523879290 -0.999504328 0.016925102 -0.026543077 111.582290649
-0.028914580 0.009969368 0.999532223 35.430625916 0.014906793 0.999843419 -0.009541244 -3.568870306 -0.999470770 0.014623938 -0.029058667 111.569511414
-0.031742353 0.010377919 0.999442220 36.274353027 0.013651202 0.999857366 -0.009948663 -3.585587740 -0.999402881 0.013327793 -0.031879496 111.565750122
-0.033148170 0.008888613 0.999410927 37.130672455 0.009811948 0.999915183 -0.008567660 -3.616943121 -0.999402225 0.009522164 -0.033232573 111.542678833
-0.035750631 0.007769295 0.999330521 37.937705994 0.010422843 0.999918401 -0.007400992 -3.638021231 -0.999306321 0.010151273 -0.035828687 111.524673462
-0.037617784 0.007938450 0.999260664 38.723583221 0.010120539 0.999920249 -0.007562695 -3.659487247 -0.999240935 0.009828565 -0.037695117 111.500541687
-0.039328530 0.008817340 0.999187350 39.502285004 0.009849529 0.999915898 -0.008436086 -3.681005001 -0.999177754 0.009509745 -0.039412070 111.469833374
-0.040224597 0.008996534 0.999150157 40.266597748 0.010606938 0.999907017 -0.008576325 -3.704240084 -0.999134362 0.010252944 -0.040316276 111.439338684
-0.041250251 0.007908639 0.999117553 41.055721283 0.012749257 0.999891460 -0.007388392 -3.721891880 -0.999067485 0.012433234 -0.041346602 111.404884338
-0.042123236 0.007394223 0.999085009 41.810825348 0.012680412 0.999896049 -0.006865595 -3.742889881 -0.999031901 0.012379608 -0.042212613 111.365051270
-0.044186711 0.007060671 0.998998404 42.583801270 0.011125122 0.999916553 -0.006575086 -3.759953022 -0.998961329 0.010823444 -0.044261564 111.357292175
-0.045562018 0.006141417 0.998942614 43.320037842 0.009998098 0.999933898 -0.005691494 -3.780840874 -0.998911440 0.009728210 -0.045620404 111.328041077
-0.046888739 0.004724659 0.998888850 44.050331116 0.009120549 0.999949157 -0.004301547 -3.799183369 -0.998858511 0.008908718 -0.046929438 111.306526184
-0.047473937 0.004230853 0.998863578 44.774841309 0.008757223 0.999954402 -0.003819263 -3.823324203 -0.998834074 0.008565955 -0.047508825 111.269027710
-0.047777161 0.007013156 0.998833418 45.665672302 0.005846531 0.999960184 -0.006741411 -3.825871706 -0.998840928 0.005517625 -0.047816262 111.239540100
-0.047663815 0.010020419 0.998813152 46.367973328 0.006672533 0.999930561 -0.009713213 -3.842630863 -0.998841166 0.006201645 -0.047727365 111.204994202
-0.047925815 0.011538655 0.998784244 47.063491821 0.004170379 0.999926805 -0.011351742 -3.865262985 -0.998842180 0.003621268 -0.047970433 111.176887512
-0.048140574 0.012319567 0.998764575 47.770236969 0.004258417 0.999917388 -0.012128529 -3.887760878 -0.998831451 0.003669281 -0.048189059 111.150764465
-0.047897439 0.012188964 0.998777866 48.467151642 0.006034848 0.999910831 -0.011913382 -3.906729937 -0.998834014 0.005456854 -0.047966730 111.113586426
-0.048348118 0.011554869 0.998763680 49.157657623 0.008047974 0.999905109 -0.011178488 -3.927983522 -0.998798132 0.007497566 -0.048436526 111.084785461
-0.049013514 0.012346931 0.998721778 49.861522675 0.003012110 0.999920845 -0.012213930 -3.937979698 -0.998793602 0.002409612 -0.049046822 111.066490173
-0.047635742 0.011714187 0.998796105 50.493263245 0.003362295 0.999927402 -0.011567097 -3.981480122 -0.998859107 0.002807240 -0.047671676 111.020675659
-0.048573513 0.011078046 0.998758137 51.225818634 0.005433247 0.999926507 -0.010826766 -3.989340067 -0.998804927 0.004900605 -0.048630141 111.005218506
-0.049712162 0.010195666 0.998711526 51.944908142 0.004954969 0.999938071 -0.009961548 -4.006320000 -0.998751283 0.004453375 -0.049759608 110.973968506
-0.053822525 0.010130132 0.998499155 52.642890930 -0.000513568 0.999948144 -0.010172513 -4.008605957 -0.998550355 -0.001060306 -0.053814538 110.958885193
-0.058842968 0.009928882 0.998217881 53.311397552 -0.003411153 0.999942720 -0.010147119 -4.024682045 -0.998261452 -0.004002160 -0.058805734 110.924499512
-0.064811662 0.013710423 0.997803330 53.979286194 -0.000365932 0.999905229 -0.013763073 -4.044060707 -0.997897387 -0.001257136 -0.064800501 110.879875183
-0.071611166 0.016406957 0.997297645 54.653182983 0.001812885 0.999865234 -0.016319022 -4.064281940 -0.997430921 0.000639362 -0.071631260 110.827461243
-0.078751497 0.017942121 0.996732771 55.312126160 0.000757033 0.999838769 -0.017938219 -4.089431286 -0.996893942 -0.000658102 -0.078752384 110.778297424
-0.085268155 0.017337425 0.996207237 55.995254517 -0.002310909 0.999842465 -0.017598487 -4.107682228 -0.996355295 -0.003802734 -0.085214660 110.731567383
-0.090671569 0.015668422 0.995757580 56.651592255 -0.003496850 0.999865055 -0.016051471 -4.137038708 -0.995874643 -0.004937427 -0.090604544 110.668922424
-0.095285773 0.016439872 0.995314181 57.360961914 -0.005919844 0.999836564 -0.017081300 -4.151956558 -0.995432317 -0.007519710 -0.095172882 110.610969543
-0.099583007 0.015591599 0.994907081 58.030109406 -0.008443880 0.999827981 -0.016513890 -4.173566818 -0.994993389 -0.010045378 -0.099434227 110.556732178
-0.102136925 0.012559667 0.994691133 58.761116028 -0.007528925 0.999881864 -0.013398295 -4.190091133 -0.994741797 -0.008857416 -0.102030307 110.482986450
-0.102791309 0.009256871 0.994659781 59.447319031 -0.004265228 0.999943435 -0.009746823 -4.216365814 -0.994693816 -0.005244340 -0.102746010 110.398803711
-0.104927100 0.006737310 0.994457066 60.183864594 -0.005760882 0.999956131 -0.007382407 -4.230776787 -0.994463205 -0.006503564 -0.104883686 110.320816040
-0.105692714 0.006992223 0.994374216 60.906360626 -0.006335724 0.999950290 -0.007704861 -4.240988731 -0.994378626 -0.007114429 -0.105643161 110.244560242
-0.106780298 0.010515381 0.994226992 61.644123077 -0.004648075 0.999927878 -0.011074880 -4.259833336 -0.994271696 -0.005803821 -0.106723726 110.174880981
-0.106885388 0.014286402 0.994168699 62.373588562 0.001038490 0.999897778 -0.014257081 -4.282174587 -0.994270742 -0.000491440 -0.106889307 110.089614868
-0.107305951 0.019103047 0.994042516 63.112785339 0.007525545 0.999802351 -0.018401362 -4.303730011 -0.994197547 0.005506136 -0.107428506 110.000999451
-0.108579852 0.019980803 0.993886948 63.868141174 0.008472300 0.999780238 -0.019173704 -4.329581738 -0.994051576 0.006338631 -0.108725272 109.927299500
-0.109243929 0.018183123 0.993848741 64.622779846 0.007396151 0.999819815 -0.017479386 -4.350584984 -0.993987381 0.005441139 -0.109358743 109.853080750
-0.108301461 0.013046272 0.994032502 65.359191895 0.006940583 0.999899447 -0.012367086 -4.370613098 -0.994093776 0.005559791 -0.108381115 109.761444092
-0.108916283 0.011328056 0.993986428 66.122383118 0.008992231 0.999905348 -0.010410188 -4.392506599 -0.994010210 0.007804314 -0.109007843 109.691894531
-0.109931462 0.010836749 0.993880093 66.853500366 0.008776627 0.999912143 -0.009931752 -4.405980110 -0.993900359 0.007631102 -0.110016912 109.610488892
-0.111548692 0.011676941 0.993690372 67.600044250 0.007743776 0.999910831 -0.010880745 -4.428116798 -0.993728697 0.006481182 -0.111629173 109.529785156
-0.113238998 0.012345720 0.993491173 68.335960388 0.007232009 0.999906540 -0.011601131 -4.446874142 -0.993541539 0.005871238 -0.113317706 109.446296692
-0.115430407 0.012478901 0.993237257 69.074172974 0.007861004 0.999901235 -0.011649052 -4.468433380 -0.993284464 0.006463186 -0.115517110 109.360198975
-0.117244959 0.012765639 0.993020952 69.810928345 0.009104033 0.999889135 -0.011779028 -4.491945267 -0.993061304 0.007659464 -0.117348179 109.275238037
-0.118845932 0.012218333 0.992837608 70.522209167 0.008380816 0.999900937 -0.011302048 -4.516086102 -0.992877364 0.006977587 -0.118936576 109.176216125
-0.120838948 0.012283738 0.992596149 71.285522461 0.005282425 0.999917209 -0.011731255 -4.544716358 -0.992658079 0.003825721 -0.120893836 109.096092224
-0.122156538 0.014066331 0.992411137 72.072090149 0.006096254 0.999891222 -0.013421962 -4.549663067 -0.992492080 0.004410409 -0.122229032 109.016189575
-0.122019269 0.014788907 0.992417574 72.778251648 0.006983018 0.999877036 -0.014041495 -4.581435680 -0.992503285 0.005216737 -0.122107536 108.882431030
-0.123281881 0.014912122 0.992259622 73.551788330 0.006288055 0.999878764 -0.014245374 -4.603138447 -0.992351711 0.004483186 -0.123360693 108.792938232
-0.124425404 0.013414714 0.992138267 74.328445435 0.007271132 0.999894083 -0.012607699 -4.622358322 -0.992202401 0.005645250 -0.124509767 108.699226379
-0.125075474 0.011374395 0.992082000 75.112236023 0.005398194 0.999927282 -0.010783773 -4.641366482 -0.992132485 0.004006665 -0.125127807 108.604049683
-0.127406299 0.009051734 0.991809249 75.904968262 0.000896144 0.999958992 -0.009010994 -4.663041592 -0.991850138 -0.000259254 -0.127409190 108.519935608
-0.129487306 0.008642467 0.991543472 76.692642212 0.002855283 0.999961138 -0.008342961 -4.678931713 -0.991577029 0.001750829 -0.129506946 108.414779663
-0.131439582 0.009093879 0.991282463 77.470291138 0.003725490 0.999955356 -0.008679459 -4.701776028 -0.991317213 0.002552188 -0.131467596 108.309890747
-0.133031577 0.011435997 0.991045773 78.292701721 0.005769902 0.999925375 -0.010763949 -4.704285622 -0.991095066 0.004286292 -0.133087635 108.194412231
-0.135036752 0.014780711 0.990730345 79.147132874 0.006729299 0.999879301 -0.013999998 -4.727108002 -0.990817785 0.004776407 -0.135119930 108.099494934
-0.135987043 0.019085404 0.990526795 80.034774780 0.007927562 0.999803245 -0.018175788 -4.742287636 -0.990678966 0.005380790 -0.136111602 107.993186951
-0.137245968 0.022071021 0.990291119 80.746421814 0.007715466 0.999745190 -0.021212429 -4.783521175 -0.990506947 0.004729236 -0.137381300 107.897521973
-0.136321172 0.022814004 0.990401983 81.505531311 0.009481664 0.999719024 -0.021723544 -4.801348209 -0.990619421 0.006429277 -0.136499152 107.771057129
-0.135997280 0.022195403 0.990460575 82.353576660 0.012859249 0.999704361 -0.020636883 -4.827949524 -0.990625799 0.009930018 -0.136242524 107.658233643
-0.135894403 0.019965535 0.990522087 83.185676575 0.013112132 0.999745607 -0.018352531 -4.861590385 -0.990636528 0.010493851 -0.136121616 107.543601990
-0.135039464 0.018617790 0.990665317 84.027664185 0.012892952 0.999771774 -0.017031468 -4.883472443 -0.990756333 0.010472679 -0.135248691 107.433357239
-0.133188561 0.015836684 0.990964174 84.877922058 0.011753604 0.999827147 -0.014398610 -4.915522575 -0.991020977 0.009729671 -0.133351713 107.323707581
-0.131712288 0.012254130 0.991212130 85.721458435 0.011487734 0.999875307 -0.010834738 -4.943296432 -0.991221428 0.009959714 -0.131836653 107.216804504
-0.130131021 0.009575543 0.991450548 86.585868835 0.013715520 0.999875128 -0.007856702 -4.956195831 -0.991401911 0.012575858 -0.130246133 107.111351013
-0.128587916 0.009356262 0.991653919 87.433456421 0.011869468 0.999898314 -0.007894932 -4.983648300 -0.991627038 0.010755211 -0.128685936 107.008125305
-0.127673104 0.013738165 0.991721153 88.297836304 0.012590636 0.999845922 -0.012229813 -5.004055977 -0.991736412 0.010924982 -0.127826437 106.912490845
-0.125699565 0.019478505 0.991877139 89.093734741 0.010979950 0.999773324 -0.018242095 -5.028576374 -0.992007554 0.008597738 -0.125884965 106.826416016
-0.124411404 0.023172770 0.991960108 89.999893188 0.008714548 0.999714255 -0.022260932 -5.052071095 -0.992192447 0.005874971 -0.124577820 106.721855164
-0.121914834 0.021102212 0.992316186 90.847671509 0.006070154 0.999771118 -0.020514973 -5.063962460 -0.992522001 0.003522434 -0.122015044 106.601875305
