1.000000000 0.000000000 0.000000000 0.000000000 0.000000000 1.000000000 0.000000000 0.000000000 0.000000000 0.000000000 1.000000000 0.000000000
0.999998331 0.000829917 0.001630694 -0.001523206 -0.000828311 0.999999166 -0.000985334 -0.019267699 -0.001631510 0.000983982 0.999998212 1.211848736
0.999995053 0.001052478 0.002934424 -0.000233002 -0.001050819 0.999999285 -0.000566728 -0.039864276 -0.002935018 0.000563642 0.999995470 2.424051762
0.999991179 0.000194012 0.004184063 -0.003370757 -0.000193345 0.999999940 -0.000159719 -0.060821347 -0.004184093 0.000158909 0.999991179 3.624930859
0.999989450 -0.000423621 0.004598431 0.008928674 0.000424621 0.999999881 -0.000216448 -0.077802680 -0.004598339 0.000218398 0.999989390 4.846092224
0.999985516 -0.000462180 0.005373744 0.013704961 0.000463299 0.999999881 -0.000206938 -0.097135186 -0.005373647 0.000209424 0.999985516 6.048889160
0.999981165 -0.000084383 0.006140362 0.013833418 0.000091108 0.999999344 -0.001094912 -0.119851895 -0.006140266 0.001095451 0.999980509 7.246908188
0.999978244 -0.000340177 0.006595744 0.022423886 0.000349452 0.999998927 -0.001405173 -0.138429448 -0.006595259 0.001407447 0.999977231 8.446204185
0.999972820 -0.000846496 0.007331065 0.022351354 0.000847054 0.999999702 -0.000072988 -0.158140615 -0.007331000 0.000079196 0.999973118 9.640588760
0.999983668 -0.001370688 0.005550357 0.026479963 0.001362968 0.999998033 0.001394371 -0.197265491 -0.005552256 -0.001386783 0.999983609 10.823794365
0.999991775 -0.002631082 0.003096491 0.027596388 0.002628142 0.999996006 0.000952902 -0.215394273 -0.003098986 -0.000944756 0.999994695 12.026686668
0.999996901 -0.002204210 0.001183814 0.021860044 0.002203908 0.999997556 0.000255578 -0.233575702 -0.001184375 -0.000252969 0.999999225 13.228816032
0.999998629 -0.001572334 -0.000378483 0.018648811 0.001572178 0.999998689 -0.000410674 -0.243919969 0.000379127 0.000410078 0.999999881 14.433856964
0.999998927 -0.000665688 -0.001286659 0.022991154 0.000665846 0.999999762 0.000122401 -0.269124418 0.001286577 -0.000123257 0.999999106 15.586193085
0.999996841 -0.001063731 -0.002263488 0.021216638 0.001063955 0.999999464 0.000097704 -0.287290931 0.002263383 -0.000100112 0.999997437 16.792423248
0.999995053 -0.001616299 -0.002687505 0.016954880 0.001617468 0.999998569 0.000432825 -0.303704262 0.002686802 -0.000437170 0.999996245 17.992485046
0.999989808 -0.003102254 -0.003265735 0.009631120 0.003104241 0.999994993 0.000603568 -0.330261052 0.003263846 -0.000613699 0.999994457 19.196353912
0.999993205 -0.002014172 -0.003094509 -0.020754330 0.002012759 0.999997795 -0.000459853 -0.346286237 0.003095428 0.000453621 0.999995112 20.365432739
0.999988079 -0.002838058 -0.003984316 -0.026494585 0.002833320 0.999995172 -0.001194324 -0.368216604 0.003987686 0.001183021 0.999991298 21.569925308
0.999985516 -0.002554396 -0.004751371 -0.035755247 0.002549336 0.999996126 -0.001070863 -0.385897368 0.004754088 0.001058734 0.999988139 22.769517899
0.999986231 -0.002199204 -0.004763991 -0.056608818 0.002195295 0.999997199 -0.000825570 -0.415628493 0.004765794 0.000815101 0.999988377 24.004528046
0.999984980 -0.001283385 -0.005314223 -0.072161503 0.001274027 0.999997616 -0.001763975 -0.429627061 0.005316475 0.001757179 0.999984324 25.145027161
0.999976575 -0.001141941 -0.006743372 -0.079839423 0.001134040 0.999998689 -0.001175359 -0.449202150 0.006744706 0.001167684 0.999976575 26.350631714
0.999969840 -0.002852330 -0.007214084 -0.087095000 0.002854924 0.999995887 0.000349205 -0.469034314 0.007213058 -0.000369790 0.999973893 27.565044403
0.999959886 -0.003198492 -0.008357367 -0.094943494 0.003205515 0.999994516 0.000827012 -0.491371393 0.008354675 -0.000853768 0.999964654 28.782930374
0.999956667 -0.003067984 -0.008788206 -0.117697731 0.003064137 0.999995232 -0.000451248 -0.509309113 0.008789549 0.000424301 0.999961257 29.985603333
0.999941111 -0.003807193 -0.010159026 -0.128753692 0.003796117 0.999992192 -0.001109317 -0.528584182 0.010163169 0.001070686 0.999947786 31.105884552
0.999938250 -0.003097160 -0.010667305 -0.148757085 0.003083784 0.999994457 -0.001270194 -0.544798791 0.010671178 0.001237220 0.999942243 32.316280365
0.999929547 -0.003738658 -0.011262465 -0.166342512 0.003731754 0.999992907 -0.000634005 -0.571115434 0.011264755 0.000591932 0.999936402 33.516658783
0.999921322 -0.004292356 -0.011798058 -0.186641544 0.004283551 0.999990523 -0.000771557 -0.586449146 0.011801258 0.000720958 0.999930084 34.730213165
0.999909878 -0.005115937 -0.012422654 -0.192578524 0.005108340 0.999986708 -0.000643163 -0.611626208 0.012425779 0.000579646 0.999922633 35.974552155
0.999914467 -0.004965820 -0.012111536 -0.243961319 0.004957304 0.999987423 -0.000733095 -0.631748617 0.012115026 0.000672992 0.999926329 37.157859802
0.999905109 -0.005718026 -0.012536657 -0.246102899 0.005718720 0.999983668 0.000019562 -0.651267111 0.012536339 -0.000091253 0.999921441 38.416267395
0.999898374 -0.005698074 -0.013061858 -0.249669611 0.005716702 0.999982715 0.001389178 -0.678663135 0.013053713 -0.001463708 0.999913752 39.619857788
0.999905527 -0.004777130 -0.012883440 -0.271318913 0.004804790 0.999986231 0.002116806 -0.695435643 0.012873149 -0.002178508 0.999914765 40.835563660
0.999910533 -0.004468781 -0.012598292 -0.290195704 0.004492991 0.999988139 0.001894075 -0.716505110 0.012589676 -0.001950510 0.999918878 42.069561005
0.999919236 -0.002466248 -0.012460773 -0.314594984 0.002492014 0.999994874 0.002052682 -0.734665632 0.012455644 -0.002083569 0.999920309 43.254573822
0.999920726 0.000028960 -0.012590900 -0.326857865 0.000017621 0.999993145 0.003699380 -0.750231445 0.012590921 -0.003699309 0.999913871 44.481529236
0.999945939 0.000021047 -0.010396785 -0.353565514 0.000044587 0.999980032 0.006312597 -0.756904721 0.010396712 -0.006312719 0.999926031 45.678054810
0.999966025 0.000405910 -0.008236278 -0.382652849 -0.000325767 0.999952614 0.009729498 -0.781466842 0.008239837 -0.009726483 0.999918759 46.865303040
0.999973655 0.002108735 -0.006948763 -0.410697162 -0.002020033 0.999916732 0.012747513 -0.787906349 0.006975066 -0.012733141 0.999894559 48.098915100
0.999984324 0.001539437 -0.005379265 -0.428434312 -0.001463579 0.999899805 0.014077399 -0.793648601 0.005400398 -0.014069305 0.999886453 49.319667816
0.999988198 0.000134505 -0.004843736 -0.417910635 -0.000073885 0.999921679 0.012513150 -0.795508683 0.004845040 -0.012512645 0.999909997 50.520042419
0.999994576 0.000052499 -0.003297357 -0.426848501 -0.000017916 0.999944985 0.010487365 -0.801892996 0.003297726 -0.010487248 0.999939620 51.756496429
0.999996364 -0.000221059 -0.002713128 -0.446033984 0.000249582 0.999944627 0.010517100 -0.810071886 0.002710653 -0.010517737 0.999941051 52.975692749
0.999996126 0.001243916 -0.002479965 -0.457229316 -0.001221111 0.999957085 0.009176224 -0.807736278 0.002491273 -0.009173159 0.999954820 54.091018677
0.999993563 0.000407770 -0.003531743 -0.463213593 -0.000379283 0.999967337 0.008062968 -0.816893935 0.003534917 -0.008061577 0.999961317 55.305938721
0.999987185 0.001045165 -0.004956746 -0.475907266 -0.001004590 0.999966025 0.008181352 -0.821596742 0.004965128 -0.008176266 0.999954224 56.518791199
0.999984860 0.000738188 -0.005455551 -0.502106905 -0.000684758 0.999951839 0.009789094 -0.837717831 0.005462515 -0.009785211 0.999937177 57.739707947
0.999962926 0.003271232 -0.007962985 -0.498646915 -0.003192761 0.999946356 0.009847323 -0.836846828 0.007994772 -0.009821533 0.999919832 58.900455475
0.999959946 0.001636966 -0.008794339 -0.519935012 -0.001551708 0.999951780 0.009692694 -0.840452433 0.008809782 -0.009678661 0.999914348 60.191001892
0.999951720 0.001492588 -0.009712257 -0.531325221 -0.001402216 0.999955773 0.009305030 -0.847956896 0.009725717 -0.009290963 0.999909580 61.411197662
0.999953270 0.001116780 -0.009602461 -0.551975727 -0.001029424 0.999958098 0.009097432 -0.860748410 0.009612218 -0.009087122 0.999912500 62.609596252
0.999942243 -0.000301524 -0.010746133 -0.565582097 0.000387307 0.999968052 0.007981446 -0.871202171 0.010743381 -0.007985145 0.999910355 63.816390991
0.999938607 -0.001172553 -0.011012316 -0.574527085 0.001275354 0.999955595 0.009332671 -0.876315773 0.011000885 -0.009346142 0.999895751 65.071868896
0.999931514 -0.001634459 -0.011586304 -0.591516733 0.001760928 0.999938905 0.010913632 -0.887581706 0.011567758 -0.010933286 0.999873281 66.275939941
0.999927580 -0.002132422 -0.011842432 -0.603444755 0.002244704 0.999952495 0.009476134 -0.902370572 0.011821664 -0.009502029 0.999884903 67.494987488
0.999936044 0.001444733 -0.011214441 -0.642426372 -0.001364008 0.999973178 0.007202649 -0.890733361 0.011224547 -0.007186891 0.999911129 68.674400330
0.999928534 0.003388487 -0.011462967 -0.655784369 -0.003292973 0.999959886 0.008340981 -0.919391334 0.011490772 -0.008302640 0.999899447 69.880432129
0.999919891 0.005364867 -0.011463941 -0.685265064 -0.005265750 0.999948621 0.008658765 -0.936783195 0.011509805 -0.008597706 0.999896765 71.123428345
0.999908626 0.006758591 -0.011709469 -0.699960649 -0.006653977 0.999937773 0.008950074 -0.944868863 0.011769230 -0.008871343 0.999891341 72.327613831
0.999917269 0.007618506 -0.010363350 -0.723860383 -0.007517943 0.999924541 0.009708287 -0.952276766 0.010436532 -0.009629574 0.999899149 73.530479431
0.999921024 0.009377606 -0.008359270 -0.745446861 -0.009287397 0.999898911 0.010765886 -0.963953078 0.008459384 -0.010687400 0.999907136 74.725631714
0.999954939 0.007695994 -0.005543726 -0.754709184 -0.007645159 0.999929011 0.009133398 -0.983301461 0.005613624 -0.009090603 0.999942958 75.914154053
0.999982238 0.005393906 -0.002517203 -0.766830206 -0.005384097 0.999977946 0.003886791 -0.994015455 0.002538111 -0.003873169 0.999989271 77.077964783
0.999976277 0.006889100 0.000183510 -0.785749972 -0.006889640 0.999971390 0.003117539 -1.002433062 -0.000162027 -0.003118730 0.999995112 78.246955872
0.999978304 0.005763944 0.003196794 -0.787073255 -0.005785017 0.999961317 0.006622186 -1.018101692 -0.003158501 -0.006640536 0.999972939 79.437751770
0.999957860 0.006259218 0.006720312 -0.781604111 -0.006312689 0.999948323 0.007965143 -1.032045960 -0.006670109 -0.008007231 0.999945641 80.621734619
0.999916494 0.007297397 0.010665762 -0.780866206 -0.007360728 0.999955416 0.005910618 -1.042026162 -0.010622154 -0.005988632 0.999925673 81.792572021
0.999880612 0.005875946 0.014295802 -0.772311807 -0.005919226 0.999978006 0.002987019 -1.056509852 -0.014277937 -0.003071282 0.999893248 82.937973022
0.999842882 0.003876203 0.017292073 -0.748316050 -0.003869957 0.999992430 -0.000394633 -1.078243375 -0.017293472 0.000327651 0.999850333 84.153717041
0.999778152 0.003154318 0.020824043 -0.727175713 -0.003128670 0.999994338 -0.001264112 -1.098105431 -0.020827912 0.001198680 0.999782324 85.329994202
0.999699593 0.002814294 0.024348844 -0.700915098 -0.002823893 0.999995947 0.000359838 -1.119399071 -0.024347730 -0.000428488 0.999703407 86.499832153
0.999587774 0.004102886 0.028416492 -0.683387995 -0.004139480 0.999990642 0.001229057 -1.145726919 -0.028411185 -0.001346180 0.999595404 87.651283264
0.999476671 0.004129545 0.032083374 -0.644542694 -0.004101255 0.999991119 -0.000947537 -1.163089752 -0.032087006 0.000815459 0.999484658 88.824890137
0.999361813 0.004168092 0.035475664 -0.616522312 -0.004054456 0.999986410 -0.003274544 -1.190931439 -0.035488836 0.003128619 0.999365091 89.956962585
0.999253035 0.003677143 0.038467564 -0.579035521 -0.003531757 0.999986351 -0.003846722 -1.208319545 -0.038481183 0.003707991 0.999252498 91.126419067
0.999111474 0.002595108 0.042066045 -0.525579453 -0.002476871 0.999992788 -0.002862616 -1.220813394 -0.042073164 0.002755880 0.999110758 92.318550110
0.999003649 0.002131324 0.044577014 -0.475978374 -0.002085242 0.999997258 -0.001080217 -1.244751692 -0.044579189 0.000986187 0.999005377 93.484924316
0.998863637 0.001411896 0.047638550 -0.429054260 -0.001439761 0.999998748 0.000550610 -1.268253684 -0.047637720 -0.000618572 0.998864472 94.644546509
0.998739421 0.000278791 0.050195131 -0.376779079 -0.000351004 0.999998927 0.001429841 -1.279865026 -0.050194681 -0.001445658 0.998738468 95.825500488
0.998632610 -0.000766958 0.052272774 -0.312791824 0.000824683 0.999999046 -0.001082732 -1.300947666 -0.052271895 0.001124360 0.998632312 96.985572815
0.998530865 -0.001844903 0.054153726 -0.253611088 0.002070581 0.999989450 -0.004111554 -1.330883622 -0.054145563 0.004217644 0.998524189 98.152427673
0.998367190 -0.001450238 0.057104640 -0.207951069 0.001861660 0.999972701 -0.007152163 -1.347527981 -0.057092711 0.007246795 0.998342633 99.329902649
0.998241484 -0.000734737 0.059274983 -0.140807152 0.001239436 0.999963284 -0.008478214 -1.362005234 -0.059266582 0.008536774 0.998205662 100.554092407
0.998221815 -0.001171992 0.059596926 -0.066054821 0.001618072 0.999971032 -0.007437231 -1.402189255 -0.059586488 0.007520440 0.998194873 101.715148926
0.998278439 -0.001216037 0.058639981 -0.008254051 0.001574527 0.999980390 -0.006067581 -1.421103001 -0.058631450 0.006149466 0.998260796 102.895187378
0.998311162 -0.000830795 0.058088429 0.046541691 0.001107710 0.999988198 -0.004735078 -1.442022562 -0.058083814 0.004791426 0.998300254 104.136451721
0.998521507 -0.001733191 0.054329004 0.154322624 0.001933882 0.999991477 -0.003641633 -1.465379715 -0.054322235 0.003741315 0.998516440 105.304237366
0.998658538 -0.001165118 0.051766474 0.211295605 0.001335781 0.999993682 -0.003262320 -1.484135151 -0.051762357 0.003327093 0.998653889 106.517059326
0.998810410 -0.000675364 0.048756193 0.263687134 0.000836195 0.999994278 -0.003278350 -1.506813526 -0.048753705 0.003315220 0.998805285 107.724693298
0.998966753 0.000721644 0.045440044 0.306025982 -0.000565040 0.999993861 -0.003459146 -1.531651616 -0.045442257 0.003429897 0.998961031 108.940269470
0.999142587 0.001286188 0.041381396 0.359272480 -0.001132825 0.999992371 -0.003729316 -1.541017771 -0.041385870 0.003679240 0.999136508 110.171058655
0.999300659 0.001766110 0.037350811 0.393435955 -0.001688242 0.999996245 -0.002116202 -1.576317430 -0.037354417 0.002051665 0.999300003 111.371330261
0.999456048 0.001814704 0.032929964 0.437089205 -0.001771498 0.999997497 -0.001341157 -1.599090099 -0.032932319 0.001282092 0.999456763 112.578559875
0.999577343 0.002291409 0.028981401 0.464141607 -0.002262851 0.999996901 -0.001018144 -1.619663119 -0.028983649 0.000952133 0.999579430 113.771713257
0.999725103 0.002443066 0.023318773 0.500119925 -0.002433291 0.999996901 -0.000447579 -1.638531208 -0.023319805 0.000390715 0.999727964 115.015342712
0.999840617 0.003958153 0.017410345 0.556879044 -0.003943047 0.999991894 -0.000901796 -1.672432303 -0.017413773 0.000833003 0.999847949 116.217231750
0.999915421 0.002861909 0.012685327 0.581636548 -0.002846298 0.999995172 -0.001248610 -1.657614708 -0.012688842 0.001212399 0.999918699 117.433334351
0.999959409 0.003899729 0.008116422 0.583965659 -0.003885802 0.999991059 -0.001730972 -1.678417206 -0.008123100 0.001699363 0.999965549 118.676925659
0.999973357 0.005770822 0.004459413 0.586140811 -0.005762911 0.999981821 -0.001784798 -1.700234056 -0.004469631 0.001759051 0.999988437 119.914009094
0.999966204 0.007887394 0.002315965 0.576419652 -0.007883873 0.999967694 -0.001525491 -1.724895358 -0.002327920 0.001507181 0.999996185 121.161148071
0.999960423 0.008758814 0.001506585 0.570021510 -0.008756177 0.999960065 -0.001748450 -1.747430563 -0.001521839 0.001735189 0.999997377 122.407188416
0.999939680 0.010971781 0.000533430 0.563388944 -0.010970937 0.999938607 -0.001556516 -1.766905665 -0.000550476 0.001550570 0.999998629 123.639770508
0.999927878 0.011993663 -0.000660672 0.549006283 -0.011994116 0.999927819 -0.000685175 -1.797313809 0.000652407 0.000693049 0.999999523 124.887290955
0.999927282 0.012041144 -0.000572815 0.521593690 -0.012041221 0.999927461 -0.000131797 -1.818128705 0.000571186 0.000138685 0.999999821 126.111511230
0.999872863 0.015782159 -0.002257796 0.535594225 -0.015778814 0.999874353 0.001492344 -1.829706550 0.002281066 -0.001456529 0.999996364 127.381256104
0.999853492 0.017000923 -0.001979791 0.501914263 -0.016991980 0.999845743 0.004449876 -1.839162350 0.002055138 -0.004415584 0.999988139 128.628662109
0.999868751 0.016043691 -0.002245741 0.489424795 -0.016034408 0.999863088 0.004092604 -1.854578853 0.002311094 -0.004056058 0.999989152 129.898040771
0.999866009 0.016075915 -0.003072432 0.480744749 -0.016068691 0.999868095 0.002360995 -1.862571120 0.003109982 -0.002311308 0.999992549 131.161758423
0.999908507 0.012889122 -0.004093326 0.484395146 -0.012874119 0.999910355 0.003671015 -1.887201071 0.004140275 -0.003617981 0.999984860 132.401290894
0.999930084 0.010814803 -0.004775564 0.485518754 -0.010790532 0.999928892 0.005079279 -1.884337902 0.004830156 -0.005027394 0.999975622 133.713241577
0.999957979 0.007570767 -0.005163711 0.469419301 -0.007529169 0.999939382 0.008029052 -1.918838978 0.005224184 -0.007989837 0.999954402 134.957824707
0.999980927 0.004835565 -0.003826864 0.435113728 -0.004804218 0.999955177 0.008157800 -1.911997437 0.003866140 -0.008139260 0.999959350 136.248138428
0.999991953 0.001210014 -0.003819862 0.407020271 -0.001186848 0.999980867 0.006061015 -1.929669619 0.003827123 -0.006056432 0.999974251 137.568313599
0.999990106 -0.001432398 -0.004218036 0.408331573 0.001453948 0.999985874 0.005110431 -1.941030145 0.004210657 -0.005116512 0.999978006 138.856216431
0.999989688 -0.002559135 -0.003717018 0.399533570 0.002577344 0.999984682 0.004902371 -1.955067039 0.003704415 -0.004911900 0.999980986 140.136398315
0.999990106 -0.002756706 -0.003467079 0.395717055 0.002773271 0.999984741 0.004781956 -1.963191509 0.003453844 -0.004791524 0.999982536 141.417861938
0.999992967 -0.001973538 -0.003197887 0.395988554 0.001994887 0.999975681 0.006686559 -1.970342755 0.003184613 -0.006692890 0.999972463 142.736099243
0.999996424 0.001421841 -0.002268768 0.368845701 -0.001403433 0.999966264 0.008094644 -1.982810378 0.002280201 -0.008091432 0.999964595 144.024948120
0.999998331 0.000941249 -0.001524229 0.358680725 -0.000931357 0.999978542 0.006477929 -1.996353626 0.001530293 -0.006476501 0.999977827 145.311294556
0.999997497 0.002057471 -0.000896020 0.346887052 -0.002053237 0.999986887 0.004700975 -2.011609077 0.000905680 -0.004699123 0.999988556 146.590835571
0.999998093 0.001927942 -0.000223457 0.338405669 -0.001927459 0.999995887 0.002142459 -2.028663635 0.000227586 -0.002142024 0.999997675 147.876464844
0.999999881 0.000138026 -0.000456043 0.343598545 -0.000138775 0.999998629 -0.001643140 -2.057564259 0.000455815 0.001643204 0.999998510 149.140686035
0.999999642 0.000196252 0.000750921 0.325405896 -0.000192256 0.999985814 -0.005317719 -2.080024719 -0.000751954 0.005317573 0.999985576 150.406570435
0.999999940 -0.000202305 0.000167029 0.335327208 0.000203335 0.999980807 -0.006189851 -2.112716198 -0.000165774 0.006189885 0.999980807 151.667495728
0.999999702 -0.000670289 0.000098734 0.332289249 0.000670860 0.999982297 -0.005901773 -2.141206503 -0.000094776 0.005901838 0.999982536 152.951370239
1.000000000 -0.000031455 0.000163016 0.324722916 0.000032324 0.999985874 -0.005332534 -2.174347878 -0.000162846 0.005332540 0.999985754 154.226425171
0.999999821 0.000377320 -0.000333448 0.316333830 -0.000378785 0.999990284 -0.004402548 -2.202717781 0.000331784 0.004402674 0.999990284 155.490554810
0.999999106 0.001263981 -0.000358652 0.304023921 -0.001265409 0.999991179 -0.004010107 -2.222751141 0.000353580 0.004010558 0.999991894 156.766265869
0.999998629 0.001169409 -0.001146856 0.298731148 -0.001174157 0.999990821 -0.004148411 -2.256426573 0.001141994 0.004149753 0.999990761 158.046707153
0.999996781 0.002264235 -0.001066713 0.272365987 -0.002268050 0.999991000 -0.003588669 -2.293127775 0.001058578 0.003591077 0.999993026 159.268234253
0.999995649 0.001659498 -0.002426794 0.282457143 -0.001666413 0.999994516 -0.002850279 -2.310382843 0.002422051 0.002854311 0.999992967 160.509140015
0.999991000 0.002890375 -0.003093921 0.272769809 -0.002898220 0.999992609 -0.002533932 -2.333530426 0.003086574 0.002542877 0.999991953 161.788314819
0.999989212 0.003224701 -0.003329585 0.256873548 -0.003236390 0.999988556 -0.003511303 -2.357977629 0.003318224 0.003522041 0.999988258 163.068359375
0.999983251 0.004054347 -0.004124586 0.240979016 -0.004072708 0.999981761 -0.004453094 -2.390699625 0.004106458 0.004469818 0.999981523 164.313568115
0.999980867 0.004778397 -0.003921877 0.206546605 -0.004796524 0.999977827 -0.004625766 -2.411845922 0.003899686 0.004644489 0.999981582 165.584762573
0.999977171 0.003584867 -0.005734738 0.217286170 -0.003614588 0.999980092 -0.005180809 -2.449843645 0.005716051 0.005201419 0.999970078 166.838653564
0.999973893 0.005137627 -0.005068025 0.184125185 -0.005171974 0.999963522 -0.006787530 -2.466947079 0.005032969 0.006813565 0.999964058 168.160827637
0.999970138 0.004601261 -0.006195000 0.160656095 -0.004643958 0.999965370 -0.006895463 -2.488624573 0.006163059 0.006924028 0.999957025 169.293457031
0.999963701 0.005090428 -0.006820900 0.143424749 -0.005128944 0.999970853 -0.005641403 -2.515560627 0.006791985 0.005676183 0.999960780 170.571014404
0.999959826 0.004737966 -0.007605086 0.131692052 -0.004775517 0.999976397 -0.004927113 -2.548389673 0.007581562 0.004963234 0.999958932 171.842422485
0.999950528 0.005301713 -0.008409898 0.113411069 -0.005338222 0.999976456 -0.004324830 -2.581602812 0.008386771 0.004369512 0.999955237 173.127212524
0.999939740 0.005980636 -0.009198695 0.097945690 -0.006021438 0.999972105 -0.004414300 -2.608054876 0.009172038 0.004469424 0.999947965 174.384231567
0.999930918 0.006056682 -0.010069464 0.081655383 -0.006107805 0.999968529 -0.005054042 -2.638600349 0.010038537 0.005115196 0.999936521 175.677307129
0.999929965 0.005449974 -0.010502970 0.055629253 -0.005504269 0.999971628 -0.005147499 -2.681473255 0.010474619 0.005204950 0.999931574 176.893722534
0.999907434 0.007835168 -0.011121661 0.063809872 -0.007895633 0.999954224 -0.005403221 -2.677476406 0.011078818 0.005490534 0.999923527 178.137710571
0.999907255 0.007824184 -0.011146005 0.040846229 -0.007896567 0.999947906 -0.006464918 -2.706012964 0.011094844 0.006552334 0.999916911 179.413726807
0.999918580 0.006310880 -0.011090080 0.022995472 -0.006398595 0.999948323 -0.007891754 -2.735791206 0.011039704 0.007962072 0.999907315 180.689224243
0.999934733 0.003084254 -0.011003015 -0.002437472 -0.003169942 0.999964774 -0.007778786 -2.771186352 0.010978635 0.007813158 0.999909163 181.958908081
0.999931693 0.003537669 -0.011132767 -0.025792122 -0.003585851 0.999984264 -0.004311037 -2.797134876 0.011117342 0.004350663 0.999928713 183.233108521
0.999926448 0.002807571 -0.011796632 -0.033819437 -0.002804469 0.999996006 0.000279443 -2.833922863 0.011797370 -0.000246339 0.999930263 184.525527954
0.999921322 0.002866412 -0.012203772 -0.036720514 -0.002868540 0.999995828 -0.000156801 -2.859188795 0.012203272 0.000191795 0.999925494 185.827865601
0.999916673 0.003862482 -0.012311804 -0.069772243 -0.003901305 0.999987543 -0.003130854 -2.890961885 0.012299558 0.003178626 0.999919236 187.038619995
0.999916971 0.005071912 -0.011845152 -0.102270365 -0.005141916 0.999969423 -0.005886902 -2.901378632 0.011814931 0.005947320 0.999912441 188.192733765
0.999918759 0.004950571 -0.011741410 -0.123975992 -0.005016332 0.999971867 -0.005577943 -2.930393696 0.011713465 0.005636389 0.999915421 189.448455811
0.999915421 0.004920491 -0.012037966 -0.140935659 -0.004974291 0.999977708 -0.004443422 -2.958580017 0.012015835 0.004502926 0.999917626 190.696731567
0.999921501 0.004918103 -0.011526600 -0.166382313 -0.004942209 0.999985576 -0.002063747 -2.992408752 0.011516284 0.002120551 0.999931455 191.964981079
0.999927402 0.003423262 -0.011553617 -0.168118715 -0.003440356 0.999992967 -0.001460007 -3.014123440 0.011548538 0.001499649 0.999932170 193.261291504
0.999952972 0.004039748 -0.008813600 -0.212287188 -0.004057040 0.999989867 -0.001945029 -3.040198565 0.008805653 0.001980694 0.999959230 194.466049194
0.999960065 0.002752119 -0.008497554 -0.190715194 -0.002781176 0.999990344 -0.003409571 -3.071396589 0.008488089 0.003433068 0.999958038 195.718017578
0.999975145 0.002353233 -0.006650452 -0.229828477 -0.002383422 0.999986827 -0.004535125 -3.110147715 0.006639692 0.004550861 0.999967575 196.916458130
0.999987543 0.001871900 -0.004620830 -0.253856719 -0.001897616 0.999982595 -0.005567242 -3.119110107 0.004610328 0.005575942 0.999973834 198.146728516
0.999987364 0.002983882 -0.004031561 -0.245413244 -0.003001558 0.999985874 -0.004385653 -3.179862738 0.004018418 0.004397699 0.999982178 199.365310669
0.999992788 0.002629418 -0.002747397 -0.252272516 -0.002636458 0.999993265 -0.002562004 -3.207569599 0.002740643 0.002569229 0.999992907 200.589126587
0.999993086 0.003432266 -0.001424063 -0.264713258 -0.003435407 0.999991715 -0.002209151 -3.234847307 0.001416469 0.002214028 0.999996543 201.800292969
0.999995291 0.003065960 -0.000035126 -0.272009790 -0.003066025 0.999993086 -0.002054416 -3.263612032 0.000028827 0.002054515 0.999997854 203.031005859
0.999991477 0.003994242 0.001043172 -0.275824785 -0.003992420 0.999990523 -0.001742942 -3.288668871 -0.001050124 0.001738762 0.999997914 204.233917236
0.999991834 0.003458296 0.002085147 -0.275610745 -0.003454603 0.999992549 -0.001772360 -3.313716888 -0.002091260 0.001765142 0.999996185 205.451782227
0.999983549 0.004615710 0.003392326 -0.287901878 -0.004609575 0.999987721 -0.001814157 -3.341615438 -0.003400658 0.001798491 0.999992549 206.614959717
0.999986708 0.003313324 0.003940812 -0.276799738 -0.003305392 0.999992549 -0.002017565 -3.358809471 -0.003947468 0.002004513 0.999990165 207.828201294
0.999983907 0.003074733 0.004754405 -0.289926887 -0.003067607 0.999994159 -0.001505340 -3.400529385 -0.004759007 0.001490732 0.999987543 208.992996216
0.999984622 0.003206889 0.004524602 -0.284323573 -0.003204213 0.999994755 -0.000598443 -3.418791294 -0.004526497 0.000583936 0.999989510 210.148468018
0.999989450 0.002411845 0.003914471 -0.268285692 -0.002412101 0.999997079 0.000060635 -3.448289156 -0.003914314 -0.000070076 0.999992311 211.256347656
0.999989033 0.002639887 0.003880300 -0.275887430 -0.002640222 0.999996543 0.000081070 -3.472221136 -0.003880073 -0.000091314 0.999992430 212.371917725
0.999990046 0.003160662 0.003145565 -0.277522922 -0.003157780 0.999994576 -0.000920721 -3.499386549 -0.003148458 0.000910779 0.999994576 213.473464966
0.999993145 0.002721664 0.002529971 -0.276225567 -0.002718030 0.999995351 -0.001438658 -3.528460026 -0.002533875 0.001431772 0.999995768 214.572387695
0.999994576 0.002803420 0.001710707 -0.274156272 -0.002799277 0.999993205 -0.002419307 -3.541750431 -0.001717479 0.002414505 0.999995589 215.683273315
0.999998689 0.001616880 0.000102068 -0.258976638 -0.001616636 0.999995887 -0.002349067 -3.567092896 -0.000105867 0.002348898 0.999997199 216.742523193
0.999999344 0.000571601 -0.001027734 -0.279423237 -0.000572482 0.999999523 -0.000856684 -3.606348991 0.001027244 0.000857271 0.999999106 217.765731812
0.999996305 0.000686630 -0.002657952 -0.304363072 -0.000683699 0.999999225 0.001103232 -3.636621475 0.002658706 -0.001101410 0.999995828 218.771255493
0.999985516 0.000960533 -0.005289284 -0.294002056 -0.000947289 0.999996424 0.002505698 -3.647607327 0.005291671 -0.002500652 0.999982834 219.810684204
0.999976397 0.002038261 -0.006564387 -0.346566916 -0.002024375 0.999995708 0.002121364 -3.651567459 0.006568682 -0.002108025 0.999976218 220.780166626
0.999956131 0.002280615 -0.009087418 -0.359570622 -0.002265385 0.999996006 0.001685951 -3.669790268 0.009091227 -0.001665291 0.999957323 221.773300171
0.999925017 0.002360314 -0.012017090 -0.374233246 -0.002337975 0.999995470 0.001872623 -3.691288948 0.012021456 -0.001844387 0.999926031 222.758956909
0.999888599 0.003329785 -0.014549572 -0.402983904 -0.003294357 0.999991536 0.002458272 -3.709599018 0.014557633 -0.002410067 0.999891162 223.686691284
0.999837637 0.003846310 -0.017603047 -0.423655510 -0.003809360 0.999990463 0.002132094 -3.733283043 0.017611079 -0.002064692 0.999842823 224.620651245
0.999793053 0.003228442 -0.020087603 -0.449069023 -0.003196777 0.999993503 0.001608243 -3.749059200 0.020092670 -0.001543694 0.999796987 225.525802612
0.999726236 0.002414818 -0.023270793 -0.478835106 -0.002390228 0.999996543 0.001084420 -3.772560596 0.023273330 -0.001028501 0.999728620 226.402709961
0.999636948 0.003747890 -0.026680827 -0.495767117 -0.003734721 0.999992907 0.000543370 -3.784754276 0.026682673 -0.000443528 0.999643803 227.265853882
0.999548793 0.004825887 -0.029645659 -0.530221462 -0.004848114 0.999988079 -0.000677930 -3.803771973 0.029642031 0.000821350 0.999560237 228.056518555
0.999476671 0.005935561 -0.031799223 -0.570504189 -0.005943145 0.999982297 -0.000144013 -3.827104568 0.031797811 0.000332925 0.999494255 228.880813599
0.999396563 0.007329348 -0.033952944 -0.566340923 -0.007353408 0.999972761 -0.000583794 -3.821064711 0.033947740 0.000833112 0.999423265 229.708419800
0.999407113 0.007229197 -0.033662692 -0.596546173 -0.007228626 0.999973834 0.000138650 -3.835803509 0.033662815 0.000104768 0.999433339 230.491394043
0.999434173 0.007385372 -0.032816593 -0.629776955 -0.007353742 0.999972343 0.001084441 -3.855780363 0.032823700 -0.000842503 0.999460757 231.254394531
0.999445736 0.006927849 -0.032562628 -0.655580521 -0.006910033 0.999975979 0.000659619 -3.875931025 0.032566410 -0.000434244 0.999469578 231.991668701
0.999467552 0.006930289 -0.031885725 -0.695242882 -0.006963889 0.999975383 -0.000942843 -3.898427963 0.031878404 0.001164389 0.999491096 232.715682983
0.999513984 0.006641838 -0.030458419 -0.725719452 -0.006732690 0.999973238 -0.002881238 -3.911892414 0.030438466 0.003084904 0.999531865 233.454727173
0.999504745 0.008109736 -0.030409213 -0.732904911 -0.008249039 0.999956071 -0.004458271 -3.924595356 0.030371720 0.004706909 0.999527633 234.182495117
0.999561608 0.008199620 -0.028448980 -0.774457455 -0.008345172 0.999952614 -0.005001210 -3.944818258 0.028406624 0.005236429 0.999582648 234.902130127
0.999609828 0.007872930 -0.026799483 -0.795297146 -0.008012191 0.999954879 -0.005093093 -3.961429596 0.026758179 0.005305827 0.999627769 235.627883911
0.999656200 0.007452802 -0.025136437 -0.811288357 -0.007585045 0.999957860 -0.005169794 -3.978221655 0.025096849 0.005358679 0.999670565 236.349761963
0.999713600 0.007500289 -0.022724422 -0.836845398 -0.007626836 0.999955833 -0.005487261 -3.993332386 0.022682259 0.005659005 0.999726653 237.075271606
0.999760032 0.007298170 -0.020654773 -0.852702141 -0.007415843 0.999956667 -0.005626325 -4.015878201 0.020612817 0.005778147 0.999770761 237.780044556
0.999816239 0.007478756 -0.017647900 -0.864492178 -0.007577833 0.999955893 -0.005553942 -4.027100563 0.017605584 0.005686654 0.999828696 238.492309570
0.999873340 0.006371467 -0.014587500 -0.875427485 -0.006444221 0.999966979 -0.004945907 -4.044759750 0.014555502 0.005039286 0.999881327 239.181488037
0.999921978 0.005758818 -0.011087848 -0.891359448 -0.005817435 0.999969244 -0.005261704 -4.051103592 0.011057205 0.005325795 0.999924660 239.882354736
0.999945879 0.005919809 -0.008548940 -0.899291277 -0.005957099 0.999972820 -0.004343133 -4.081912518 0.008522997 0.004393824 0.999953926 240.591629028
0.999968290 0.005421347 -0.005828473 -0.914100051 -0.005452287 0.999971032 -0.005305752 -4.082779884 0.005799541 0.005337362 0.999968886 241.269866943
0.999981940 0.005425247 -0.002603995 -0.921033740 -0.005440068 0.999968827 -0.005718538 -4.096404552 0.002572889 0.005732599 0.999980271 241.969253540
0.999981761 0.006028423 0.000359621 -0.919319093 -0.006025996 0.999961376 -0.006403757 -4.115252495 -0.000398212 0.006401472 0.999979377 242.658325195
0.999977052 0.005829430 0.003423716 -0.922313869 -0.005805208 0.999958336 -0.007042411 -4.130684853 -0.003464627 0.007022375 0.999969304 243.368850708
0.999962449 0.006143448 0.006103253 -0.919274211 -0.006107193 0.999963701 -0.005941340 -4.148174286 -0.006139530 0.005903844 0.999963701 244.052597046
0.999944091 0.006113940 0.008617455 -0.915484428 -0.006066617 0.999966443 -0.005507131 -4.164495468 -0.008650837 0.005454544 0.999947727 244.755508423
0.999924481 0.005878379 0.010784267 -0.907706738 -0.005820854 0.999968708 -0.005357830 -4.184891701 -0.010815425 0.005294651 0.999927521 245.458267212
0.999900222 0.004345982 0.013439192 -0.898487329 -0.004254153 0.999967515 -0.006853960 -4.204584122 -0.013468543 0.006796104 0.999886215 246.163482666
0.999866068 0.007145368 0.014720246 -0.911780834 -0.007004174 0.999929130 -0.009621082 -4.215640068 -0.014787950 0.009516690 0.999845386 246.898529053
0.999850690 0.006422077 0.016038135 -0.902914762 -0.006238532 0.999914765 -0.011468195 -4.230179310 -0.016110420 0.011366430 0.999805689 247.623428345
0.999855518 0.005830121 0.015962832 -0.892600298 -0.005646935 0.999917924 -0.011496913 -4.251600742 -0.016028550 0.011405112 0.999806464 248.343444824
0.999850929 0.006326765 0.016062679 -0.884238720 -0.006130440 0.999906242 -0.012242486 -4.269431591 -0.016138626 0.012142191 0.999796033 249.075592041
0.999837279 0.007154607 0.016563158 -0.879531384 -0.006948545 0.999898195 -0.012465327 -4.294547558 -0.016650656 0.012348210 0.999785185 249.810317993
0.999831855 0.008073137 0.016466161 -0.867298126 -0.007857610 0.999883115 -0.013112083 -4.307103157 -0.016570093 0.012980496 0.999778509 250.548187256
0.999830306 0.007178157 0.016963724 -0.861093521 -0.006921799 0.999861658 -0.015122833 -4.326694489 -0.017069930 0.015002846 0.999741733 251.298400879
0.999859750 0.002667932 0.016528649 -0.830671787 -0.002387314 0.999853015 -0.016974207 -4.358641624 -0.016571507 0.016932372 0.999719262 252.055130005
0.999857664 -0.000859753 0.016845625 -0.811009884 0.001154685 0.999846101 -0.017505988 -4.382427692 -0.016827982 0.017522952 0.999704957 252.823791504
0.999842405 0.001746763 0.017664643 -0.806731701 -0.001503484 0.999903977 -0.013775998 -4.397603989 -0.017687012 0.013747269 0.999749005 253.598083496
0.999824882 0.005587453 0.017858248 -0.793519974 -0.005456931 0.999958098 -0.007349250 -4.421567440 -0.017898561 0.007250509 0.999813497 254.411224365
0.999810219 0.005533630 0.018682705 -0.784347057 -0.005456338 0.999976337 -0.004185572 -4.440097332 -0.018705424 0.004082838 0.999816716 255.174087524
0.999773979 0.004292609 0.020819109 -0.765341759 -0.004161785 0.999971330 -0.006323072 -4.457477093 -0.020845655 0.006234999 0.999763250 255.962356567
0.999661446 0.004973238 0.025538422 -0.748013496 -0.004652870 0.999909997 -0.012588704 -4.470620155 -0.025598723 0.012465615 0.999594629 256.733734131
0.999541700 0.006467702 0.029573089 -0.732507706 -0.005996192 0.999853909 -0.016004907 -4.491363049 -0.029672286 0.015820242 0.999434471 257.534606934
0.999433756 0.007923188 0.032700006 -0.716074944 -0.007427684 0.999856174 -0.015246812 -4.515473843 -0.032816105 0.014995294 0.999348879 258.365356445
0.999316931 0.006269748 0.036417156 -0.687352180 -0.005772612 0.999888897 -0.013740310 -4.531533718 -0.036499262 0.013520702 0.999242246 259.225311279
0.999239445 0.004520774 0.038729716 -0.668517113 -0.004090553 0.999929249 -0.011180311 -4.530634880 -0.038777515 0.011013383 0.999187112 260.123992920
0.999142230 0.002101252 0.041357186 -0.631423950 -0.001704411 0.999952197 -0.009628360 -4.552052498 -0.041375440 0.009549612 0.999098063 260.970764160
0.998997509 0.002855038 0.044673391 -0.599751472 -0.002451003 0.999955654 -0.009096349 -4.573790550 -0.044697378 0.008977733 0.998960197 261.810150146
0.998870492 0.004879159 0.047264017 -0.568342209 -0.004356681 0.999928355 -0.011151187 -4.598369598 -0.047315035 0.010932676 0.998820186 262.662048340
0.998749197 0.005390039 0.049710032 -0.527520180 -0.004724457 0.999897778 -0.013497086 -4.623638630 -0.049777701 0.013245349 0.998672545 263.516937256
0.998634577 0.005450259 0.051952936 -0.485872269 -0.004766442 0.999900520 -0.013277091 -4.650618553 -0.052020125 0.013011332 0.998561323 264.376525879
0.998506904 0.006892255 0.054189440 -0.427130699 -0.006287541 0.999916136 -0.011321828 -4.670823574 -0.054262936 0.010964203 0.998466492 265.199371338
0.998257995 0.007268707 0.058549747 -0.410599709 -0.006733058 0.999933720 -0.009340705 -4.697451591 -0.058613755 0.008930214 0.998240888 266.019927979
0.998075783 0.009084896 0.061337136 -0.366924286 -0.008491864 0.999914706 -0.009922164 -4.718594074 -0.061422050 0.009382201 0.998067737 266.855346680
0.997861147 0.009146163 0.064726055 -0.326862335 -0.008465265 0.999906003 -0.010786128 -4.721817970 -0.064818636 0.010215134 0.997844815 267.659881592
0.997791529 0.005485538 0.066198006 -0.249700546 -0.004840610 0.999939263 -0.009898876 -4.780110836 -0.066248298 0.009556572 0.997757375 268.561401367
0.997738242 0.004421892 0.067073636 -0.174263000 -0.003704843 0.999934673 -0.010811092 -4.778149605 -0.067117058 0.010538142 0.997689426 269.464416504
0.997673333 0.003518547 0.068085618 -0.119939804 -0.002770395 0.999934733 -0.011079701 -4.799590111 -0.068120152 0.010865298 0.997617960 270.322418213
0.997628987 0.002303703 0.068782642 -0.063079834 -0.001571226 0.999941409 -0.010701356 -4.828988552 -0.068803266 0.010567910 0.997574270 271.174407959
0.997542381 0.002635853 0.070015803 -0.020843506 -0.001875693 0.999938548 -0.010920506 -4.846813202 -0.070040286 0.010762339 0.997486055 272.028503418
0.997571349 0.002128575 0.069620982 0.037761688 -0.001458962 0.999952137 -0.009667424 -4.878883362 -0.069638222 0.009542369 0.997526526 272.896667480
0.997613192 0.002637482 0.069000386 0.099519730 -0.001995021 0.999953985 -0.009378254 -4.901091576 -0.069021940 0.009218213 0.997572482 273.749084473
0.997716308 0.001725025 0.067523539 0.164697647 -0.001063896 0.999951124 -0.009825834 -4.929444313 -0.067537196 0.009731556 0.997669220 274.629425049
0.997863173 0.002176101 0.065303162 0.219835281 -0.001451051 0.999936759 -0.011148219 -4.943231583 -0.065323286 0.011029638 0.997803211 275.485290527
0.998050034 0.004973009 0.062221345 0.295907974 -0.004177521 0.999907911 -0.012908383 -4.944197655 -0.062279828 0.012623280 0.997978866 276.375427246
0.998049676 0.004672794 0.062249050 0.293457031 -0.003944444 0.999922395 -0.011818342 -5.000013351 -0.062299438 0.011549752 0.997990608 277.153686523
0.998119056 0.005659360 0.061043397 0.339387894 -0.004947231 0.999917984 -0.011810777 -5.037086010 -0.061105236 0.011486568 0.998065233 277.963073730
0.998251617 0.006310091 0.058769409 0.385387421 -0.005655023 0.999920011 -0.011306049 -5.060630322 -0.058836062 0.010953942 0.998207510 278.820251465
0.998431265 0.005542342 0.055715259 0.431959152 -0.005007455 0.999940038 -0.009735398 -5.085387707 -0.055765878 0.009441135 0.998399198 279.676147461
0.998681486 0.003871957 0.051188581 0.475465775 -0.003527582 0.999970496 -0.006816187 -5.117324352 -0.051213473 0.006626628 0.998665750 280.513244629
0.998915911 0.002997437 0.046453051 0.512118340 -0.002760079 0.999982774 -0.005172943 -5.136473656 -0.046467759 0.005039121 0.998907089 281.377014160
0.999104202 0.002436882 0.042244758 0.542476654 -0.002269926 0.999989510 -0.003999619 -5.155601501 -0.042254053 0.003900145 0.999099314 282.212768555
0.999307096 0.002608983 0.037128694 0.575569153 -0.002459946 0.999988794 -0.004059154 -5.168360710 -0.037138864 0.003965007 0.999302268 283.062164307
0.999461114 0.001302743 0.032801218 0.587135315 -0.001208762 0.999995053 -0.002884811 -5.195193291 -0.032804824 0.002843606 0.999457717 283.846740723
0.999609709 0.000513593 0.027931042 0.610281944 -0.000434469 0.999995887 -0.002838850 -5.204522610 -0.027932389 0.002825606 0.999605834 284.683746338
0.999727309 0.000102732 0.023351317 0.629922390 -0.000029542 0.999995112 -0.003134615 -5.221487045 -0.023351524 0.003133070 0.999722421 285.473205566
0.999803901 0.000186811 0.019798968 0.636268139 -0.000124407 0.999994993 -0.003153058 -5.238290787 -0.019799456 0.003149976 0.999799073 286.239807129
0.999870479 0.000618558 0.016077515 0.645450592 -0.000561860 0.999993622 -0.003530869 -5.253739834 -0.016079593 0.003521379 0.999864459 286.992156982
