1.000000000 0.000000000 0.000000000 0.000000000 0.000000000 1.000000000 0.000000000 0.000000000 0.000000000 0.000000000 1.000000000 0.000000000
0.999979794 0.000482963 -0.006342649 -0.010508435 -0.000480848 0.999999821 0.000334913 -0.000718648 0.006342809 -0.000331856 0.999979854 0.094488166
0.999910951 0.001101059 -0.013301183 -0.021446314 -0.001100150 0.999999404 0.000075640 -0.000080666 0.013301259 -0.000061000 0.999911547 0.191963568
0.999781668 0.001416317 -0.020848623 -0.032506417 -0.001427536 0.999998868 -0.000523230 -0.000839441 0.020847857 0.000552878 0.999782503 0.289396912
0.999543726 0.001836063 -0.030149262 -0.044995684 -0.001886708 0.999996841 -0.001651455 -0.003473809 0.030146135 0.001707584 0.999544024 0.395757943
0.999133766 0.001922596 -0.041567825 -0.056048825 -0.002067289 0.999991953 -0.003438189 -0.002686448 0.041560870 0.003521144 0.999129772 0.498531997
0.998487175 0.001816547 -0.054955166 -0.079303369 -0.002058177 0.999988437 -0.004340581 -0.003676996 0.054946654 0.004447122 0.998479366 0.623992443
0.997454882 0.001727543 -0.071280368 -0.105391659 -0.002045937 0.999988258 -0.004394017 -0.002333153 0.071271949 0.004528668 0.997446656 0.766969621
0.995942473 0.000415827 -0.089992464 -0.134444356 -0.000814483 0.999989986 -0.004393198 -0.004094957 0.089989737 0.004448669 0.995932758 0.917653918
0.993965983 -0.000953331 -0.109685808 -0.166291058 0.000463699 0.999989808 -0.004489366 -0.007756884 0.109688990 0.004411416 0.993956149 1.069497824
0.991268277 -0.001073442 -0.131856769 -0.212093785 0.000413486 0.999987304 -0.005032380 -0.008226498 0.131860510 0.004933917 0.991255999 1.240923405
0.987744808 0.002675786 -0.156054661 -0.268865049 -0.003700176 0.999973416 -0.006274180 -0.015424378 0.156033739 0.006774719 0.987728477 1.409122467
0.983383596 0.006962253 -0.181406245 -0.323451340 -0.008487229 0.999934793 -0.007631500 -0.024205536 0.181341320 0.009044328 0.983378649 1.568378448
0.978081524 0.009842275 -0.207989454 -0.402327180 -0.011858766 0.999893904 -0.008450476 -0.030649021 0.207884252 0.010731755 0.978094578 1.752017975
0.971315563 0.010304491 -0.237570897 -0.472855508 -0.012808714 0.999877453 -0.008999737 -0.029559352 0.237449035 0.011784562 0.971328557 1.938970327
0.963188291 0.012356261 -0.268543392 -0.552442849 -0.015128802 0.999851465 -0.008257362 -0.037276492 0.268401504 0.012016134 0.963232219 2.126731396
0.953781068 0.013981157 -0.300176948 -0.640848041 -0.016896244 0.999831915 -0.007117497 -0.042271577 0.300027043 0.011860397 0.953857005 2.305623055
0.942407787 0.015790686 -0.334092885 -0.738085926 -0.018882200 0.999803662 -0.006007750 -0.043424822 0.333932430 0.011970160 0.942521036 2.496661425
0.929855764 0.018328868 -0.367467582 -0.838713586 -0.021795511 0.999748588 -0.005285969 -0.050175365 0.367278278 0.012924334 0.930021346 2.670921803
0.915998399 0.021147255 -0.400624305 -0.969482481 -0.025175931 0.999671578 -0.004794520 -0.048234485 0.400391370 0.014477863 0.916229844 2.866763830
0.899863482 0.021599043 -0.435636550 -1.088813186 -0.025892228 0.999657035 -0.003920315 -0.050976500 0.435402453 0.014807350 0.900114179 3.046044827
0.881479204 0.017509017 -0.471898109 -1.228765011 -0.022170642 0.999744892 -0.004319600 -0.053047068 0.471702039 0.014269921 0.881642461 3.247497320
0.860127807 0.012417027 -0.509927392 -1.368266463 -0.017391531 0.999836326 -0.004988841 -0.053728487 0.509782016 0.013159462 0.860202968 3.434406757
0.835289955 0.013927580 -0.549633324 -1.530968308 -0.017867694 0.999838710 -0.001818254 -0.058317587 0.549519360 0.011339448 0.835404038 3.608440161
0.805805683 0.019933425 -0.591844440 -1.709786177 -0.023105331 0.999730587 0.002212822 -0.065778829 0.591729105 0.011891656 0.806049168 3.781883955
0.773542523 0.023103358 -0.633323133 -1.936243892 -0.026220359 0.999646246 0.004441050 -0.069266997 0.633201718 0.013170616 0.773874700 3.979206562
0.737159133 0.022682048 -0.675338328 -2.140390396 -0.025943372 0.999649584 0.005256188 -0.071117081 0.675220966 0.013645907 0.737489223 4.143910408
0.697083592 0.018549057 -0.716749847 -2.358467102 -0.020030890 0.999778867 0.006392395 -0.068987563 0.716709971 0.009901103 0.697301030 4.310130119
0.654274464 0.015525091 -0.756097853 -2.600020409 -0.015339606 0.999855936 0.007256396 -0.069931947 0.756101549 0.006850565 0.654418468 4.471265793
0.610140562 0.013876717 -0.792171657 -2.898493052 -0.011670145 0.999895573 0.008526989 -0.065565854 0.792207241 0.004042095 0.610238731 4.647470474
0.562017202 0.014722221 -0.826994538 -3.178235054 -0.009280854 0.999890864 0.011492961 -0.064858824 0.827073514 0.001215972 0.562092483 4.781624794
0.510097563 0.015456827 -0.859977663 -3.471323490 -0.007639604 0.999880493 0.013439927 -0.061417662 0.860082567 -0.000285786 0.510154724 4.912351131
0.457529724 0.016934507 -0.889033079 -3.782228708 -0.007438330 0.999856591 0.015217453 -0.054354362 0.889163256 -0.000349516 0.457590044 5.014311790
0.402742684 0.019335847 -0.915109038 -4.109786987 -0.005896914 0.999810874 0.018530309 -0.056411430 0.915294230 -0.002066625 0.402780443 5.113080978
0.347100973 0.020077208 -0.937612832 -4.506777763 -0.005029623 0.999796271 0.019546797 -0.037086628 0.937814295 -0.002068875 0.347131222 5.227837563
0.291710138 0.023489147 -0.956218421 -4.881314278 -0.002738100 0.999714792 0.023722325 -0.036054924 0.956502855 -0.004301819 0.291691273 5.298558235
0.238105774 0.025439359 -0.970906019 -5.249330044 0.001545819 0.999645710 0.026571488 -0.036526144 0.971238017 -0.007827669 0.237982079 5.348540306
0.187194079 0.025885902 -0.981981814 -5.618362427 0.004251309 0.999621928 0.027161334 -0.036590293 0.982313812 -0.009259149 0.187013239 5.387513638
0.139664263 0.027197994 -0.989825308 -6.033451080 0.001955738 0.999613106 0.027742893 -0.032298863 0.990197003 -0.005810530 0.139557049 5.405601978
0.097783148 0.027129622 -0.994837940 -6.455082893 -0.001675167 0.999631405 0.027095690 -0.018095225 0.995206356 -0.000982982 0.097792521 5.399389267
0.059530646 0.025863511 -0.997891426 -6.919255257 -0.001820612 0.999665380 0.025800880 -0.007378668 0.998224854 0.000280831 0.059557796 5.399585247
0.025125630 0.023254268 -0.999413729 -7.397460461 -0.000060128 0.999729455 0.023260104 -0.002686903 0.999684274 -0.000524332 0.025120225 5.386672497
-0.005986849 0.020395622 -0.999773920 -7.876169205 0.000418410 0.999792039 0.020393480 0.004704148 0.999981940 -0.000296223 -0.005994143 5.359177113
-0.032792911 0.018659851 -0.999287903 -8.368762016 0.000018707 0.999825776 0.018669277 0.010317460 0.999462128 0.000593526 -0.032787547 5.325129032
-0.053531528 0.016148401 -0.998435557 -8.872023582 -0.000471842 0.999868751 0.016196880 0.022262610 0.998566091 0.001338147 -0.053516880 5.281816006
-0.069850624 0.015272918 -0.997440577 -9.422101021 0.000345545 0.999883056 0.015286124 0.035225652 0.997557402 0.000723085 -0.069847733 5.235240459
-0.082739756 0.015699241 -0.996447504 -10.032843590 0.000134784 0.999876082 0.015742071 0.041231342 0.996571124 0.001168190 -0.082731612 5.168699265
-0.092478842 0.016841482 -0.995572209 -10.597207069 -0.001254668 0.999854207 0.017030464 0.042886272 0.995713890 0.002824070 -0.092444211 5.106369972
-0.099295989 0.018056367 -0.994894028 -11.180045128 -0.003786364 0.999821246 0.018523693 0.045283154 0.995050669 0.005606359 -0.099209875 5.037274837
-0.103560150 0.019260898 -0.994436622 -11.764160156 -0.002643471 0.999803543 0.019640137 0.049756184 0.994619668 0.004662700 -0.103488892 4.972215652
-0.105538718 0.019652402 -0.994220912 -12.375122070 0.000158450 0.999804974 0.019745959 0.062319875 0.994415164 0.001926429 -0.105521247 4.915825367
-0.104127362 0.022033298 -0.994319797 -13.063909531 0.001986300 0.999757171 0.021945775 0.067686856 0.994561911 0.000310139 -0.104145832 4.840479374
-0.102742009 0.024455259 -0.994407356 -13.708067894 0.001312663 0.999700189 0.024449801 0.073716968 0.994707167 0.001206700 -0.102743313 4.773983955
-0.100965351 0.024269573 -0.994593859 -14.358990669 -0.000849691 0.999699950 0.024480425 0.081904024 0.994889617 0.003316773 -0.100914448 4.703767776
-0.099370696 0.021819472 -0.994811237 -15.031344414 -0.002301404 0.999751806 0.022157725 0.091310903 0.995047808 0.004491291 -0.099295832 4.634283543
-0.097715639 0.021845086 -0.994974613 -15.705815315 -0.002441790 0.999750793 0.022189759 0.103895605 0.995211363 0.004597806 -0.097637951 4.560985565
-0.095945872 0.024261240 -0.995090902 -16.424055099 -0.003099238 0.999690771 0.024672220 0.118745297 0.995381713 0.005451221 -0.095841005 4.482026100
-0.094377719 0.027666558 -0.995152056 -17.162528992 -0.002992044 0.999601364 0.028074011 0.137077749 0.995531976 0.005627099 -0.094257317 4.422343254
-0.092446290 0.029737823 -0.995273411 -17.903190613 -0.003844389 0.999535799 0.030222261 0.145595044 0.995710254 0.006620155 -0.092289053 4.344923973
-0.090438664 0.028943615 -0.995481431 -18.644842148 -0.005368438 0.999548912 0.029549599 0.161646396 0.995887518 0.008016606 -0.090242490 4.269995689
-0.088828608 0.025944214 -0.995708942 -19.401388168 -0.007636694 0.999613583 0.026727231 0.178578585 0.996017635 0.009978069 -0.088596158 4.195019722
-0.087196559 0.025541764 -0.995863676 -20.158500671 -0.008923714 0.999611139 0.026419228 0.189063102 0.996151149 0.011190468 -0.086934730 4.127019405
-0.085736834 0.027735658 -0.995931625 -20.942024231 -0.005863393 0.999581099 0.028342051 0.203877985 0.996300578 0.008269497 -0.085538290 4.058608532
-0.084635459 0.030132543 -0.995956182 -21.728727341 -0.004732017 0.999519229 0.030642463 0.212492198 0.996400774 0.007306322 -0.084452160 3.985207319
-0.083170354 0.031598113 -0.996034265 -22.533845901 -0.004521217 0.999474883 0.032084789 0.224725634 0.996525109 0.007171792 -0.082983807 3.907422066
-0.082260683 0.026727829 -0.996252477 -23.342315674 -0.004391185 0.999620855 0.027180783 0.239260852 0.996601105 0.006610638 -0.082112134 3.833603382
-0.081994049 0.019914998 -0.996433794 -24.147069931 -0.002710819 0.999792218 0.020205189 0.244620383 0.996629119 0.004357858 -0.081923023 3.766680241
-0.082391381 0.015185161 -0.996484280 -24.969106674 0.000312232 0.999884188 0.015211154 0.258436888 0.996600091 0.000942133 -0.082386583 3.702498913
-0.082848601 0.015943320 -0.996434569 -25.791992188 0.001230750 0.999872923 0.015895998 0.267304718 0.996561408 0.000090599 -0.082857698 3.628931046
-0.082803540 0.023516143 -0.996288359 -26.633201599 0.001102667 0.999723077 0.023505572 0.268780738 0.996565342 0.000847770 -0.082806557 3.553513527
-0.083852962 0.030302087 -0.996017337 -27.477552414 -0.000002359 0.999537468 0.030409388 0.287844360 0.996478200 0.002552265 -0.083814114 3.493674755
-0.083770841 0.035863943 -0.995839417 -28.317430496 -0.000787722 0.999349356 0.036056615 0.305384696 0.996484756 0.003804938 -0.083688080 3.408463001
-0.084109329 0.036307644 -0.995794833 -29.161466599 -0.002408676 0.999325633 0.036639832 0.317595243 0.996453643 0.005480299 -0.083965138 3.330658197
-0.084263153 0.032988522 -0.995897293 -29.995674133 -0.001960799 0.999444366 0.033271920 0.332635224 0.996441603 0.004756352 -0.084151648 3.255473614
-0.084807724 0.030022364 -0.995944977 -30.834619522 -0.002147214 0.999538064 0.030313523 0.348834038 0.996394992 0.004709328 -0.084704094 3.181715727
-0.084866256 0.031106062 -0.995906770 -31.663911819 -0.003847959 0.999494791 0.031546041 0.363311648 0.996384919 0.006509403 -0.084703699 3.102389097
-0.084400631 0.033861049 -0.995856404 -32.513675690 -0.004891227 0.999396324 0.034395948 0.374696255 0.996419966 0.007774000 -0.084184051 3.014625311
-0.084214121 0.032235440 -0.995926142 -33.354614258 -0.006503110 0.999437392 0.032898992 0.385173976 0.996426463 0.009247176 -0.083957128 2.929413319
-0.083906360 0.026851781 -0.996111810 -34.169784546 -0.007790335 0.999588668 0.027601715 0.387697756 0.996443212 0.010076004 -0.083662674 2.855946779
-0.083588950 0.022663457 -0.996242642 -35.004192352 -0.009027703 0.999683082 0.023499187 0.401394516 0.996459424 0.010958054 -0.083357863 2.779314280
-0.082998283 0.023430660 -0.996274173 -35.846755981 -0.008294033 0.999672711 0.024201550 0.409796715 0.996515155 0.010271818 -0.082776800 2.704251289
-0.082567647 0.025876377 -0.996249437 -36.688793182 -0.006995181 0.999623239 0.026543753 0.417914391 0.996560991 0.009160600 -0.082355514 2.632909775
-0.081793971 0.030383008 -0.996186018 -37.535964966 -0.006649970 0.999496341 0.031029979 0.432900846 0.996627152 0.009162671 -0.081550702 2.552541018
-0.081306115 0.036788076 -0.996010005 -38.359878540 -0.007316799 0.999269664 0.037505753 0.431560457 0.996662319 0.010337053 -0.080977574 2.489340305
-0.081515297 0.039503708 -0.995888829 -39.213768005 -0.007248669 0.999164283 0.040226951 0.456553102 0.996645749 0.010497982 -0.081160814 2.412458658
-0.080952935 0.039237969 -0.995945275 -40.029708862 -0.007205307 0.999175668 0.039950907 0.473084688 0.996691942 0.010410235 -0.080603473 2.336272001
-0.081092536 0.034887753 -0.996095777 -40.870941162 -0.006890168 0.999343753 0.035562444 0.489155293 0.996682644 0.009747116 -0.080798939 2.274652719
-0.081130981 0.030856108 -0.996225655 -41.735137939 -0.007587978 0.999472618 0.031574622 0.500558257 0.996674538 0.010121021 -0.080854051 2.214378119
-0.080974385 0.028077839 -0.996320665 -42.567089081 -0.011247472 0.999513745 0.029081948 0.516033351 0.996652663 0.013560981 -0.080619201 2.135615110
-0.081546701 0.026217729 -0.996324658 -43.400108337 -0.014373766 0.999519050 0.027478240 0.529355168 0.996565878 0.016561696 -0.081130639 2.058210135
-0.082060330 0.024390336 -0.996328950 -44.221118927 -0.012454702 0.999597371 0.025496153 0.535018027 0.996549547 0.014501203 -0.081723511 1.986429930
-0.083389357 0.020681612 -0.996302426 -45.043983459 -0.009428997 0.999723375 0.021541826 0.537604153 0.996472418 0.011190492 -0.083171293 1.923039675
-0.084468551 0.019305509 -0.996239126 -45.875022888 -0.004635939 0.999793887 0.019767459 0.545105815 0.996415377 0.006288233 -0.084361643 1.852639914
-0.086144246 0.022715621 -0.996023655 -46.684246063 -0.005024770 0.999717414 0.023234440 0.547514915 0.996270001 0.007006304 -0.086005770 1.783799410
-0.087946817 0.028663674 -0.995712698 -47.506294250 -0.002332861 0.999577343 0.028980976 0.557899892 0.996122420 0.004871644 -0.087842762 1.711520672
-0.089262232 0.032378614 -0.995481730 -48.322479248 -0.001179043 0.999467373 0.032613963 0.563717365 0.996007383 0.004084912 -0.089176498 1.630848408
-0.091327883 0.031900890 -0.995309711 -49.132179260 0.000027690 0.999486864 0.032032222 0.572196901 0.995820880 0.002897876 -0.091281898 1.557646275
-0.091875166 0.028060066 -0.995375037 -49.954208374 -0.003792555 0.999585748 0.028528828 0.573181868 0.995763302 0.006396107 -0.091730669 1.461368084
-0.093222767 0.024195572 -0.995351195 -50.753829956 -0.008507977 0.999648750 0.025096882 0.584747076 0.995608926 0.010808026 -0.092984177 1.375617981
-0.094560869 0.022746377 -0.995259166 -51.546508789 -0.012664111 0.999630570 0.024049517 0.591310024 0.995438576 0.014878217 -0.094237879 1.288730621
-0.095286213 0.024053890 -0.995159209 -52.339790344 -0.014128207 0.999574602 0.025513384 0.594006956 0.995349646 0.016490892 -0.094905831 1.202321529
-0.096332893 0.025500368 -0.995022476 -53.124385834 -0.014270998 0.999533594 0.026997628 0.600942671 0.995246828 0.016800724 -0.095924050 1.122603416
-0.097581230 0.024966797 -0.994914293 -53.905750275 -0.015935188 0.999517918 0.026645243 0.607986867 0.995100021 0.018454228 -0.097136341 1.039492130
-0.097978540 0.024853239 -0.994878113 -54.683471680 -0.017178167 0.999496877 0.026660381 0.612604916 0.995040238 0.019702330 -0.097502328 0.952175617
-0.098849244 0.026921621 -0.994738281 -55.459571838 -0.014356675 0.999491274 0.028476914 0.619033396 0.994998872 0.017096052 -0.098412491 0.882484436
-0.099402383 0.029651145 -0.994605362 -56.243667603 -0.013902132 0.999416947 0.031183984 0.632242203 0.994950294 0.016926898 -0.098932222 0.805342197
-0.099156186 0.033953074 -0.994492412 -56.987686157 -0.014193321 0.999267697 0.035531260 0.638068914 0.994970679 0.017638294 -0.098601684 0.718051434
-0.099837676 0.036304608 -0.994341195 -57.754135132 -0.013068398 0.999199986 0.037794150 0.646816254 0.994917989 0.016767725 -0.099283375 0.644833088
-0.100660972 0.036065176 -0.994266927 -58.488712311 -0.012563310 0.999216914 0.037516657 0.659283876 0.994841516 0.016267743 -0.100129060 0.569643021
-0.100809582 0.034438953 -0.994309425 -59.255191803 -0.012581918 0.999276578 0.035886630 0.661463857 0.994826198 0.016128037 -0.100303352 0.485280991
-0.101048551 0.030355180 -0.994418263 -59.993606567 -0.012716700 0.999413371 0.031799875 0.681345701 0.994800210 0.015859053 -0.100603275 0.408768654
-0.100328073 0.028080096 -0.994557977 -60.729877472 -0.013557962 0.999470234 0.029586475 0.682002306 0.994862080 0.016452538 -0.099894203 0.323846817
-0.099154882 0.025667842 -0.994740903 -61.435852051 -0.013462255 0.999541163 0.027133610 0.692560017 0.994980931 0.016081885 -0.098763831 0.255145550
-0.096462540 0.024743952 -0.995028913 -62.103664398 -0.016054520 0.999522150 0.026412085 0.693088055 0.995207250 0.018522488 -0.096019201 0.167240143
-0.092557982 0.026440779 -0.995356143 -62.771823883 -0.015194437 0.999493480 0.027963605 0.696819067 0.995591342 0.017712131 -0.092109345 0.111849785
-0.086399823 0.027639739 -0.995877087 -63.456680298 -0.016060648 0.999446511 0.029132193 0.698207736 0.996131122 0.018511450 -0.085908115 0.038198948
-0.079715475 0.028789990 -0.996401787 -64.146057129 -0.014543368 0.999442875 0.030041372 0.714886427 0.996711552 0.016885804 -0.079252377 0.003106117
-0.070810027 0.030149575 -0.997034073 -64.786155701 -0.015559609 0.999388158 0.031325817 0.720401049 0.997368455 0.017731640 -0.070297599 -0.044533730
-0.058946259 0.031964146 -0.997749329 -65.411384583 -0.017898226 0.999292791 0.033071004 0.726237893 0.998100638 0.019807357 -0.058332466 -0.084796429
-0.043896087 0.033324182 -0.998480201 -66.014305115 -0.021037824 0.999191046 0.034272797 0.732441306 0.998814523 0.022510290 -0.043159522 -0.111549377
-0.025734901 0.034688566 -0.999066770 -66.611129761 -0.022236740 0.999130726 0.035263579 0.740973234 0.999421418 0.023123492 -0.024941161 -0.119453073
-0.003941275 0.035735551 -0.999353409 -67.183914185 -0.023513045 0.999081612 0.035818562 0.745090365 0.999715745 0.023639014 -0.003097408 -0.105234519
0.021301441 0.036138274 -0.999119699 -67.706871033 -0.023022670 0.999099314 0.035646684 0.747779727 0.999507904 0.022243077 0.022114240 -0.071149230
0.050868087 0.035474423 -0.998075128 -68.224906921 -0.021692332 0.999172449 0.034407847 0.756616235 0.998469651 0.019900315 0.051595502 -0.034035206
0.085346095 0.035738125 -0.995710194 -68.711669922 -0.020194637 0.999213338 0.034132894 0.756271362 0.996146619 0.017194897 0.086000681 0.020056725
0.122614197 0.035933316 -0.991803706 -69.201515198 -0.019481726 0.999238908 0.033794224 0.764217377 0.992263138 0.015178396 0.123220898 0.117372513
0.163790673 0.035363749 -0.985861063 -69.640838623 -0.019398933 0.999279439 0.032622147 0.771258235 0.986304283 0.013781444 0.164358646 0.202596664
0.210156232 0.036676966 -0.976979554 -70.057075500 -0.018979054 0.999260843 0.033430882 0.771500707 0.977483630 0.011516438 0.210696965 0.300118446
0.258337557 0.035261594 -0.965410829 -70.491302490 -0.016399475 0.999349713 0.032112822 0.776404500 0.965915501 0.007536284 0.258747756 0.445112228
0.307791501 0.029975493 -0.950981498 -70.895980835 -0.009500648 0.999550581 0.028431468 0.781702757 0.951406419 0.000283975 0.307937980 0.629346848
0.359964609 0.025821505 -0.932608545 -71.307449341 -0.003581130 0.999647856 0.026295416 0.768442392 0.932959080 -0.006125628 0.359930277 0.812002182
0.410653204 0.021111064 -0.911547124 -71.663131714 0.003623905 0.999686360 0.024784897 0.763523161 0.911784410 -0.013481357 0.410447866 1.047746658
0.460496634 0.020389596 -0.887427270 -72.022460938 0.005034167 0.999660015 0.025580557 0.769006073 0.887647152 -0.016247217 0.460237473 1.297382355
0.509135962 0.019054066 -0.860475242 -72.392501831 0.006494283 0.999641418 0.025978325 0.777872205 0.860661566 -0.018814668 0.508829653 1.551071167
0.554525971 0.014329188 -0.832043111 -72.740753174 0.014549431 0.999531865 0.026910290 0.787048817 0.832039297 -0.027028205 0.554057956 1.832710266
0.598775685 0.007788934 -0.800878942 -73.054817200 0.024908612 0.999287903 0.028341437 0.789587140 0.800529361 -0.036918946 0.598155260 2.127738953
0.641801059 0.002287731 -0.766867816 -73.365997314 0.026681585 0.999323428 0.025311340 0.796143591 0.766406775 -0.036706090 0.641305804 2.431316376
0.683180273 -0.002228792 -0.730246305 -73.663093567 0.023602415 0.999540269 0.019030474 0.796090603 0.729868054 -0.030236818 0.682918847 2.745635986
0.723162651 -0.009876221 -0.690607131 -73.914718628 0.020579992 0.999761820 0.007252770 0.807695150 0.690371037 -0.019457618 0.723193705 3.071586609
0.761920810 -0.011263680 -0.647572279 -74.159141541 0.014633516 0.999892950 -0.000174332 0.801104546 0.647504807 -0.009343432 0.762004018 3.415985107
0.799026966 -0.013363730 -0.601146698 -74.416702271 0.014196395 0.999893665 -0.003358591 0.808785081 0.601127505 -0.005850511 0.799131632 3.808494568
0.833742619 -0.015364718 -0.551939547 -74.681373596 0.014947556 0.999874473 -0.005254881 0.816434860 0.551950932 -0.003868926 0.833867550 4.246944427
0.863610029 -0.012905627 -0.503995240 -74.880798340 0.011055282 0.999916673 -0.006660968 0.805700660 0.504039168 0.000180669 0.863680780 4.672681808
0.889855802 -0.013121480 -0.456053138 -75.132278442 0.011687720 0.999913931 -0.005964141 0.808651268 0.456092179 -0.000022996 0.889932573 5.187589645
0.911202431 -0.007085904 -0.411897898 -75.328742981 0.005644822 0.999972939 -0.004715093 0.803222120 0.411920160 0.001971313 0.911217809 5.686717987
0.928798974 -0.002649362 -0.370574743 -75.514266968 0.000463211 0.999982059 -0.005988220 0.796545446 0.370583951 0.005390198 0.928783357 6.196767807
0.942508459 0.002840391 -0.334170520 -75.692985535 -0.004553813 0.999980211 -0.004344111 0.792118728 0.334151566 0.005616111 0.942502618 6.720951080
0.952712238 0.003302925 -0.303856134 -75.854881287 -0.004220476 0.999988317 -0.002362998 0.779363930 0.303844720 0.003533673 0.952715039 7.265178680
0.959902644 0.001839956 -0.280327737 -75.998405457 -0.002191756 0.999997199 -0.000941470 0.776976466 0.280325145 0.001518130 0.959903896 7.856822968
0.965830624 0.001825270 -0.259167850 -76.154075623 -0.001608372 0.999998212 0.001048944 0.776458859 0.259169340 -0.000596263 0.965831757 8.469415665
0.970747590 0.006445747 -0.240015820 -76.329055786 -0.005564147 0.999975026 0.004350574 0.761673152 0.240037858 -0.002887825 0.970759153 9.103696823
0.974358857 0.009974480 -0.224778488 -76.483329773 -0.008937967 0.999944210 0.005628365 0.765296340 0.224822074 -0.003474983 0.974393725 9.748979568
0.977421045 0.013816902 -0.210849002 -76.642402649 -0.012681944 0.999896944 0.006734099 0.767106652 0.210920304 -0.003908076 0.977495432 10.405558586
0.979963541 0.013880931 -0.198692843 -76.745353699 -0.012699060 0.999893367 0.007221372 0.742736399 0.198771879 -0.004553469 0.980035186 11.044942856
0.982838631 0.013392959 -0.183980465 -76.890014648 -0.012343156 0.999900341 0.006850160 0.744734168 0.184053838 -0.004461702 0.982906044 11.742097855
0.985514820 0.016257316 -0.168808758 -77.023330688 -0.015135059 0.999854088 0.007932762 0.723552227 0.168913096 -0.005262923 0.985616922 12.430756569
0.987529755 0.014910286 -0.156724244 -77.098785400 -0.013623654 0.999864101 0.009280589 0.723484814 0.156841338 -0.007029705 0.987598836 13.160588264
0.989519715 0.014767494 -0.143641233 -77.205558777 -0.014035844 0.999882936 0.006105649 0.720201135 0.143714607 -0.004025535 0.989610910 13.865202904
0.991171956 0.015496245 -0.131674200 -77.323493958 -0.015617258 0.999878049 0.000113655 0.729692638 0.131659836 0.001943737 0.991293073 14.620715141
0.992239475 0.014433099 -0.123501331 -77.382789612 -0.015361571 0.999860525 -0.006568921 0.726981997 0.123389304 0.008415114 0.992322624 15.388219833
0.993371308 0.014260340 -0.114061050 -77.519081116 -0.015173739 0.999859333 -0.007143755 0.727672637 0.113943122 0.008827134 0.993448079 16.204055786
0.994121790 0.016299471 -0.107033737 -77.607383728 -0.016507667 0.999863207 -0.001059399 0.717546165 0.107001826 0.002820049 0.994254887 16.980707169
0.994564712 0.020401914 -0.102101371 -77.688858032 -0.019785389 0.999779344 0.007047562 0.706266522 0.102222636 -0.004989143 0.994749010 17.748298645
0.995054126 0.021725984 -0.096928783 -77.789352417 -0.020807106 0.999728560 0.010480804 0.699626446 0.097130165 -0.008412159 0.995236099 18.535518646
0.995402157 0.019703893 -0.093735129 -77.866630554 -0.018873425 0.999774456 0.009738095 0.693619251 0.093905866 -0.007924219 0.995549560 19.316274643
0.995653510 0.019529922 -0.091063857 -77.935005188 -0.018832818 0.999786437 0.008508251 0.691000819 0.091210574 -0.006756282 0.995808780 20.087253571
0.995908618 0.019161278 -0.088311017 -78.002822876 -0.018242365 0.999770820 0.011200882 0.676444113 0.088505395 -0.009544055 0.996029973 20.858293533
0.996224046 0.016915318 -0.085154265 -78.095321655 -0.015843105 0.999786615 0.013251542 0.681767583 0.085360229 -0.011852400 0.996279597 21.637092590
0.996551931 0.014829847 -0.081635945 -78.168121338 -0.013667773 0.999797463 0.014775345 0.681345344 0.081838518 -0.013608618 0.996552706 22.423154831
0.996802628 0.015108473 -0.078460768 -78.227905273 -0.014291882 0.999837875 0.010958798 0.667632222 0.078613594 -0.009802409 0.996856987 23.145002365
0.996800125 0.017406916 -0.078017667 -78.258178711 -0.017082412 0.999842465 0.004824869 0.645731449 0.078089364 -0.003476699 0.996940255 23.782306671
0.996942103 0.018164270 -0.076002710 -78.327720642 -0.018428683 0.999826312 -0.002779021 0.637691438 0.075939022 0.004171152 0.997103810 24.544591904
0.997013450 0.018934956 -0.074869938 -78.389778137 -0.019518347 0.999784648 -0.007068023 0.628559530 0.074719965 0.008508252 0.997168303 25.315193176
0.997105122 0.019979177 -0.073363103 -78.439231873 -0.020418147 0.999777853 -0.005238342 0.610552251 0.073242158 0.006721116 0.997291565 26.068614960
0.997242808 0.023825144 -0.070277788 -78.516006470 -0.023945736 0.999712884 -0.000873797 0.588800728 0.070236795 0.002554241 0.997527063 26.849294662
0.997379065 0.026520563 -0.067316622 -78.587127686 -0.026316710 0.999646008 0.003913447 0.579188168 0.067396581 -0.002131639 0.997724056 27.608396530
0.997544587 0.025370577 -0.065275818 -78.637832642 -0.025047824 0.999669731 0.005758267 0.568126440 0.065400347 -0.004109111 0.997850657 28.361230850
0.997737825 0.022648714 -0.063295066 -78.699432373 -0.022331033 0.999734282 0.005722133 0.554802299 0.063407846 -0.004295744 0.997978508 29.113971710
0.997818708 0.020619482 -0.062710896 -78.733535767 -0.020299342 0.999777555 0.005737939 0.544164836 0.062815256 -0.004452433 0.998015285 29.842620850
0.997890592 0.019625938 -0.061880670 -78.775314331 -0.019453418 0.999805033 0.003389232 0.559175014 0.061935123 -0.002178292 0.998077810 30.638183594
0.997973979 0.017380938 -0.061202846 -78.823272705 -0.017289553 0.999848545 0.002022389 0.551780939 0.061228719 -0.000960122 0.998123288 31.404130936
0.998026431 0.016864046 -0.060489032 -78.870010376 -0.016758272 0.999857008 0.002255569 0.541406333 0.060518429 -0.001237425 0.998166323 32.164009094
0.998028815 0.020094492 -0.059453737 -78.925407410 -0.019950528 0.999796510 0.003014093 0.535478294 0.059502196 -0.001822018 0.998226523 32.939884186
0.998033702 0.019821173 -0.059464518 -78.976165771 -0.019714937 0.999802887 0.002372737 0.523716748 0.059499823 -0.001195732 0.998227596 33.712612152
0.997942388 0.018906215 -0.061267130 -79.022636414 -0.018787779 0.999820411 0.002508611 0.508158684 0.061303560 -0.001352376 0.998118222 34.484695435
0.997862041 0.017055944 -0.063090086 -79.077613831 -0.016935069 0.999853611 0.002450205 0.509629667 0.063122645 -0.001376532 0.998004794 35.286144257
0.997611046 0.018817959 -0.066469237 -79.136192322 -0.018691638 0.999822140 0.002521920 0.497048497 0.066504866 -0.001273476 0.997785270 36.079399109
0.997330308 0.022330265 -0.069525458 -79.191772461 -0.022249080 0.999750674 0.001941934 0.492804050 0.069551483 -0.000389873 0.997578204 36.857452393
0.997126162 0.024180023 -0.071796171 -79.273559570 -0.024493786 0.999693871 -0.003492903 0.499168634 0.071689717 0.005241425 0.997413218 37.682060242
0.996955156 0.024822442 -0.073920451 -79.342727661 -0.025400678 0.999653637 -0.006892468 0.491796106 0.073723763 0.008749112 0.997240245 38.494106293
0.996830285 0.024052100 -0.075833946 -79.410919189 -0.024766164 0.999657214 -0.008489711 0.479078501 0.075603746 0.010340916 0.997084260 39.316738129
0.996625066 0.023892118 -0.078533456 -79.475303650 -0.024498343 0.999677002 -0.006764805 0.458745629 0.078346461 0.008665914 0.996888518 40.149829865
0.996485591 0.022364657 -0.080722481 -79.542114258 -0.022961175 0.999715507 -0.006468937 0.447124124 0.080554828 0.008299687 0.996715546 40.975337982
0.996334016 0.022183252 -0.082621776 -79.614074707 -0.022629999 0.999733925 -0.004474469 0.427794129 0.082500525 0.006327798 0.996570945 41.804641724
0.996269643 0.021830643 -0.083487615 -79.689125061 -0.022017064 0.999756694 -0.001312773 0.420759231 0.083438650 0.003146028 0.996507943 42.644344330
0.996271491 0.020378040 -0.083830364 -79.767448425 -0.020130241 0.999790132 0.003800192 0.405125380 0.083890207 -0.002098498 0.996472776 43.492164612
0.996348977 0.019896589 -0.083022922 -79.843284607 -0.019493312 0.999793887 0.005665251 0.392683208 0.083118528 -0.004026175 0.996531546 44.329612732
0.996340096 0.023166211 -0.082278349 -79.922912598 -0.022746464 0.999723017 0.006035360 0.386209399 0.082395375 -0.004141728 0.996591091 45.246116638
0.996522188 0.022736019 -0.080166556 -80.000099182 -0.022420526 0.999736845 0.004833565 0.380847812 0.080255359 -0.003019379 0.996769726 46.118415833
0.996701539 0.020851793 -0.078430720 -80.071540833 -0.020729931 0.999782264 0.002367712 0.372258335 0.078463018 -0.000734038 0.996916711 46.981689453
0.996902764 0.016829485 -0.076822586 -80.132568359 -0.016810266 0.999858379 0.000896871 0.360077918 0.076826781 0.000397314 0.997044384 47.855869293
0.997062743 0.016375231 -0.074818686 -80.201713562 -0.016384801 0.999865592 0.000485885 0.350047708 0.074816577 0.000741433 0.997196972 48.720584869
0.997138798 0.014046911 -0.074275576 -80.257057190 -0.013880540 0.999899864 0.002755707 0.341284037 0.074306846 -0.001716837 0.997233987 49.559425354
0.997230649 0.010185227 -0.073669016 -80.322669983 -0.009793546 0.999935985 0.005676046 0.319347829 0.073722087 -0.004938847 0.997266591 50.442413330
0.997294843 0.009702091 -0.072861381 -80.395477295 -0.009298235 0.999939620 0.005879925 0.302580982 0.072914027 -0.005186537 0.997324765 51.343799591
0.997369587 0.011404206 -0.071582131 -80.465927124 -0.011236068 0.999933124 0.002751134 0.288261533 0.071608722 -0.001939595 0.997430921 52.209018707
0.997390926 0.013802782 -0.070858121 -80.540885925 -0.014040511 0.999897361 -0.002857985 0.273734570 0.070811391 0.003845412 0.997482359 53.080547333
0.997413278 0.014955171 -0.070307098 -80.602127075 -0.015556794 0.999846816 -0.008017272 0.249654442 0.070176430 0.009090286 0.997493148 53.926750183
0.997403443 0.019936450 -0.069201723 -80.672073364 -0.020964263 0.999679983 -0.014158040 0.231256425 0.068897307 0.015572041 0.997502267 54.799495697
0.997477531 0.019612405 -0.068221025 -80.735519409 -0.020679479 0.999674082 -0.014970480 0.206675887 0.067905173 0.016343495 0.997557938 55.652057648
0.997532487 0.017181398 -0.068072163 -80.794288635 -0.017834822 0.999800384 -0.009002831 0.188918531 0.067903914 0.010194670 0.997639775 56.501312256
0.997515619 0.015888106 -0.068630688 -80.857902527 -0.015936909 0.999872923 -0.000163587 0.169946432 0.068619370 0.001256942 0.997642159 57.385650635
0.997419119 0.014615751 -0.070296042 -80.914596558 -0.014111117 0.999871075 0.007669943 0.145898581 0.070399091 -0.006658192 0.997496724 58.236648560
0.997308195 0.013443123 -0.072081104 -80.969001770 -0.013060577 0.999898016 0.005775871 0.139128834 0.072151400 -0.004818902 0.997382045 58.977329254
0.997236133 0.008097763 -0.073854789 -81.030838013 -0.007961248 0.999966025 0.002142619 0.130515173 0.073869616 -0.001548721 0.997266650 59.818599701
0.997016191 0.006620289 -0.076907985 -81.091865540 -0.006574333 0.999978006 0.000850724 0.114784628 0.076911934 -0.000342568 0.997037828 60.659374237
0.996779263 0.009359544 -0.079646342 -81.165275574 -0.009512442 0.999953568 -0.001540505 0.096532010 0.079628222 0.002293174 0.996821940 61.488384247
0.996478140 0.010084627 -0.083244547 -81.240066528 -0.010578165 0.999928951 -0.005489824 0.085142106 0.083183274 0.006351063 0.996514082 62.306259155
0.996104836 0.011109479 -0.087473087 -81.310676575 -0.011875574 0.999895573 -0.008242568 0.061793208 0.087372378 0.009249255 0.996132731 63.109474182
0.995877683 0.012748599 -0.089806646 -81.399772644 -0.013880556 0.999831676 -0.011991100 0.031481683 0.089638650 0.013188232 0.995886981 63.916702271
0.995530665 0.017579148 -0.092788339 -81.495742798 -0.018820230 0.999744534 -0.012517306 0.013303757 0.092544585 0.014207657 0.995607197 64.711204529
0.995109499 0.020067967 -0.096718609 -81.588958740 -0.021161752 0.999722958 -0.010296340 -0.002143860 0.096485190 0.012292719 0.995258510 65.535255432
0.994702399 0.022702914 -0.100259177 -81.685272217 -0.023194684 0.999723971 -0.003741871 -0.036222577 0.100146569 0.006047528 0.994954348 66.266357422
0.994292200 0.023193523 -0.104139157 -81.779106140 -0.023136321 0.999730766 0.001757382 -0.051971257 0.104151875 0.000662045 0.994561255 67.070976257
0.993766725 0.022746785 -0.109134123 -81.869949341 -0.022267031 0.999736249 0.005612870 -0.068856239 0.109233029 -0.003147792 0.994011223 67.869361877
0.993013442 0.022308091 -0.115873486 -81.964813232 -0.021728188 0.999744296 0.006265503 -0.071993291 0.115983620 -0.003704008 0.993244290 68.671890259
0.992350638 0.019354345 -0.121924132 -82.065490723 -0.018215181 0.999779463 0.010450966 -0.088019609 0.122099504 -0.008150155 0.992484450 69.447090149
0.991593599 0.020854991 -0.127699777 -82.177970886 -0.019776432 0.999757230 0.009708287 -0.093240798 0.127871260 -0.007101230 0.991765380 70.251937866
0.990796387 0.024463499 -0.133132681 -82.318580627 -0.023417912 0.999681413 0.009414152 -0.108539104 0.133320600 -0.006209818 0.991053462 71.016136169
0.989937663 0.026504956 -0.138999954 -82.437042236 -0.025951577 0.999646425 0.005792396 -0.115415722 0.139104337 -0.002126843 0.990275502 71.788803101
0.989109337 0.025388356 -0.144977152 -82.556556702 -0.025233449 0.999677420 0.002907529 -0.123179391 0.145004213 0.000782411 0.989430726 72.560913086
0.988310099 0.026618553 -0.150115445 -82.681488037 -0.026689734 0.999642551 0.001540856 -0.133146271 0.150102809 0.002483697 0.988667309 73.330093384
0.987567484 0.027854059 -0.154708326 -82.811737061 -0.027120395 0.999608696 0.006851197 -0.145987451 0.154838592 -0.002570267 0.987936437 74.098327637
0.986539781 0.029053455 -0.160919771 -82.948554993 -0.027634870 0.999557018 0.011047019 -0.152820587 0.161169454 -0.006451325 0.986905694 74.861518860
0.985482156 0.029379666 -0.167217955 -83.080612183 -0.027596781 0.999534845 0.012976285 -0.161374331 0.167521417 -0.008173221 0.985834539 75.625503540
0.984229088 0.025838599 -0.175001428 -83.210784912 -0.024588330 0.999654293 0.009309147 -0.163009107 0.175181493 -0.004859340 0.984524190 76.415840149
0.982754648 0.024065671 -0.183341578 -83.358123779 -0.024107227 0.999707341 0.002002488 -0.165255353 0.183336124 0.002451903 0.983047307 77.163558960
0.981152356 0.021396985 -0.192047834 -83.515228271 -0.021791112 0.999762535 0.000059913 -0.172113448 0.192003503 0.004126152 0.981385648 77.904449463
0.979109883 0.020568511 -0.202288657 -83.680335999 -0.020369563 0.999787807 0.003065458 -0.185531259 0.202308774 0.001119112 0.979321182 78.643531799
0.976684630 0.021657649 -0.213583618 -83.844467163 -0.020195112 0.999755383 0.009027324 -0.190397382 0.213726848 -0.004503503 0.976883173 79.373664856
0.974131346 0.023761570 -0.224729836 -84.037574768 -0.020531433 0.999649644 0.016699770 -0.192608595 0.225047916 -0.011653746 0.974278033 80.103347778
0.971327960 0.027288377 -0.236172274 -84.224479675 -0.023344880 0.999537706 0.019478273 -0.174098969 0.236594662 -0.013406376 0.971515954 80.856636047
0.968366623 0.030528417 -0.247657105 -84.421653748 -0.027671488 0.999504387 0.015009243 -0.180878401 0.247992605 -0.007681414 0.968731463 81.569999695
0.965266585 0.029747868 -0.259567946 -84.628143311 -0.029184515 0.999555945 0.006024711 -0.186003983 0.259631932 0.001759911 0.965706050 82.287109375
0.961903811 0.027457420 -0.272005677 -84.838226318 -0.028225545 0.999601066 0.001088981 -0.184779167 0.271927029 0.006630016 0.962295115 82.988868713
0.958490789 0.025755538 -0.283957660 -85.057640076 -0.024987262 0.999667764 0.006328123 -0.193580627 0.284026235 0.001029874 0.958815932 83.712654114
0.954808295 0.027840519 -0.295915812 -85.280784607 -0.025119826 0.999599993 0.012992784 -0.185060143 0.296159208 -0.004972262 0.955125630 84.466789246
0.951124132 0.027814578 -0.307553709 -85.520874023 -0.023182707 0.999556303 0.018704396 -0.197005510 0.307937503 -0.010660277 0.951346874 85.180038452
0.946960151 0.024411844 -0.320422411 -85.776168823 -0.020243982 0.999661744 0.016332630 -0.190268159 0.320712745 -0.008979727 0.947133899 85.918472290
0.943130970 0.022990827 -0.331625342 -86.033157349 -0.019788954 0.999719262 0.013029161 -0.210105777 0.331831783 -0.005725687 0.943321228 86.604873657
0.939924479 0.018209245 -0.340896547 -86.272300720 -0.017329495 0.999834061 0.005625772 -0.211782575 0.340942413 0.000619764 0.940083921 87.307403564
0.937200189 0.011922974 -0.348587990 -86.544662476 -0.012514503 0.999921501 0.000554932 -0.247033417 0.348567337 0.003842323 0.937275887 87.997329712
0.934518278 0.011650631 -0.355724186 -86.821273804 -0.013017640 0.999914229 -0.001449419 -0.253520012 0.355676830 0.005985199 0.934589863 88.702636719
0.931541502 0.016897958 -0.363242120 -87.115280151 -0.018758604 0.999822795 -0.001595234 -0.264143825 0.363150805 0.008299941 0.931693435 89.404426575
0.928274333 0.016706187 -0.371520638 -87.398017883 -0.017729055 0.999842644 0.000662498 -0.275689870 0.371473283 0.005971730 0.928424418 90.108200073
0.925312221 0.017487187 -0.378802896 -87.698028564 -0.015950650 0.999846935 0.007194183 -0.282955289 0.378870815 -0.000614712 0.925449371 90.810249329
0.922415495 0.019252259 -0.385718763 -87.999511719 -0.014408340 0.999776959 0.015445154 -0.285990238 0.385930121 -0.008689282 0.922487080 91.534881592
0.919810593 0.030608725 -0.391166896 -88.323585510 -0.023886200 0.999471605 0.022041164 -0.288552761 0.391634881 -0.010930206 0.920055747 92.231040955
0.917016149 0.037170224 -0.397114277 -88.640182495 -0.032097436 0.999296129 0.019415557 -0.291908026 0.397556543 -0.005058024 0.917563736 92.919929504
0.915055990 0.032557186 -0.402010560 -88.981201172 -0.030790752 0.999466896 0.010856825 -0.275607467 0.402149767 0.002443609 0.915570557 93.625053406
0.912777424 0.026344543 -0.407606840 -89.290184021 -0.027069734 0.999625623 0.003989230 -0.282971472 0.407559395 0.007392531 0.913148761 94.343826294
0.911195934 0.027052119 -0.411084086 -89.595878601 -0.028064592 0.999599636 0.003573359 -0.296061784 0.411016285 0.008280876 0.911590397 94.979866028
0.909105837 0.032985792 -0.415257156 -89.939392090 -0.032241359 0.999441266 0.008805515 -0.300864816 0.415315688 0.005383314 0.909661412 95.689109802
0.906678259 0.035515446 -0.420325011 -90.276718140 -0.033088457 0.999366939 0.013066983 -0.307081580 0.420523047 0.002060354 0.907279551 96.391433716
0.904220760 0.031589776 -0.425895572 -90.605499268 -0.029690698 0.999497414 0.011098864 -0.315880179 0.426032275 0.002609313 0.904704273 97.097114563
0.901908398 0.029852288 -0.430894703 -90.940460205 -0.030588428 0.999518335 0.005221603 -0.325992227 0.430843115 0.008470982 0.902387083 97.787536621
0.899955511 0.026825203 -0.435155839 -91.295730591 -0.030570062 0.999531269 -0.001606462 -0.329929292 0.434908837 0.014748484 0.900353730 98.485862732
