1.000000000 0.000000000 0.000000000 0.000000000 0.000000000 1.000000000 0.000000000 0.000000000 0.000000000 0.000000000 1.000000000 0.000000000
0.999996305 0.002675266 0.000273205 -0.008650305 -0.002675688 0.999995172 0.001554360 -0.015551178 -0.000269045 -0.001555085 0.999998748 0.780371726
0.999985158 0.005427336 0.000379778 -0.014492868 -0.005428032 0.999983549 0.001854934 -0.030042155 -0.000369704 -0.001856968 0.999998212 1.559496880
0.999977887 0.006588899 0.000912086 -0.021831151 -0.006590302 0.999977052 0.001543152 -0.045421250 -0.000901897 -0.001549129 0.999998391 2.308150768
0.999961019 0.008758552 0.001054648 -0.029028837 -0.008759930 0.999960780 0.001309139 -0.062322125 -0.001043140 -0.001318327 0.999998510 3.054616690
0.999960899 0.008725511 0.001417656 -0.033101026 -0.008726833 0.999961436 0.000928765 -0.074095860 -0.001409498 -0.000941100 0.999998510 3.770613432
0.999958098 0.009026919 0.001517738 -0.032528836 -0.009030023 0.999957085 0.002050431 -0.089851722 -0.001499164 -0.002064051 0.999996781 4.470835686
0.999948680 0.009847890 0.002363925 -0.037818599 -0.009859173 0.999939799 0.004810025 -0.102628887 -0.002316413 -0.004833086 0.999985576 5.160945892
0.999947429 0.009607033 0.003582610 -0.035940364 -0.009637918 0.999915659 0.008705742 -0.109156549 -0.003498671 -0.008739814 0.999955654 5.826808929
0.999948859 0.008905985 0.004812495 -0.030637044 -0.008964796 0.999883652 0.012339963 -0.120023340 -0.004702035 -0.012382475 0.999912262 6.461834908
0.999951303 0.007733349 0.006128325 -0.032492034 -0.007823385 0.999859750 0.014806958 -0.134417325 -0.006012958 -0.014854181 0.999871552 7.066213131
0.999939203 0.008333522 0.007220356 -0.027887747 -0.008439973 0.999854147 0.014840789 -0.144901335 -0.007095627 -0.014900825 0.999863744 7.649340630
0.999921381 0.009398352 0.008294546 -0.026532061 -0.009499260 0.999880254 0.012211314 -0.151743919 -0.008178785 -0.012289148 0.999891043 8.196913719
0.999910712 0.009558650 0.009330125 -0.027012229 -0.009642745 0.999912858 0.009010209 -0.149489313 -0.009243187 -0.009099373 0.999915898 8.737615585
0.999916553 0.007168667 0.010738991 -0.012555934 -0.007251540 0.999944091 0.007698047 -0.162332594 -0.010683205 -0.007775277 0.999912679 9.228822708
0.999913752 0.003487822 0.012659528 -0.005646832 -0.003553790 0.999980271 0.005192211 -0.166725248 -0.012641167 -0.005236753 0.999906361 9.698714256
0.999892414 0.001844162 0.014542950 0.005194932 -0.001902205 0.999990284 0.003978387 -0.174373850 -0.014535473 -0.004005623 0.999886334 10.137213707
0.999852121 0.006147386 0.016059903 0.012024298 -0.006185470 0.999978185 0.002322763 -0.188879058 -0.016045272 -0.002421757 0.999868274 10.550455093
0.999757111 0.010251566 0.019510623 0.007905379 -0.010286053 0.999945700 0.001668071 -0.200741887 -0.019492464 -0.001868353 0.999808252 10.929431915
0.999679446 0.010887748 0.022858845 0.015145138 -0.010950541 0.999936640 0.002623654 -0.205281809 -0.022828829 -0.002873129 0.999735236 11.283403397
0.999636650 0.006581991 0.026139695 0.030386835 -0.006663076 0.999973238 0.003016087 -0.209395289 -0.026119143 -0.003189162 0.999653697 11.606497765
0.999588728 0.002035818 0.028605159 0.048983097 -0.002113733 0.999994159 0.002693857 -0.212577611 -0.028599504 -0.002753213 0.999587119 11.890889168
0.999522150 -0.002026056 0.030845214 0.069645196 0.001903769 0.999990284 0.003993447 -0.217985839 -0.030853003 -0.003932817 0.999516189 12.154949188
0.999433696 -0.001984912 0.033592813 0.075824350 0.001819444 0.999986112 0.004955557 -0.221468508 -0.033602178 -0.004891631 0.999423265 12.391970634
0.999365211 -0.001435329 0.035597108 0.081541270 0.001275726 0.999989033 0.004505882 -0.233212858 -0.035603188 -0.004457608 0.999356031 12.589712143
0.999298453 -0.000412232 0.037447441 0.093475789 0.000299881 0.999995410 0.003005793 -0.237118229 -0.037448514 -0.002992454 0.999294102 12.779557228
0.999202132 0.001846072 0.039895132 0.098874509 -0.001931308 0.999995887 0.002098073 -0.239936918 -0.039891101 -0.002173449 0.999201715 12.957636833
0.999120176 0.004598403 0.041686125 0.102254510 -0.004673862 0.999987602 0.001712899 -0.250280589 -0.041677728 -0.001906227 0.999129295 13.117429733
0.999058008 0.005978510 0.042979229 0.106595427 -0.005988854 0.999982059 0.000111918 -0.253500342 -0.042977791 -0.000369210 0.999076009 13.273795128
0.998987436 0.004804734 0.044732075 0.119836032 -0.004754203 0.999987900 -0.001235941 -0.261213839 -0.044737481 0.001022024 0.998998225 13.428787231
0.998928726 0.003791404 0.046120130 0.130377322 -0.003659514 0.999988914 -0.002943804 -0.261585146 -0.046130784 0.002771873 0.998931587 13.572505951
0.998868048 0.002779913 0.047487088 0.138027668 -0.002600834 0.999989331 -0.003832484 -0.267237633 -0.047497235 0.003704641 0.998864532 13.708048820
0.998797834 0.003401375 0.048899855 0.145175517 -0.003144835 0.999980927 -0.005322232 -0.268958360 -0.048917025 0.005162051 0.998789549 13.839628220
0.998721540 0.004530933 0.050346278 0.146798670 -0.004171621 0.999965072 -0.007239591 -0.273842663 -0.050377324 0.007020310 0.998705685 13.964657784
0.998672783 0.004798165 0.051280659 0.151949286 -0.004306842 0.999943793 -0.009687280 -0.274549812 -0.051324263 0.009453564 0.998637259 14.080871582
0.998638988 0.003808477 0.052015964 0.160556614 -0.003190222 0.999923289 -0.011963760 -0.278420717 -0.052057538 0.011781534 0.998574615 14.207395554
0.998675704 0.002899637 0.051364593 0.169573724 -0.002200542 0.999904215 -0.013661765 -0.283209145 -0.051399287 0.013530644 0.998586535 14.333443642
0.998778462 0.002362622 0.049356576 0.172581792 -0.001629975 0.999888003 -0.014878957 -0.286288798 -0.049386207 0.014780330 0.998670399 14.457633018
0.998923123 0.002685771 0.046317853 0.175774843 -0.001949393 0.999871135 -0.015936205 -0.286212027 -0.046354685 0.015828755 0.998799622 14.591068268
0.999109566 0.003248920 0.042067092 0.179363459 -0.002525739 0.999848306 -0.017232902 -0.287555873 -0.042116698 0.017111305 0.998966217 14.710205078
0.999339998 0.003209976 0.036184870 0.181233704 -0.002553318 0.999831498 -0.018178936 -0.295208335 -0.036237121 0.018074550 0.999179780 14.849737167
0.999556899 0.003435833 0.029566679 0.179671019 -0.002876671 0.999816597 -0.018933706 -0.295859903 -0.029626310 0.018840263 0.999383390 14.973696709
0.999734700 0.003561959 0.022756066 0.170515835 -0.003111598 0.999799192 -0.019795656 -0.299637765 -0.022822009 0.019719601 0.999544978 15.100145340
0.999891400 0.003318375 0.014363132 0.170136109 -0.003015399 0.999773622 -0.021064531 -0.298302412 -0.014429785 0.021018932 0.999674916 15.240633965
0.999989271 0.002190317 0.004095331 0.159865916 -0.002100378 0.999759316 -0.021838181 -0.305025697 -0.004142173 0.021829342 0.999753177 15.366674423
0.999960303 0.000638934 -0.008898109 0.148596659 -0.000850083 0.999717653 -0.023746096 -0.305216491 0.008880429 0.023752715 0.999678493 15.513359070
0.999693036 -0.000395904 -0.024776895 0.126530409 -0.000237825 0.999673009 -0.025569256 -0.312590480 0.024778910 0.025567301 0.999365926 15.655807495
0.999023616 -0.000217338 -0.044176817 0.105967224 -0.000942448 0.999655485 -0.026230756 -0.320233762 0.044167288 0.026246779 0.998679221 15.803073883
0.997814536 0.000718438 -0.066071354 0.070886135 -0.002426571 0.999664783 -0.025776239 -0.325415224 0.066030696 0.025880232 0.997481823 15.996634483
0.995937824 0.001234405 -0.090034597 0.035629749 -0.003436062 0.999698818 -0.024302553 -0.331814766 0.089977480 0.024513198 0.995641947 16.200645447
0.993147075 0.002008748 -0.116854191 -0.017337441 -0.004718483 0.999726355 -0.022917014 -0.335513473 0.116776153 0.023311341 0.992884576 16.425958633
0.989169538 0.003433169 -0.146737278 -0.088859320 -0.006534233 0.999765337 -0.020656656 -0.346384764 0.146631896 0.021391751 0.988959789 16.666349411
0.983705401 0.003644389 -0.179751128 -0.159694195 -0.006860787 0.999827266 -0.017275184 -0.351742357 0.179657117 0.018226922 0.983560383 16.902019501
0.976312816 0.004446233 -0.216317743 -0.247621298 -0.007505024 0.999883056 -0.013320860 -0.358994722 0.216233209 0.014628799 0.976232171 17.145683289
0.966611147 0.006073148 -0.256175429 -0.349693060 -0.008412094 0.999932349 -0.008035460 -0.362116754 0.256109297 0.009922136 0.966596901 17.407110214
0.954697013 0.008861595 -0.297447503 -0.439921379 -0.010248106 0.999942601 -0.003102229 -0.369187385 0.297402948 0.006009962 0.954733133 17.604379654
0.940499425 0.012519360 -0.339564741 -0.581429958 -0.012900147 0.999916196 0.001135949 -0.370861113 0.339550495 0.003312076 0.940581977 17.881679535
0.923763335 0.015159411 -0.382663667 -0.732930183 -0.013527778 0.999884248 0.006954386 -0.380168170 0.382724822 -0.001247617 0.923861504 18.153129578
0.904385686 0.018628266 -0.426309228 -0.888308525 -0.013721031 0.999799550 0.014579624 -0.387042284 0.426495343 -0.007336201 0.904459953 18.423616409
0.882617831 0.023512401 -0.469502985 -1.080577374 -0.015316654 0.999656439 0.021268396 -0.394991130 0.469841778 -0.011580650 0.882674694 18.695213318
0.857815564 0.028065605 -0.513190985 -1.284234047 -0.017522721 0.999524415 0.025372615 -0.388108462 0.513659000 -0.012772521 0.857899308 18.967189789
0.829794705 0.031510618 -0.557178497 -1.493882656 -0.018630745 0.999412298 0.028774278 -0.394392669 0.557757676 -0.013496093 0.829894185 19.222766876
0.799002588 0.035014525 -0.600307465 -1.779169083 -0.021249952 0.999323845 0.030004768 -0.379115522 0.600952148 -0.011217379 0.799206257 19.521318436
0.765448511 0.037254270 -0.642417848 -2.055286407 -0.021225372 0.999241352 0.032656424 -0.367081523 0.643146992 -0.011361253 0.765658438 19.795501709
0.728488922 0.041174959 -0.683819056 -2.360252380 -0.022538872 0.999092221 0.036147378 -0.351070702 0.684686780 -0.010920456 0.728755713 20.063110352
0.689358115 0.042036410 -0.723200083 -2.694175720 -0.019910999 0.999037325 0.039090335 -0.338035524 0.724147022 -0.012547608 0.689531446 20.332397461
0.648747027 0.042097121 -0.759838820 -3.052522659 -0.017568178 0.999031186 0.040349387 -0.324874640 0.760801315 -0.012827561 0.648858130 20.589704514
0.606148601 0.040930290 -0.794297636 -3.419592857 -0.011977762 0.999031425 0.042339735 -0.312798262 0.795261204 -0.016150266 0.606051743 20.831243515
0.562157810 0.041054402 -0.826010346 -3.829063416 -0.007340103 0.998975396 0.044655666 -0.302219391 0.826997399 -0.019040531 0.561883152 21.060758591
0.515384138 0.042383302 -0.855910599 -4.273292542 -0.005972020 0.998929560 0.045869343 -0.277082384 0.856938422 -0.018528815 0.515085459 21.291885376
0.467022449 0.041717622 -0.883260846 -4.801607609 -0.004677824 0.998989046 0.044710234 -0.248008847 0.884233117 -0.016748944 0.466745466 21.531017303
0.414663196 0.040625017 -0.909067750 -5.287018776 0.000555352 0.998991430 0.044896916 -0.227962792 0.909974754 -0.019121950 0.414222449 21.719039917
0.360268235 0.039684583 -0.932004273 -5.790188313 0.006257523 0.998969436 0.044954803 -0.210132539 0.932827771 -0.022027826 0.359648675 21.891309738
0.306062281 0.038603909 -0.951228499 -6.319221020 0.008562952 0.999025464 0.043298837 -0.184742212 0.951972961 -0.021397464 0.305433482 22.029846191
0.253431499 0.044610661 -0.966324210 -6.873182774 0.009529615 0.998772383 0.048607927 -0.159090042 0.967306495 -0.021527475 0.252695262 22.134363174
0.202311918 0.049908344 -0.978048623 -7.453012466 0.012566203 0.998486042 0.053550594 -0.138571501 0.979240596 -0.023124281 0.201378465 22.223873138
0.153771877 0.051171519 -0.986780524 -8.051827431 0.017964628 0.998348296 0.054570857 -0.115511596 0.987942994 -0.026118606 0.152598619 22.297666550
0.109273210 0.052416209 -0.992628813 -8.778822899 0.019847466 0.998294592 0.054900300 -0.088543594 0.993813574 -0.025700292 0.108046509 22.358139038
0.068754628 0.050715160 -0.996343672 -9.425557137 0.019779496 0.998441458 0.052186862 -0.060873628 0.997437477 -0.023295261 0.067644343 22.378776550
0.033384398 0.046382956 -0.998365700 -10.082357407 0.017161814 0.998748660 0.046974622 -0.025273621 0.999295235 -0.018701984 0.032546610 22.372495651
0.005163737 0.046459429 -0.998906851 -10.754586220 0.015180705 0.998801470 0.046532996 0.007408381 0.999871433 -0.015404395 0.004452273 22.353336334
-0.015770622 0.050497610 -0.998599708 -11.454609871 0.014225241 0.998634100 0.050274696 0.036515892 0.999774456 -0.013412456 -0.016467400 22.325027466
-0.028683275 0.056844525 -0.997970939 -12.185444832 0.016036361 0.998279393 0.056401182 0.063872218 0.999459982 -0.014386050 -0.029545486 22.298648834
-0.036569931 0.059420887 -0.997563004 -12.936281204 0.015403653 0.998145580 0.058890909 0.098031104 0.999212384 -0.013212474 -0.037417412 22.260616302
-0.040271260 0.056684077 -0.997579694 -13.717673302 0.015958115 0.998298705 0.056080718 0.132403612 0.999061406 -0.013661047 -0.041107334 22.222726822
-0.039591230 0.052684985 -0.997826040 -14.428488731 0.023893911 0.998373389 0.051765833 0.164893866 0.998930335 -0.021792494 -0.040785685 22.196203232
-0.035466366 0.050788149 -0.998079479 -15.244911194 0.035702709 0.998134732 0.049522277 0.212130487 0.998732924 -0.033877760 -0.037213482 22.186931610
-0.029746840 0.050969731 -0.998257041 -16.069591522 0.036025420 0.998104870 0.049888443 0.250068665 0.998908043 -0.034478609 -0.031526674 22.164190292
-0.024701335 0.049593318 -0.998463988 -16.919479370 0.034152757 0.998227656 0.048736665 0.276894867 0.999111295 -0.032896440 -0.026351310 22.139764786
-0.021681776 0.043413587 -0.998821855 -17.782501221 0.038193911 0.998363376 0.042564575 0.310371220 0.999035120 -0.037226040 -0.023304431 22.126077652
-0.019348083 0.032283850 -0.999291420 -18.659057617 0.035708997 0.998863161 0.031578623 0.339288652 0.999174893 -0.035072707 -0.020478914 22.096307755
-0.018333066 0.024339901 -0.999535620 -19.587697983 0.027921712 0.999326229 0.023822675 0.359444022 0.999441922 -0.027472001 -0.019000323 22.063556671
-0.020024071 0.021506580 -0.999568224 -20.494535446 0.023409123 0.999504566 0.021036275 0.375765413 0.999525428 -0.022977781 -0.020517603 22.033428192
-0.023060575 0.027834186 -0.999346495 -21.475782394 0.014071597 0.999522328 0.027514372 0.391322821 0.999635041 -0.013427903 -0.023441229 21.985895157
-0.028773103 0.035321593 -0.998961687 -22.424556732 0.008466893 0.999348223 0.035091389 0.441970468 0.999550104 -0.007448414 -0.029053414 21.962844849
-0.033312991 0.044923317 -0.998434842 -23.427703857 0.006915391 0.998975813 0.044716913 0.476644039 0.999421060 -0.005414915 -0.033589534 21.923387527
-0.034818109 0.054733664 -0.997893751 -24.452096939 0.005888284 0.998493075 0.054561086 0.519372702 0.999376297 -0.003976167 -0.035087928 21.881263733
-0.035898250 0.062414788 -0.997404456 -25.480184555 0.007877062 0.998034477 0.062170703 0.561727703 0.999324381 -0.005624798 -0.036319330 21.843402863
-0.037560839 0.063116297 -0.997299075 -26.505525589 0.008257199 0.997988820 0.062848970 0.612089992 0.999260187 -0.005874238 -0.038006466 21.801898956
-0.039595604 0.060424846 -0.997387171 -27.538818359 0.007209816 0.998161197 0.060185522 0.659203470 0.999189794 -0.004807896 -0.039958447 21.763097763
-0.042487834 0.055853374 -0.997534454 -28.561321259 0.007424237 0.998426199 0.055587083 0.701364696 0.999069393 -0.005044158 -0.042835638 21.714868546
-0.046264865 0.050469868 -0.997653425 -29.580200195 0.006886672 0.998715222 0.050204229 0.743939996 0.998905480 -0.004547819 -0.046552993 21.639287949
-0.052182831 0.045962177 -0.997579277 -30.617433548 0.007054263 0.998932362 0.045655519 0.778218329 0.998612642 -0.004654751 -0.052451350 21.581087112
-0.059186816 0.044321150 -0.997262537 -31.691921234 0.006944238 0.999008060 0.043986589 0.813046157 0.998222828 -0.004321802 -0.059435882 21.534208298
-0.066089295 0.046170101 -0.996744871 -32.817077637 0.006106505 0.998928964 0.045866370 0.875888705 0.997795045 -0.003055352 -0.066300444 21.460109711
-0.072212838 0.051442031 -0.996061742 -33.831737518 0.005703601 0.998673975 0.051163442 0.887169003 0.997372925 -0.001986481 -0.072410494 21.365692139
-0.078282349 0.054078352 -0.995463431 -34.806507111 0.003164974 0.998536110 0.053996384 0.931607187 0.996926188 0.001076348 -0.078338891 21.283983231
-0.082975306 0.056237545 -0.994963586 -35.884811401 -0.000186389 0.998405516 0.056447640 0.979248703 0.996551514 0.004869210 -0.082832523 21.182731628
-0.085454680 0.057680421 -0.994670987 -36.960094452 -0.004759393 0.998287737 0.058299042 1.022859931 0.996330678 0.009715955 -0.085033827 21.073566437
-0.087487891 0.058939546 -0.994420409 -38.035392761 -0.008434460 0.998168409 0.059903752 1.067798853 0.996129870 0.013628252 -0.086830527 20.979116440
-0.088515095 0.058873303 -0.994333446 -39.111835480 -0.009696114 0.998153508 0.059962623 1.112281799 0.996027648 0.014948768 -0.087780796 20.860080719
-0.089363247 0.057872344 -0.994316339 -40.190181732 -0.010490715 0.998200417 0.059041254 1.161908388 0.995943844 0.015707206 -0.088595301 20.750301361
-0.090834923 0.057779588 -0.994188368 -41.247898102 -0.010028927 0.998211801 0.058929712 1.192001581 0.995815575 0.015323519 -0.090093009 20.653282166
-0.091618046 0.056167722 -0.994208872 -42.349018097 -0.013216714 0.998251438 0.057614051 1.259196043 0.995706558 0.018418662 -0.090715483 20.545017242
-0.092706472 0.053591747 -0.994250238 -43.433757782 -0.018836562 0.998277307 0.055565186 1.300107002 0.995515227 0.023879508 -0.091537297 20.436044693
-0.092302226 0.048645925 -0.994542003 -44.495086670 -0.023649247 0.998417020 0.051030315 1.350748539 0.995450199 0.028230384 -0.091005675 20.297821045
-0.091605455 0.048253145 -0.994625628 -45.574226379 -0.025248896 0.998391628 0.050761275 1.379500508 0.995475233 0.029763211 -0.090239778 20.190052032
-0.090281293 0.052272040 -0.994543552 -46.761615753 -0.026508288 0.998141706 0.054867480 1.425075769 0.995563447 0.031317160 -0.088727862 20.086629868
-0.089871719 0.055939477 -0.994381249 -47.948009491 -0.026197130 0.997943163 0.058507554 1.463722706 0.995608747 0.031308103 -0.088221408 20.034402847
-0.088423930 0.055424869 -0.994539797 -49.069900513 -0.024454137 0.998029053 0.057793524 1.519113064 0.995782733 0.029430944 -0.086894296 19.930522919
-0.085585997 0.054784827 -0.994823456 -50.170528412 -0.024133999 0.998080134 0.057040449 1.563516617 0.996038437 0.028890932 -0.084099509 19.826438904
-0.081830516 0.054910515 -0.995132506 -51.307601929 -0.028464483 0.997945011 0.057406373 1.618743658 0.996239781 0.033023521 -0.080099352 19.736137390
-0.076331362 0.056405134 -0.995485783 -52.442096710 -0.032829285 0.997715175 0.059048716 1.660609722 0.996541917 0.037188359 -0.074305214 19.649082184
-0.070145845 0.055613007 -0.995985270 -53.545543671 -0.037308231 0.997599900 0.058330737 1.714415908 0.996838868 0.041250106 -0.067902669 19.552072525
-0.063514814 0.055368017 -0.996443748 -54.665771484 -0.038567625 0.997577786 0.057889383 1.758181930 0.997235417 0.042107306 -0.061225548 19.458232880
-0.057562780 0.054559302 -0.996849895 -55.788822174 -0.037840445 0.997668862 0.056789208 1.800370455 0.997624516 0.040990189 -0.055364039 19.383581161
-0.052140858 0.053751070 -0.997192085 -56.969577789 -0.036488190 0.997781098 0.055690706 1.863421917 0.997972965 0.039289493 -0.050063875 19.300710678
-0.046244770 0.054359149 -0.997449934 -58.100440979 -0.035586156 0.997794867 0.056027822 1.905532241 0.998296142 0.038086403 -0.044208355 19.233438492
-0.040833935 0.055484690 -0.997624218 -59.339111328 -0.035488401 0.997746408 0.056944076 1.985092402 0.998535514 0.037729338 -0.038772851 19.158344269
-0.035358440 0.056559663 -0.997772992 -60.494327545 -0.036024358 0.997676194 0.057830796 2.037172794 0.998725176 0.037988935 -0.033238750 19.112768173
-0.029806277 0.055583380 -0.998009026 -61.653232574 -0.035878751 0.997749746 0.056640476 2.089476109 0.998911500 0.037495557 -0.027744941 19.076091766
-0.025062967 0.050730072 -0.998397887 -62.800010681 -0.035901282 0.998021603 0.051612195 2.143069506 0.999041021 0.037137318 -0.023192113 19.041528702
-0.020349063 0.046066210 -0.998731077 -63.965248108 -0.035481952 0.998275340 0.046768129 2.173884869 0.999163151 0.036388613 -0.018679457 19.011739731
-0.016401701 0.045687936 -0.998821139 -65.105392456 -0.035537813 0.998297632 0.046247564 2.211081505 0.999233782 0.036254458 -0.014750129 18.978197098
-0.013503363 0.048067667 -0.998752773 -66.284751892 -0.035231575 0.998200834 0.048517436 2.250296593 0.999287903 0.035842780 -0.011785569 18.968467712
-0.011261813 0.047652844 -0.998800457 -67.468864441 -0.035299234 0.998222232 0.048023280 2.290975571 0.999313295 0.035797719 -0.009559683 18.940523148
-0.009904188 0.047309112 -0.998831153 -68.646102905 -0.037109580 0.998174667 0.047645982 2.335694790 0.999262094 0.037538096 -0.008130488 18.918073654
-0.009068940 0.048004586 -0.998805940 -69.825889587 -0.038380053 0.998094320 0.048318867 2.376724482 0.999222159 0.038772419 -0.007209237 18.901176453
-0.007915784 0.048280559 -0.998802423 -71.009056091 -0.038369510 0.998083472 0.048549891 2.411110878 0.999232292 0.038707864 -0.006048110 18.882839203
-0.006507678 0.046145301 -0.998913467 -72.186271667 -0.039264198 0.998152554 0.046365943 2.448961020 0.999207735 0.039523274 -0.004683795 18.860029221
-0.005580024 0.044888083 -0.998976409 -73.395980835 -0.037394579 0.998283863 0.045065839 2.481586933 0.999285042 0.037607759 -0.003891876 18.845005035
-0.005703805 0.044801340 -0.998979568 -74.580352783 -0.034137610 0.998404920 0.044970475 2.521424532 0.999400914 0.034359280 -0.004165294 18.847335815
-0.003349403 0.044253230 -0.999014735 -75.741050720 -0.033279762 0.998462021 0.044340331 2.568861961 0.999440432 0.033395488 -0.001871513 18.798200607
-0.003343338 0.047360796 -0.998872280 -76.937110901 -0.032785330 0.998335660 0.047445092 2.601741314 0.999456823 0.032906976 -0.001785034 18.793870926
-0.002550172 0.050964255 -0.998697221 -78.119216919 -0.034961384 0.998085439 0.051022310 2.638661146 0.999385417 0.035045944 -0.000763508 18.778989792
-0.001888660 0.050751299 -0.998709559 -79.299339294 -0.037463825 0.998006642 0.050786428 2.678250313 0.999296248 0.037511401 0.000016442 18.768718719
-0.000811477 0.048836820 -0.998806417 -80.489936829 -0.039293472 0.998033822 0.048830967 2.716359377 0.999227464 0.039286193 0.001109086 18.739231110
-0.001573391 0.046345182 -0.998924255 -81.692878723 -0.037918933 0.998204291 0.046371497 2.761244059 0.999279618 0.037951101 0.000186794 18.754959106
-0.001167282 0.044829994 -0.998993933 -82.875442505 -0.035421785 0.998365819 0.044843201 2.813368797 0.999371767 0.035438497 0.000422584 18.748193741
-0.000803825 0.046527795 -0.998916626 -84.063667297 -0.033920970 0.998340964 0.046528269 2.847416162 0.999424219 0.033921622 0.000775777 18.741743088
-0.000226502 0.049380500 -0.998779953 -85.248840332 -0.033586942 0.998216093 0.049360234 2.881314039 0.999435782 0.033557143 0.001432442 18.734130859
0.000078880 0.051780291 -0.998658419 -86.429214478 -0.033319488 0.998104215 0.051748913 2.918986559 0.999444783 0.033270705 0.001804023 18.739686966
-0.000054096 0.051622182 -0.998666584 -87.615150452 -0.034504574 0.998071969 0.051593300 2.961262226 0.999404550 0.034461368 0.001727210 18.739635468
0.000418857 0.049586300 -0.998769760 -88.798095703 -0.033937361 0.998195171 0.049543541 2.998512268 0.999423921 0.033874858 0.002100929 18.740081787
0.000872509 0.048013870 -0.998846233 -89.937507629 -0.031693917 0.998346150 0.047962144 3.035003424 0.999497294 0.031615507 0.002392814 18.730470657
0.001981584 0.048431136 -0.998824537 -91.183639526 -0.031492006 0.998334050 0.048344880 3.089932442 0.999502003 0.031359188 0.003503477 18.703399658
0.002306304 0.051351387 -0.998678029 -92.364349365 -0.029351886 0.998253882 0.051261786 3.128893375 0.999566495 0.029194856 0.003809537 18.704399109
0.002382852 0.053522330 -0.998563826 -93.540779114 -0.027771100 0.998185039 0.053435761 3.171661854 0.999611437 0.027603881 0.003864902 18.707300186
0.002899181 0.055565264 -0.998450816 -94.724464417 -0.028320922 0.998059154 0.055461224 3.211336613 0.999594688 0.028116256 0.004467214 18.706453323
0.003514722 0.057516165 -0.998338401 -95.882644653 -0.030400231 0.997889280 0.057383250 3.255461216 0.999531627 0.030148037 0.005255808 18.694875717
0.003676054 0.056816000 -0.998377979 -97.030715942 -0.032166179 0.997874737 0.056668930 3.297980547 0.999475777 0.031905688 0.005495796 18.698078156
0.004480577 0.052626714 -0.998604119 -98.174888611 -0.035382982 0.997997165 0.052435961 3.339411020 0.999363780 0.035098653 0.006333693 18.681364059
0.004640126 0.050816223 -0.998697221 -99.364631653 -0.036094438 0.998065710 0.050616384 3.389672279 0.999337673 0.035812546 0.006465334 18.684577942
0.005318820 0.048709013 -0.998798847 -100.477493286 -0.035968814 0.998175919 0.048487097 3.431624651 0.999338865 0.035667706 0.007061124 18.667240143
0.005090590 0.049124327 -0.998779655 -101.642425537 -0.034191657 0.998217165 0.048922390 3.471755981 0.999402285 0.033900883 0.006761156 18.676784515
0.005600422 0.051118661 -0.998676956 -102.792892456 -0.034606457 0.998104215 0.050895281 3.512239695 0.999385297 0.034275632 0.007358842 18.671329498
0.005665598 0.053231809 -0.998566151 -103.961143494 -0.033721711 0.998024344 0.053011600 3.550365448 0.999415219 0.033373013 0.007449472 18.679039001
0.005027609 0.052090801 -0.998629689 -105.108970642 -0.037135553 0.997963190 0.051869079 3.597971678 0.999297559 0.036823887 0.006951790 18.674938202
0.005312731 0.053419840 -0.998557985 -106.289863586 -0.040793773 0.997752368 0.053159695 3.643568993 0.999153435 0.040452525 0.007479987 18.658412933
0.005371516 0.052731812 -0.998594284 -107.446441650 -0.043842878 0.997660875 0.052446682 3.684706211 0.999023974 0.043499529 0.007670865 18.652505875
0.005870327 0.048593163 -0.998801410 -108.673751831 -0.044148885 0.997857273 0.048287749 3.731546879 0.999007642 0.043812502 0.008003083 18.648384094
0.005111878 0.044704821 -0.998987079 -109.872039795 -0.044278603 0.998030424 0.044435434 3.775475502 0.999006152 0.044006601 0.007081276 18.647586823
0.004331360 0.043865290 -0.999028027 -111.050720215 -0.040417660 0.998228788 0.043654952 3.809591293 0.999173522 0.040189289 0.006096619 18.656255722
0.004365159 0.042966753 -0.999067008 -112.273109436 -0.036166873 0.998429656 0.042781316 3.848832369 0.999336243 0.035946384 0.005912276 18.653022766
0.003921185 0.044680275 -0.998993635 -113.473724365 -0.035255831 0.998386443 0.044514727 3.887354612 0.999370635 0.035045803 0.005490097 18.654146194
0.003135337 0.048505567 -0.998817980 -114.706115723 -0.033893302 0.998254240 0.048371784 3.929672718 0.999420583 0.033701576 0.004773875 18.658622742
0.002263227 0.048394829 -0.998825729 -115.904441833 -0.032495163 0.998304307 0.048295930 3.969103575 0.999469340 0.032347705 0.003831986 18.654069901
0.003177926 0.044568185 -0.999001205 -117.128273010 -0.032605525 0.998479784 0.044441193 4.000265598 0.999463201 0.032431744 0.004626264 18.633882523
0.001695955 0.040946648 -0.999159813 -118.378181458 -0.032549955 0.998634160 0.040869847 4.039614677 0.999468625 0.032453299 0.003026450 18.642230988
0.001037189 0.039398357 -0.999222994 -119.625038147 -0.031591564 0.998726070 0.039345969 4.076124668 0.999500394 0.031526215 0.002280522 18.639074326
0.001189144 0.040633902 -0.999173403 -120.871238708 -0.034121271 0.998593926 0.040569734 4.112354279 0.999417007 0.034044821 0.002573953 18.618463516
0.000806427 0.045625605 -0.998958230 -122.124618530 -0.037748497 0.998247981 0.045562692 4.142808914 0.999286950 0.037672423 0.002527312 18.609216690
0.000634888 0.049150527 -0.998791099 -123.401496887 -0.044104286 0.997820795 0.049074743 4.181487083 0.999026775 0.044019815 0.002801253 18.593070984
0.000419912 0.048958052 -0.998800755 -124.652076721 -0.050822549 0.997511148 0.048873473 4.224275112 0.998707652 0.050741084 0.002907039 18.590120316
0.000565807 0.047272116 -0.998881817 -125.904853821 -0.053794283 0.997437119 0.047173273 4.261324406 0.998551846 0.053707451 0.003107327 18.588008881
0.000753422 0.045985311 -0.998941839 -127.163536072 -0.056316294 0.997358739 0.045869961 4.303992748 0.998412669 0.056222141 0.003341154 18.568489075
0.000177403 0.045593109 -0.998960078 -128.425140381 -0.056452315 0.997367501 0.045510404 4.337139130 0.998405278 0.056385532 0.002750773 18.563299179
-0.000214523 0.044818748 -0.998995125 -129.703781128 -0.053868081 0.997544110 0.044765223 4.372721672 0.998548031 0.053823549 0.002200303 18.556735992
-0.000433365 0.045367293 -0.998970270 -130.963897705 -0.053668480 0.997529566 0.045325149 4.410644054 0.998558640 0.053632859 0.002002499 18.551177979
-0.000907320 0.050953291 -0.998700678 -132.236938477 -0.053983539 0.997242272 0.050927933 4.441219330 0.998541355 0.053959589 0.001845821 18.540782928
-0.000833620 0.054785915 -0.998497903 -133.545288086 -0.052646901 0.997110963 0.054753780 4.490991592 0.998612821 0.052613448 0.002053097 18.520851135
-0.001066386 0.053343106 -0.998575687 -134.755203247 -0.053708352 0.997131884 0.053323347 4.536725998 0.998556018 0.053688716 0.001801643 18.519573212
-0.000673883 0.052388750 -0.998626530 -135.969329834 -0.052161168 0.997265577 0.052352548 4.566412926 0.998638451 0.052124813 0.002060618 18.522674561
0.000529335 0.052066032 -0.998643577 -137.230865479 -0.051311702 0.997329533 0.051970333 4.608895302 0.998682559 0.051214583 0.003199518 18.518051147
0.001807056 0.051416565 -0.998675644 -138.498031616 -0.051233508 0.997370481 0.051256660 4.650900841 0.998685002 0.051073041 0.004436554 18.510540009
0.002138128 0.053480476 -0.998566628 -139.731201172 -0.051527213 0.997248232 0.053299543 4.693588734 0.998669326 0.051339392 0.004887945 18.514129639
0.003148783 0.056773268 -0.998382151 -141.022720337 -0.051723458 0.997059882 0.056534961 4.748351097 0.998656511 0.051461760 0.006076035 18.512485504
0.004464097 0.058125209 -0.998299360 -142.250061035 -0.053176075 0.996910572 0.057806566 4.789239407 0.998575091 0.052827589 0.007541177 18.514261246
0.005414111 0.055549048 -0.998441279 -143.514801025 -0.055993553 0.996906281 0.055160016 4.832276821 0.998416483 0.055607639 0.008507749 18.506774902
0.005991404 0.052458871 -0.998605132 -144.775955200 -0.053886909 0.997188866 0.052061170 4.889665604 0.998529077 0.053499829 0.008801407 18.501066208
0.005106716 0.050299566 -0.998721123 -146.085021973 -0.052505407 0.997370005 0.049963057 4.947031021 0.998607695 0.052183103 0.007734284 18.544946671
0.004699163 0.049717598 -0.998752296 -147.335601807 -0.050935559 0.997478724 0.049414553 4.989094257 0.998690903 0.050639790 0.007219708 18.551973343
0.004652114 0.049869247 -0.998744905 -148.589447021 -0.048506495 0.997591317 0.049585700 5.032556057 0.998811960 0.048214938 0.007059889 18.556196213
0.004721392 0.048110768 -0.998830855 -149.831100464 -0.047121808 0.997743070 0.047835629 5.077897072 0.998877943 0.046840865 0.006977801 18.553329468
0.005282620 0.048450164 -0.998811662 -151.043502808 -0.045425847 0.997806132 0.048161127 5.115131378 0.998953760 0.045117445 0.007471919 18.549581528
0.005474896 0.051239908 -0.998671412 -152.342941284 -0.043205459 0.997765839 0.050956588 5.147383690 0.999051154 0.042869069 0.007676506 18.544485092
0.004768797 0.052314173 -0.998619378 -153.543533325 -0.041284658 0.997789562 0.052073553 5.196923733 0.999135911 0.040979329 0.006918029 18.566949844
0.005070916 0.050735418 -0.998699307 -154.767211914 -0.038708117 0.997973502 0.050502010 5.243474007 0.999237716 0.038401667 0.007024512 18.557321548
0.004262500 0.051127706 -0.998683095 -156.008453369 -0.040481895 0.997882247 0.050913934 5.276575089 0.999171138 0.040211566 0.006323220 18.549036026
0.004547091 0.055919718 -0.998424828 -157.278808594 -0.040828843 0.997613072 0.055688299 5.332649708 0.999155819 0.040511306 0.006819374 18.550954819
0.004713958 0.062706925 -0.998020768 -158.529525757 -0.045606721 0.997006953 0.062427796 5.382408142 0.998948276 0.045222174 0.007559706 18.548034668
0.006355793 0.062587783 -0.998019218 -159.762893677 -0.050686136 0.996776700 0.062187068 5.441507816 0.998694420 0.050190493 0.009507638 18.536479950
0.007640464 0.058847833 -0.998237610 -161.002807617 -0.054216307 0.996822894 0.058349460 5.492313862 0.998499990 0.053674936 0.010806702 18.536907196
0.009153497 0.054216765 -0.998487294 -162.239532471 -0.055960178 0.996991992 0.053622574 5.527006149 0.998391092 0.055384684 0.012159944 18.540798187
0.010283832 0.052216053 -0.998582900 -163.453659058 -0.059284307 0.996910810 0.051518090 5.575887203 0.998188257 0.058670484 0.013347656 18.534118652
0.010660168 0.048991486 -0.998742342 -164.630737305 -0.053236187 0.997410357 0.048357934 5.610882282 0.998525023 0.052653722 0.013240682 18.565668106
0.012357684 0.044737637 -0.998922348 -165.871337891 -0.049558036 0.997798383 0.044074215 5.646195412 0.998694837 0.048959974 0.014547586 18.555952072
0.010592953 0.040264215 -0.999132931 -166.979110718 -0.041465793 0.998347104 0.039792929 5.701744080 0.999083757 0.041008312 0.012245033 18.599494934
0.009514428 0.043407820 -0.999012113 -168.216903687 -0.039092083 0.998309672 0.043004997 5.736365318 0.999190331 0.038644295 0.011195251 18.613107681
0.010378678 0.049510907 -0.998719692 -169.451248169 -0.039832331 0.998001158 0.049061351 5.775176048 0.999152482 0.039272141 0.012330069 18.616987228
0.012156929 0.053232346 -0.998508155 -170.660003662 -0.041909728 0.997731507 0.052680694 5.810005188 0.999047399 0.041206773 0.014360306 18.617946625
0.013848059 0.049693007 -0.998668551 -171.903244019 -0.041228093 0.997943342 0.049085230 5.850321293 0.999053776 0.040493473 0.015868327 18.636316299
0.014977474 0.049645022 -0.998654604 -173.112136841 -0.043366950 0.997859061 0.048955068 5.891118050 0.998946905 0.042575378 0.017098360 18.638565063
0.015102793 0.050667085 -0.998601496 -174.312301636 -0.041697983 0.997878373 0.049999766 5.932102680 0.999016106 0.040884532 0.017183468 18.652015686
0.017091285 0.049093015 -0.998647988 -175.489807129 -0.042391822 0.997931302 0.048332267 5.947559357 0.998954833 0.041508440 0.019137070 18.636556625
0.018700426 0.047723416 -0.998685539 -176.674774170 -0.042457022 0.997997105 0.046895511 5.983966827 0.998923302 0.041524243 0.020689161 18.654251099
0.020312067 0.049571309 -0.998564065 -177.851821899 -0.043662325 0.997861087 0.048648272 6.018648148 0.998839915 0.042611476 0.022433028 18.667575836
0.021872643 0.051503308 -0.998433232 -178.979980469 -0.043303389 0.997783720 0.050521161 6.047129631 0.998822510 0.042130508 0.024054438 18.684122086
0.022007857 0.052658930 -0.998370051 -180.081573486 -0.044293694 0.997682631 0.051646277 6.081192970 0.998776138 0.043084871 0.024289314 18.707241058
0.021500031 0.054068346 -0.998305798 -181.154800415 -0.044754103 0.997587681 0.053065605 6.100572109 0.998766720 0.043537363 0.023867946 18.732280731
0.021526426 0.055811077 -0.998209298 -182.168182373 -0.043886844 0.997530878 0.054826729 6.113430500 0.998804510 0.042628024 0.023922648 18.755241394
0.022876903 0.055395398 -0.998202443 -183.189361572 -0.045581438 0.997483134 0.054310851 6.139860630 0.998698652 0.044257037 0.025344331 18.753396988
0.023707822 0.054545313 -0.998229802 -184.208847046 -0.045342896 0.997541547 0.053430818 6.178114414 0.998690128 0.043995909 0.026122777 18.788764954
0.025210526 0.055461273 -0.998142481 -185.168182373 -0.046017904 0.997465789 0.054261379 6.206892967 0.998622417 0.044564471 0.027698847 18.805990219
0.024552723 0.053685479 -0.998255968 -186.109298706 -0.044648744 0.997619450 0.052553087 6.233145237 0.998700976 0.043280553 0.026891265 18.825534821
0.021404723 0.050570041 -0.998491049 -187.043395996 -0.041735463 0.997894526 0.049645144 6.259960175 0.998899341 0.040609848 0.023470219 18.843730927
0.016263232 0.046828154 -0.998770595 -187.963714600 -0.042179663 0.998045504 0.046107344 6.290278435 0.998977721 0.041377950 0.018206641 18.855489731
0.011939711 0.044253223 -0.998948991 -188.906539917 -0.043666329 0.998090208 0.043693271 6.309524536 0.998974860 0.043098751 0.013849286 18.853296280
0.008021155 0.043267094 -0.999031365 -189.842178345 -0.046037119 0.998020113 0.042853665 6.341612339 0.998907566 0.045648780 0.009997165 18.850086212
0.004833201 0.043914355 -0.999023557 -190.745788574 -0.048042346 0.997891784 0.043632183 6.364970684 0.998833597 0.047784556 0.006932754 18.847053528
0.003631133 0.045286234 -0.998967469 -191.731628418 -0.045942489 0.997926891 0.045072056 6.399135113 0.998937488 0.045731384 0.005704167 18.844154358
0.001936194 0.046810191 -0.998901963 -192.660079956 -0.042692810 0.997996926 0.046685025 6.425959110 0.999086320 0.042555533 0.003930774 18.847209930
0.000590752 0.047244411 -0.998883188 -193.579437256 -0.041677482 0.998016596 0.047178771 6.451520920 0.999130905 0.041603066 0.002558609 18.842193604
-0.000048687 0.045998055 -0.998941541 -194.505493164 -0.042346597 0.998045444 0.045958862 6.481056690 0.999102950 0.042304005 0.001899270 18.831134796
-0.000432048 0.044887677 -0.998991907 -195.428329468 -0.043805443 0.998032272 0.044863507 6.503590107 0.999040067 0.043780673 0.001535127 18.820983887
-0.000383283 0.044397678 -0.999013782 -196.343948364 -0.047141828 0.997902453 0.044366371 6.528621197 0.998888195 0.047112353 0.001710508 18.820770264
0.000829860 0.042976819 -0.999075711 -197.247375488 -0.050594807 0.997798324 0.042879842 6.554632187 0.998718917 0.050512459 0.003002438 18.793806076
0.001311318 0.040572848 -0.999175727 -198.195434570 -0.050256025 0.997916698 0.040455766 6.572976112 0.998735547 0.050161555 0.003347617 18.807764053
0.002846537 0.037885517 -0.999278009 -199.065139771 -0.050134636 0.998030901 0.037695430 6.595831871 0.998738408 0.049991138 0.004740309 18.777656555
0.002866326 0.037244797 -0.999302030 -200.010299683 -0.050033465 0.998059928 0.037054986 6.623169422 0.998743415 0.049892332 0.004724251 18.803640366
0.003582875 0.039827351 -0.999200165 -200.954910278 -0.047711071 0.998075426 0.039611448 6.651160240 0.998854697 0.047530979 0.005476186 18.801425934
0.003686969 0.041329760 -0.999138832 -201.895660400 -0.046560943 0.998068988 0.041113701 6.669745445 0.998908579 0.046369262 0.005604202 18.803730011
0.004429932 0.037530489 -0.999285758 -202.838973999 -0.041773587 0.998430073 0.037313167 6.690023422 0.999117315 0.041578460 0.005990760 18.811222076
0.003963826 0.034239486 -0.999405801 -203.797531128 -0.039776824 0.998628080 0.034055077 6.716329575 0.999200702 0.039618209 0.005320325 18.823787689
0.005214861 0.034663096 -0.999385536 -204.736663818 -0.043978315 0.998440027 0.034400828 6.740364552 0.999018848 0.043771893 0.006731150 18.809202194
0.007213022 0.038505163 -0.999232411 -205.716232300 -0.046223596 0.998203099 0.038131833 6.767786026 0.998905003 0.045913070 0.008979907 18.788860321
0.008406742 0.038108334 -0.999238253 -206.709045410 -0.043557495 0.998339057 0.037707593 6.789369583 0.999015510 0.043207314 0.010052681 18.811428070
0.010151559 0.040511291 -0.999127507 -207.606796265 -0.042282179 0.998302758 0.040048245 6.784614086 0.999054134 0.041838743 0.011847235 18.841291428
0.012192833 0.045379527 -0.998895347 -208.605789185 -0.042912606 0.998073041 0.044818360 6.814916611 0.999004424 0.042318743 0.014116694 18.845924377
0.013671001 0.049227964 -0.998694062 -209.613571167 -0.040252224 0.998004854 0.048642986 6.849704266 0.999096036 0.039534651 0.015625257 18.857032776
0.015191250 0.049823239 -0.998642504 -210.623245239 -0.039214645 0.998019099 0.049195599 6.880249023 0.999115348 0.038414076 0.017114956 18.873216629
0.016721962 0.050924104 -0.998562515 -211.653457642 -0.042514700 0.997835159 0.050175060 6.916266441 0.998955905 0.041614562 0.018850785 18.893772125
0.019697625 0.053018838 -0.998399258 -212.668609619 -0.045160282 0.997620881 0.052086540 6.956051350 0.998785615 0.044062007 0.022045106 18.897964478
0.024172802 0.053347304 -0.998283505 -213.669296265 -0.045659553 0.997592032 0.052204739 6.987193108 0.998664618 0.044319235 0.026550407 18.896732330
0.027242489 0.049454074 -0.998404801 -214.803863525 -0.051161032 0.997535527 0.048015036 7.062314987 0.998318791 0.049771372 0.029705474 18.917400360
0.030141454 0.046408691 -0.998467624 -215.842208862 -0.051144943 0.997684717 0.044828348 7.098046303 0.998236358 0.049715389 0.032445233 18.943367004
