1.000000000 0.000000000 0.000000000 0.000000000 0.000000000 1.000000000 0.000000000 0.000000000 0.000000000 0.000000000 1.000000000 0.000000000
0.999931872 -0.002795610 0.011331629 0.016779978 0.002782485 0.999995410 0.001173861 -0.005346775 -0.011334859 -0.001142250 0.999935091 0.296475619
0.999816716 -0.004983569 0.018485565 0.022083893 0.004967668 0.999987245 0.000906076 -0.004871449 -0.018489845 -0.000814080 0.999828696 0.595305562
0.999761701 -0.007691082 0.020426394 0.032810792 0.007699834 0.999970317 -0.000349900 -0.007750661 -0.020423098 0.000507097 0.999791443 0.900840461
0.999798238 -0.008963710 0.017976858 0.041136451 0.008995187 0.999958158 -0.001670904 -0.011881191 -0.017961133 0.001832273 0.999836981 1.210506797
0.999868155 -0.011766969 0.011191704 0.046688654 0.011804635 0.999924839 -0.003305555 -0.012808360 -0.011151969 0.003437232 0.999931931 1.526743531
0.999909818 -0.013366499 -0.001298294 0.043236490 0.013359466 0.999896765 -0.005283306 -0.016056981 0.001368780 0.005265485 0.999985158 1.853186131
0.999763131 -0.012773523 -0.017620645 0.020693336 0.012673849 0.999903023 -0.005756747 -0.018392025 0.017692473 0.005532061 0.999828160 2.187450409
0.999273777 -0.008457563 -0.037152395 -0.009152301 0.008260703 0.999951005 -0.005449020 -0.026580554 0.037196662 0.005138158 0.999294758 2.528369665
0.998371005 -0.004353384 -0.056886617 -0.049294151 0.003982662 0.999970078 -0.006628605 -0.034001149 0.056913778 0.006391247 0.998358607 2.881544113
0.996991277 -0.004219915 -0.077399291 -0.087461248 0.003686321 0.999968410 -0.007035636 -0.037419640 0.077426530 0.006729149 0.996975362 3.248140574
0.995179534 -0.005473029 -0.097915873 -0.144080237 0.004839464 0.999965847 -0.006706832 -0.038672063 0.097949237 0.006200642 0.995172083 3.618948221
0.993003130 -0.007256539 -0.117864653 -0.196366578 0.006632051 0.999961734 -0.005689700 -0.046548426 0.117901437 0.004868206 0.993013382 4.009138107
0.990640759 -0.006177451 -0.136354432 -0.258728951 0.005578033 0.999972939 -0.004777670 -0.054543298 0.136380255 0.003972365 0.990648627 4.411253452
0.988453925 -0.005129436 -0.151434928 -0.343563825 0.004514355 0.999980032 -0.004405212 -0.057480864 0.151454508 0.003670718 0.988457441 4.823651791
0.986359298 -0.004463010 -0.164545834 -0.426857710 0.003810355 0.999983549 -0.004281832 -0.070133880 0.164562225 0.003596447 0.986360133 5.231726646
0.984289229 -0.005867910 -0.176466137 -0.514935255 0.005023987 0.999973655 -0.005228763 -0.074753903 0.176492184 0.004260052 0.984292865 5.670629025
0.982373238 -0.009767307 -0.186674669 -0.599792719 0.008529617 0.999935985 -0.007432247 -0.083081432 0.186735317 0.005708976 0.982393682 6.116589069
0.980928361 -0.008701281 -0.194174886 -0.695640028 0.007063377 0.999933422 -0.009125962 -0.093277000 0.194241330 0.007580385 0.980924487 6.570233345
0.979522288 -0.008479421 -0.201157361 -0.807096243 0.006431010 0.999920547 -0.010834449 -0.097660266 0.201233283 0.009318938 0.979499102 7.044599533
0.977813780 -0.009078072 -0.209279627 -0.917449832 0.006287465 0.999882281 -0.013995792 -0.105080843 0.209382027 0.012369439 0.977755606 7.535710335
0.975930691 -0.012791534 -0.217705369 -1.029628158 0.009568343 0.999828517 -0.015853079 -0.111890689 0.217870817 0.013388426 0.975885808 8.032520294
0.974003494 -0.019565027 -0.225686416 -1.129585743 0.016186025 0.999727547 -0.016812943 -0.127771690 0.225953922 0.012722902 0.974054933 8.545026779
0.971991479 -0.019981584 -0.234165043 -1.262757063 0.015899822 0.999687135 -0.019306190 -0.139843658 0.234477594 0.015042271 0.972005188 9.070659637
0.969861329 -0.016025428 -0.243129626 -1.412032366 0.010677377 0.999671578 -0.023298629 -0.154502198 0.243423164 0.020000456 0.969713986 9.611103058
0.967703402 -0.013667798 -0.251720876 -1.562143803 0.007195279 0.999619842 -0.026615612 -0.170792341 0.251988977 0.023944816 0.967433870 10.145403862
0.965481520 -0.015553949 -0.260006547 -1.725427151 0.008542721 0.999569356 -0.028073955 -0.194450438 0.260331213 0.024883725 0.965198636 10.721358299
0.963114262 -0.018532781 -0.268453687 -1.887866378 0.010797944 0.999483764 -0.030260559 -0.214695588 0.268875897 0.026245631 0.962817192 11.295295715
0.960871577 -0.018157415 -0.276398242 -2.063321114 0.009499673 0.999422371 -0.032630313 -0.238025397 0.276831090 0.028727848 0.960489094 11.879155159
0.958560944 -0.016653201 -0.284400612 -2.250655651 0.006534544 0.999312580 -0.036490772 -0.260847926 0.284812838 0.033120200 0.958010793 12.465730667
0.956309021 -0.018074378 -0.291798562 -2.439128399 0.006369205 0.999138236 -0.041014168 -0.295995802 0.292288423 0.037363693 0.955600023 13.058099747
0.954568744 -0.019277001 -0.297366619 -2.635825157 0.004860856 0.998779893 -0.049142901 -0.324173421 0.297951162 0.045464817 0.953497708 13.671083450
0.953239560 -0.020253209 -0.301536411 -2.841370106 0.003120394 0.998358369 -0.057192016 -0.359831154 0.302199721 0.053576775 0.951737761 14.292210579
0.951913595 -0.020208178 -0.305699408 -3.052652597 -0.000037689 0.997814536 -0.066077605 -0.399700165 0.306366622 0.062911697 0.949832320 14.925285339
0.950394988 -0.019645559 -0.310424834 -3.269706726 -0.003803522 0.997194767 -0.074753344 -0.447311580 0.311022609 0.072225906 0.947654128 15.588375092
0.949290276 -0.018113438 -0.313878953 -3.495001316 -0.008111207 0.996595740 -0.082043312 -0.498339355 0.314296514 0.080428839 0.945911586 16.188859940
0.947626770 -0.016779257 -0.318939090 -3.731946707 -0.012140627 0.996004701 -0.088471480 -0.555487633 0.319149315 0.087710038 0.943636894 16.874229431
0.946051657 -0.015749868 -0.323632687 -3.981383562 -0.015653679 0.995429933 -0.094202720 -0.620156527 0.323637366 0.094186686 0.941481650 17.549503326
0.944403470 -0.013526162 -0.328510523 -4.229319096 -0.020372031 0.994826376 -0.099526793 -0.695906043 0.328157157 0.100685872 0.939241886 18.224000931
0.942706764 -0.011398003 -0.333427787 -4.481443405 -0.024277097 0.994422972 -0.102632791 -0.766107082 0.332738012 0.104847282 0.937172592 18.914230347
0.941096365 -0.009516247 -0.338004529 -4.762573242 -0.027534185 0.994127691 -0.104651518 -0.840093732 0.337015569 0.107793853 0.935307920 19.607112885
0.938701451 -0.010930242 -0.344557613 -5.024718285 -0.026262071 0.994325280 -0.103090040 -0.929214239 0.343729138 0.105819583 0.933087528 20.337957382
0.936398923 -0.010575128 -0.350778013 -5.306295395 -0.026764305 0.994482815 -0.101428412 -1.011930227 0.349915296 0.104365788 0.930949569 21.059303284
0.933868110 -0.011075523 -0.357445985 -5.600535870 -0.026285540 0.994690955 -0.099494606 -1.097163081 0.356650233 0.102310516 0.928618908 21.798263550
0.930820465 -0.010060604 -0.365338147 -5.897138596 -0.027150655 0.994955361 -0.096574195 -1.176907063 0.364466816 0.099812411 0.925851762 22.518592834
0.927766979 -0.007231508 -0.373089939 -6.213552475 -0.028763441 0.995451748 -0.090820953 -1.259702086 0.372049838 0.094992042 0.923339248 23.262960434
0.923971713 -0.004086086 -0.382438928 -6.499233246 -0.030911541 0.995873749 -0.085322402 -1.336204052 0.381209493 0.090657271 0.920032859 23.958248138
0.920325339 -0.000148932 -0.391153812 -6.833057880 -0.034476630 0.996077061 -0.081497498 -1.410472989 0.389631510 0.088489875 0.916709781 24.708217621
0.916411400 0.000851181 -0.400236785 -7.179020882 -0.035876244 0.996146858 -0.080026358 -1.482213259 0.398626506 0.087696053 0.912910879 25.481279373
0.912431836 0.000825053 -0.409227908 -7.532362938 -0.036380019 0.996202052 -0.079105966 -1.553983092 0.407608449 0.087066516 0.908996582 26.243513107
0.908395052 0.000706794 -0.418112278 -7.885666847 -0.036510643 0.996312737 -0.077639192 -1.631217718 0.416515678 0.085792609 0.905071437 27.020689011
0.904575527 0.002245224 -0.426307470 -8.248659134 -0.038276084 0.996375084 -0.075969867 -1.705227375 0.424591571 0.085037857 0.901382565 27.772464752
0.900961101 0.001223872 -0.433898032 -8.641485214 -0.036774192 0.996613324 -0.073548131 -1.775951624 0.432338595 0.082220264 0.897954881 28.566053391
0.896905899 0.001366391 -0.442219406 -9.042764664 -0.035805043 0.996936381 -0.069539115 -1.843482494 0.440769643 0.078203730 0.894207060 29.369062424
0.893487036 0.004129895 -0.449069947 -9.459379196 -0.036674570 0.997288704 -0.063797534 -1.910755873 0.447588921 0.073471725 0.891216040 30.166303635
0.889126480 0.003951197 -0.457644463 -9.879829407 -0.035142194 0.997599900 -0.059662338 -1.974707603 0.456310272 0.069130003 0.887131274 31.000484467
0.885538757 0.002962298 -0.464556068 -10.315396309 -0.033628155 0.997765064 -0.057739753 -2.040476561 0.463346809 0.066752948 0.883659303 31.803031921
0.882445931 0.002157717 -0.470408916 -10.766796112 -0.032784630 0.997840106 -0.056924105 -2.091759205 0.469270051 0.065654621 0.880610704 32.631141663
0.879227281 0.002142922 -0.476397753 -11.236736298 -0.032012030 0.997995436 -0.054591410 -2.152815580 0.475325853 0.063248709 0.877533436 33.485992432
0.876606107 0.001814455 -0.481205255 -11.739837646 -0.031294376 0.998090982 -0.053245153 -2.213684320 0.480190039 0.061734032 0.874989450 34.340320587
0.873989284 0.000750688 -0.485944659 -12.243193626 -0.030539442 0.998106837 -0.053384427 -2.273537636 0.484984666 0.061497882 0.872357666 35.217884064
0.871415615 -0.000359968 -0.490545303 -12.643705368 -0.029900374 0.998101354 -0.053848118 -2.334086895 0.489633322 0.061591581 0.869750381 35.978462219
0.870111465 -0.000159028 -0.492854983 -13.149641037 -0.030536773 0.998061180 -0.054233231 -2.390375853 0.491908103 0.062239155 0.868419588 36.849716187
0.869687796 -0.000140651 -0.493602097 -13.658391953 -0.030189153 0.998112738 -0.053475317 -2.447629690 0.492678016 0.061408270 0.868042290 37.723358154
0.869334698 0.000937033 -0.494222939 -14.143476486 -0.030584263 0.998183548 -0.051904980 -2.505060196 0.493276626 0.060238242 0.867784262 38.574371338
0.869036674 -0.001219676 -0.494746119 -14.672413826 -0.027592519 0.998320997 -0.050928220 -2.569872379 0.493977606 0.057909783 0.867543995 39.490760803
0.868287563 -0.002044112 -0.496056855 -15.226429939 -0.027361985 0.998271763 -0.052007470 -2.636653185 0.495305777 0.058730539 0.866731107 40.468307495
0.867457330 -0.004206108 -0.497493923 -15.768508911 -0.025142167 0.998315990 -0.052279595 -2.699831486 0.496876001 0.057858396 0.865890622 41.388805389
0.865720332 -0.004894070 -0.500504076 -16.302511215 -0.023565143 0.998444796 -0.050523631 -2.756623745 0.499972939 0.055533782 0.864258647 42.309745789
0.863351882 -0.004443028 -0.504582644 -16.850006104 -0.022092098 0.998669624 -0.046593696 -2.822412729 0.504118383 0.051374052 0.862105131 43.250545502
0.860314548 -0.004482627 -0.509743929 -17.404964447 -0.019669026 0.998924792 -0.041980598 -2.887660980 0.509384036 0.046142679 0.859301329 44.177955627
0.856656611 -0.005384090 -0.515858889 -17.980924606 -0.017977480 0.999026656 -0.040281124 -2.942463636 0.515573680 0.043780927 0.855726004 45.129493713
0.851545393 -0.009002096 -0.524203539 -18.550918579 -0.015919466 0.998947620 -0.043015279 -2.994913101 0.524039090 0.044974510 0.850505829 46.035533905
0.845665276 -0.012274349 -0.533572495 -19.122514725 -0.014568844 0.998832047 -0.046067551 -3.053146124 0.533514857 0.046731263 0.844498873 46.923667908
0.839617491 -0.011968171 -0.543046296 -19.707567215 -0.015152384 0.998852074 -0.045441143 -3.110976458 0.542966723 0.046381615 0.838472366 47.814060211
0.833630741 -0.008542296 -0.552255988 -20.320108414 -0.016251180 0.999068081 -0.039984751 -3.175408363 0.552083015 0.042307332 0.832715034 48.731727600
0.828381777 -0.003503783 -0.560152888 -20.935848236 -0.019737180 0.999176979 -0.035438217 -3.230151415 0.559816003 0.040412214 0.827630877 49.637107849
0.824095309 -0.005466250 -0.566424608 -21.555896759 -0.018710682 0.999145210 -0.036864504 -3.284507275 0.566141903 0.040978070 0.823288500 50.549842834
0.820551038 -0.007888753 -0.571518660 -22.172052383 -0.019019628 0.998974085 -0.041096181 -3.338938713 0.571256578 0.044591594 0.819559276 51.422260284
0.817686081 -0.009731179 -0.575582087 -22.806304932 -0.022107836 0.998588741 -0.048289746 -3.393688440 0.575239778 0.052210726 0.816316903 52.297332764
0.814446509 -0.011911738 -0.580116272 -23.427852631 -0.021139791 0.998516321 -0.050181817 -3.449260473 0.579853415 0.053133946 0.812986195 53.159374237
0.811124921 -0.009306479 -0.584798813 -24.082736969 -0.021581750 0.998716176 -0.045827776 -3.516859531 0.584474564 0.049793035 0.809882760 54.047157288
0.807987273 -0.006551206 -0.589163482 -24.694938660 -0.021619905 0.998935103 -0.040757511 -3.569512606 0.588803172 0.045669205 0.806985259 54.870853424
0.805355310 -0.003839746 -0.592779934 -25.316242218 -0.023161506 0.999011636 -0.037938520 -3.618484020 0.592339754 0.044283666 0.804470360 55.698509216
0.802305818 -0.003164348 -0.596904695 -25.976449966 -0.024767494 0.998948336 -0.038585939 -3.665828943 0.596399069 0.045741566 0.801383674 56.572856903
0.798863590 -0.004728494 -0.601493597 -26.633480072 -0.024217157 0.998905540 -0.040016260 -3.724601746 0.601024568 0.046533994 0.797874749 57.420242310
0.794877112 -0.007768577 -0.606720626 -27.298934937 -0.022858029 0.998824894 -0.042735934 -3.783123970 0.606339753 0.047838256 0.793765485 58.280685425
0.790628672 -0.007472779 -0.612250209 -27.948812485 -0.024148870 0.998767018 -0.043375004 -3.840907574 0.611819506 0.049078669 0.789473295 59.119770050
0.785946250 -0.008489958 -0.618236482 -28.642055511 -0.022434101 0.998855710 -0.042236648 -3.896820784 0.617887676 0.047065318 0.784856498 60.006675720
0.781257451 -0.007279937 -0.624166429 -29.323781967 -0.023539368 0.998877108 -0.041114140 -3.971051216 0.623764992 0.046813220 0.780208826 60.832340240
0.776031375 -0.008255729 -0.630640149 -29.992504120 -0.023758013 0.998821974 -0.042310927 -4.029613495 0.630246520 0.047817372 0.774921119 61.609081268
0.770976901 -0.009788641 -0.636787891 -30.710113525 -0.023176085 0.998788357 -0.043413203 -4.083649635 0.636441231 0.048228834 0.769815862 62.454467773
0.765176356 -0.011225747 -0.643722832 -31.413356781 -0.022324901 0.998784065 -0.043954603 -4.145376205 0.643433452 0.048004068 0.763995349 63.290622711
0.759690821 -0.011598448 -0.650180936 -32.130817413 -0.022861751 0.998746395 -0.044528794 -4.214195251 0.649882376 0.048692398 0.758473396 64.110328674
0.753283799 -0.014701638 -0.657531261 -32.864608765 -0.020073785 0.998770416 -0.045328379 -4.272505760 0.657389104 0.047344275 0.752062619 64.973457336
0.747282743 -0.016696779 -0.664296269 -33.567604065 -0.018115303 0.998800993 -0.045482725 -4.347490311 0.664259255 0.046022389 0.746084273 65.737037659
0.741220713 -0.016337611 -0.671062589 -34.331710815 -0.017598074 0.998887300 -0.043756705 -4.408059120 0.671030760 0.044242784 0.740108371 66.567512512
0.734986424 -0.016809678 -0.677873313 -35.107158661 -0.016545184 0.998950541 -0.042710811 -4.469447613 0.677879870 0.042607415 0.733936965 67.394401550
0.728393316 -0.018627360 -0.684905946 -35.872100830 -0.015676564 0.998915613 -0.043839384 -4.528858185 0.684979975 0.042669289 0.727311432 68.213417053
0.722048163 -0.021003606 -0.691523850 -36.662063599 -0.014355733 0.998869061 -0.045327988 -4.598346233 0.691693842 0.042656321 0.720930040 69.016456604
0.716153860 -0.019603429 -0.697667122 -37.443542480 -0.016533431 0.998848438 -0.045037709 -4.661060810 0.697746634 0.043788757 0.715004981 69.802009583
0.710256279 -0.017821152 -0.703717530 -38.295768738 -0.019365815 0.998806477 -0.044839818 -4.715319633 0.703676760 0.045475826 0.709063351 70.667686462
0.705493271 -0.017424844 -0.708502352 -39.110534668 -0.020189958 0.998797894 -0.044668563 -4.778015137 0.708428919 0.045818001 0.704293311 71.464302063
0.700172246 -0.018519592 -0.713733733 -39.934379578 -0.019943884 0.998766124 -0.045480393 -4.841760159 0.713695347 0.046078738 0.698938787 72.277496338
0.695239484 -0.020069683 -0.718497872 -40.756374359 -0.020621167 0.998641729 -0.047848541 -4.913803577 0.718482196 0.048082460 0.693881333 73.057106018
0.690348327 -0.022794923 -0.723117948 -41.620437622 -0.019926902 0.998525202 -0.050500493 -4.971800327 0.723202705 0.049272433 0.688876033 73.859390259
0.685178041 -0.023392277 -0.727999926 -42.448097229 -0.019874707 0.998511612 -0.050790075 -5.041630745 0.728104353 0.049269032 0.683693230 74.634765625
0.680145025 -0.023008848 -0.732716322 -43.394737244 -0.019963976 0.998555362 -0.049888335 -5.115140915 0.732805610 0.048559237 0.678703010 75.499969482
0.675491154 -0.023036841 -0.737008154 -44.274250031 -0.019261505 0.998619497 -0.048867866 -5.184186935 0.737116456 0.047205698 0.674114883 76.288040161
0.670025826 -0.024512848 -0.741932929 -45.153606415 -0.018318577 0.998604298 -0.049536217 -5.250938416 0.742111742 0.046781700 0.668641567 77.087882996
0.665913284 -0.025547240 -0.745591700 -46.056591034 -0.017407479 0.998609304 -0.049763944 -5.317919731 0.745826125 0.046117343 0.664542317 77.860671997
0.661424398 -0.026193375 -0.749554396 -46.966163635 -0.015188504 0.998717189 -0.048303124 -5.405790329 0.749858081 0.043333478 0.660178065 78.661003113
0.657001138 -0.027116461 -0.753401637 -47.904006958 -0.015372786 0.998663247 -0.049349710 -5.458239555 0.753732800 0.044004705 0.655706167 79.484169006
0.653271735 -0.029906098 -0.756532669 -48.812522888 -0.012490327 0.998657882 -0.050262917 -5.529998302 0.757020593 0.042284682 0.652021468 80.261192322
0.648395777 -0.034768343 -0.760509074 -49.727073669 -0.009316658 0.998519421 -0.053592715 -5.600565910 0.761246383 0.041834693 0.647111833 81.051010132
0.643927872 -0.038560092 -0.764113903 -50.650924683 -0.005706800 0.998459280 -0.055195242 -5.675214767 0.765064955 0.039902400 0.642715693 81.812316895
0.637353301 -0.042932734 -0.769374728 -51.577735901 0.000619978 0.998475015 -0.055203419 -5.752321243 0.770571470 0.034707088 0.636407971 82.589210510
0.628743291 -0.045648899 -0.776271999 -52.500972748 0.004043772 0.998453975 -0.055439126 -5.829800129 0.777602434 0.031717904 0.627955794 83.348182678
0.619340539 -0.046942722 -0.783717871 -53.506786346 0.006146287 0.998470366 -0.054948676 -5.900895119 0.785098433 0.029214991 0.618681669 84.148071289
0.610711098 -0.045207981 -0.790561974 -54.484092712 0.006579536 0.998624265 -0.052023225 -5.981256962 0.791826189 0.026569629 0.610168397 84.892295837
0.601499498 -0.045073681 -0.797600627 -55.467067719 0.005889772 0.998630166 -0.051992487 -6.057876110 0.798851550 0.026575770 0.600941062 85.632003784
0.591952682 -0.046876561 -0.804608405 -56.473930359 0.005436917 0.998516679 -0.054173723 -6.125732422 0.805954516 0.027693691 0.591329515 86.361724854
0.581977546 -0.048767395 -0.811741352 -57.484901428 0.005958822 0.998429120 -0.055710968 -6.211669922 0.813183129 0.027585506 0.581353903 87.082733154
0.572011173 -0.050611518 -0.818682849 -58.492736816 0.006272237 0.998335302 -0.057335351 -6.287651062 0.820221841 0.027661491 0.571376443 87.787750244
0.562025905 -0.051241286 -0.825530887 -59.518089294 0.009442755 0.998411536 -0.055543434 -6.374641418 0.827065766 0.023421567 0.561617017 88.478912354
0.552085459 -0.051365957 -0.832203865 -60.578163147 0.010374459 0.998446405 -0.054744482 -6.455783367 0.833723009 0.021589968 0.551760674 89.166641235
0.541256666 -0.052241933 -0.839232981 -61.589851379 0.010972636 0.998421907 -0.055074677 -6.540582657 0.840785861 0.020600939 0.540975749 89.828277588
0.531195700 -0.053196974 -0.845577538 -62.661918640 0.010316192 0.998358965 -0.056328095 -6.621557713 0.847186387 0.021198107 0.530872822 90.493896484
0.521246076 -0.053755432 -0.851711690 -63.745506287 0.009024657 0.998305619 -0.057484575 -6.705761909 0.853358626 0.022277208 0.520848095 91.142898560
0.512064517 -0.053988948 -0.857248485 -64.822914124 0.007082715 0.998254180 -0.058638632 -6.796737671 0.858917832 0.023955114 0.511552870 91.769783020
0.501847386 -0.054063231 -0.863264978 -65.906211853 0.006338466 0.998247743 -0.058831953 -6.881310463 0.864932954 0.024052888 0.501310766 92.408721924
0.493145049 -0.052144069 -0.868382990 -67.048278809 0.005654279 0.998373091 -0.056738634 -6.968791485 0.869928837 0.023070291 0.492637545 93.045783997
0.485609502 -0.050278541 -0.872728765 -68.153762817 0.006308630 0.998520255 -0.054015189 -7.064076424 0.874153137 0.020724565 0.485208064 93.631423950
0.477564842 -0.050125733 -0.877165437 -69.196434021 0.006283271 0.998540580 -0.053640857 -7.153344154 0.878574073 0.020105518 0.477182776 94.210876465
0.470156133 -0.053416900 -0.880965292 -70.104042053 0.008549901 0.998395622 -0.055974297 -7.214555740 0.882541835 0.018784491 0.469858468 94.686378479
0.463525802 -0.056995053 -0.884248495 -71.238555908 0.011417340 0.998230517 -0.058356866 -7.298180580 0.886009812 0.016954150 0.463356316 95.270599365
0.457699358 -0.059585296 -0.887108147 -72.377494812 0.012727097 0.998088717 -0.060473155 -7.393019676 0.889015973 0.016388211 0.457582861 95.854751587
0.451499820 -0.063260280 -0.890025854 -73.524230957 0.014719195 0.997875929 -0.063459061 -7.484865665 0.892149687 0.015551284 0.451471984 96.450965881
0.446904689 -0.064149134 -0.892278552 -74.650527954 0.017457416 0.997861147 -0.062996157 -7.582695484 0.894411147 0.012576399 0.447068721 97.010223389
0.442424119 -0.061035898 -0.894726455 -75.777984619 0.018419072 0.998089314 -0.058979187 -7.686259270 0.896616757 0.009613780 0.442703009 97.584869385
0.438943446 -0.058882907 -0.896583200 -76.953620911 0.020478921 0.998246908 -0.055533692 -7.771533966 0.898281276 0.006015094 0.439379781 98.120185852
0.435985267 -0.058572315 -0.898045719 -78.104293823 0.022127239 0.998275876 -0.054367132 -7.856751442 0.899681747 0.003831997 0.436529577 98.668121338
0.433175951 -0.058160480 -0.899430931 -79.230743408 0.023904767 0.998306155 -0.053041320 -7.947354794 0.900992393 0.001475536 0.433832526 99.212799072
0.430896252 -0.057304289 -0.900580227 -80.375244141 0.024803992 0.998356819 -0.051658005 -8.030370712 0.902060568 -0.000078742 0.431609511 99.751037598
0.428129405 -0.056657910 -0.901939631 -81.491752625 0.026614437 0.998390377 -0.050083496 -8.110759735 0.903325498 -0.002562401 0.428948134 100.288879395
0.425908655 -0.057240956 -0.902953684 -82.643112183 0.029478403 0.998344779 -0.049383603 -8.204847336 0.904285848 -0.005584728 0.426890999 100.836746216
0.424765676 -0.057567302 -0.903471231 -83.732368469 0.030865952 0.998316944 -0.049099095 -8.274456024 0.904777050 -0.007030893 0.425827622 101.323913574
0.421520948 -0.056457467 -0.905059457 -84.976440430 0.033993788 0.998342276 -0.046444222 -8.352806091 0.906181216 -0.011189189 0.422741354 101.912887573
0.419313669 -0.055789720 -0.906125486 -86.078155518 0.035575442 0.998353124 -0.045005430 -8.425114632 0.907144070 -0.013364421 0.420607805 102.426177979
0.417854786 -0.057371002 -0.906700492 -87.191818237 0.038032599 0.998233855 -0.045635328 -8.498880386 0.907717347 -0.015415237 0.419298798 102.935554504
0.416546345 -0.058028407 -0.907260656 -88.280029297 0.039030816 0.998182118 -0.045923714 -8.579116821 0.908276260 -0.016281772 0.418053955 103.434494019
0.416193038 -0.059097506 -0.907353759 -89.327537537 0.038385060 0.998137891 -0.047403637 -8.651140213 0.908465683 -0.015099759 0.417686522 103.903869629
0.416785002 -0.060462467 -0.906992078 -90.382186890 0.039493933 0.998047709 -0.048384044 -8.733379364 0.908146739 -0.015654938 0.418359220 104.390373230
0.418868005 -0.058956344 -0.906131208 -91.453269958 0.034276005 0.998205364 -0.049102616 -8.809818268 0.907400012 -0.010491040 0.420137048 104.881866455
0.422305763 -0.061623011 -0.904356360 -92.528892517 0.036045246 0.998039007 -0.051174577 -8.873468399 0.905736506 -0.010986433 0.423698843 105.393257141
0.427994728 -0.062031690 -0.901649952 -93.568626404 0.034685440 0.998034179 -0.052198268 -8.949567795 0.903115392 -0.008933537 0.429304928 105.871795654
0.433295250 -0.062167674 -0.899105310 -94.567436218 0.033869222 0.998036623 -0.052685980 -9.023015022 0.900615454 -0.007623421 0.434550077 106.353691101
0.440539598 -0.060834035 -0.895669580 -95.573501587 0.032346457 0.998129070 -0.051883340 -9.097573280 0.897150278 -0.006115071 0.441683203 106.833969116
0.448332846 -0.060609978 -0.891809464 -96.580276489 0.033343289 0.998138070 -0.051073961 -9.171403885 0.893244565 -0.006837730 0.449518979 107.336585999
0.457053661 -0.059460569 -0.887449324 -97.554435730 0.031969886 0.998216510 -0.050417028 -9.248710632 0.888864398 -0.005328370 0.458139360 107.837921143
0.467075557 -0.058664627 -0.882269204 -98.533355713 0.030301491 0.998272598 -0.050336339 -9.316825867 0.883698046 -0.003223196 0.468046308 108.340438843
0.476096272 -0.058691960 -0.877432346 -99.492485046 0.028733011 0.998275757 -0.051184665 -9.399656296 0.878923595 -0.000842444 0.476961851 108.872009277
0.486883372 -0.059611406 -0.871430397 -100.461212158 0.026640031 0.998217762 -0.053400215 -9.473994255 0.873060584 0.002784739 0.487603784 109.397247314
0.498406440 -0.060899947 -0.864801824 -101.423362732 0.025577705 0.998128295 -0.055547833 -9.548459053 0.866566122 0.005565749 0.499031216 109.942993164
0.510255396 -0.058928750 -0.858001590 -102.355819702 0.022700187 0.998225033 -0.055059630 -9.619130135 0.859723270 0.008617682 0.510687470 110.500389099
0.523746908 -0.056608021 -0.849991083 -103.283134460 0.022217242 0.998357892 -0.052799221 -9.697942734 0.851584077 0.008768971 0.524144590 111.040603638
0.534888208 -0.054876655 -0.843138814 -104.223709106 0.022578496 0.998460531 -0.050662123 -9.774219513 0.844621003 0.008061765 0.535303950 111.661720276
0.547762632 -0.053835556 -0.834899902 -105.113525391 0.020383267 0.998490036 -0.051011007 -9.818930626 0.836385429 0.010923934 0.548032880 112.201751709
0.559639931 -0.054466646 -0.826944113 -106.008834839 0.020754008 0.998446107 -0.051717214 -9.890386581 0.828475893 0.011780616 0.559900761 112.795593262
0.570775270 -0.055437818 -0.819232643 -106.886230469 0.020892564 0.998375714 -0.053004250 -9.962781906 0.820840478 0.013137641 0.571006417 113.401229858
0.581502676 -0.056549795 -0.811576724 -107.758552551 0.022801680 0.998322248 -0.053224396 -10.039364815 0.813224792 0.012444819 0.581816494 114.022705078
0.593157291 -0.056741241 -0.803084612 -108.613815308 0.023444915 0.998307645 -0.053218175 -10.110608101 0.804745197 0.012738491 0.593483806 114.639587402
0.602444708 -0.057818953 -0.796063542 -109.409675598 0.026677100 0.998274267 -0.052317020 -10.155360222 0.797714651 0.010281448 0.602947533 115.262435913
0.612509608 -0.054902676 -0.788554192 -110.226104736 0.026682729 0.998452544 -0.048790924 -10.224433899 0.790012658 0.008844133 0.613026738 115.893432617
0.622969627 -0.052096326 -0.780509353 -111.035873413 0.024349941 0.998587728 -0.047217228 -10.300176620 0.781866848 0.010409539 0.623358488 116.511642456
0.633366883 -0.052158870 -0.772091925 -111.846176147 0.023193989 0.998557210 -0.048431177 -10.366409302 0.773503959 0.012766811 0.633662879 117.158500671
0.642835438 -0.050462466 -0.764340341 -112.623153687 0.020068578 0.998594701 -0.049049824 -10.438665390 0.765741289 0.016191741 0.642944872 117.803878784
0.651551604 -0.051149763 -0.756878018 -113.371665955 0.021758936 0.998573840 -0.048752584 -10.515991211 0.758292079 0.015295963 0.651735306 118.465637207
0.660173833 -0.049724333 -0.749465048 -114.031829834 0.022117116 0.998660564 -0.046775479 -10.575984955 0.750787139 0.014303937 0.660389245 119.058456421
0.669078469 -0.048086718 -0.741634369 -114.767845154 0.022531344 0.998758316 -0.044431288 -10.637458801 0.742850125 0.013018002 0.669331133 119.714332581
0.677344203 -0.047227621 -0.734148800 -115.496604919 0.022519939 0.998800695 -0.043475159 -10.697481155 0.735321522 0.012914656 0.677595377 120.382720947
0.685112894 -0.046452940 -0.726954281 -116.198631287 0.021208616 0.998813570 -0.043837048 -10.753221512 0.728128135 0.014615634 0.685285270 121.035919189
0.692306876 -0.046263751 -0.720118582 -116.887397766 0.022064526 0.998833358 -0.042957284 -10.814720154 0.721265852 0.013850546 0.692519903 121.706802368
0.700073123 -0.043429032 -0.712749243 -117.590141296 0.021188891 0.998972774 -0.040057067 -10.871168137 0.713756680 0.012940509 0.700274110 122.369491577
0.707304358 -0.040317390 -0.705758452 -118.251861572 0.019317411 0.999101877 -0.037715290 -10.919389725 0.706645191 0.013042760 0.707447886 123.030868530
0.714289844 -0.038533993 -0.698788345 -118.892349243 0.018196285 0.999167979 -0.036498193 -10.978031158 0.699613452 0.013354933 0.714396715 123.700675964
0.721871257 -0.037628066 -0.691003680 -119.528579712 0.017659146 0.999197125 -0.035962503 -11.028768539 0.691802204 0.013757760 0.721956074 124.362030029
0.729903877 -0.034587126 -0.682674170 -120.154022217 0.014734220 0.999283016 -0.034874275 -11.071836472 0.683390975 0.015396199 0.729890287 125.017280579
0.738936186 -0.031050846 -0.673059523 -120.741966248 0.013419170 0.999417603 -0.031374417 -11.122549057 0.673641741 0.014151797 0.738922417 125.657608032
0.748438239 -0.028231166 -0.662603378 -121.336822510 0.012587227 0.999518335 -0.028368108 -11.162512779 0.663085222 0.012891439 0.748432994 126.318481445
0.758453667 -0.025652064 -0.651221812 -121.880699158 0.010239730 0.999570787 -0.027447928 -11.204332352 0.651646495 0.014149647 0.758390784 126.962638855
0.768613994 -0.024379358 -0.639248073 -122.433456421 0.008869698 0.999583662 -0.027456993 -11.261880875 0.639651418 0.015433894 0.768510222 127.594032288
0.778353155 -0.024884190 -0.627333343 -122.969001770 0.008015551 0.999526620 -0.029702680 -11.299437523 0.627775490 0.018090755 0.778184175 128.268173218
0.788245261 -0.023952443 -0.614894867 -123.495986938 0.007724588 0.999548495 -0.029033842 -11.336069107 0.615312815 0.018135978 0.788074493 128.949005127
0.798544586 -0.022175169 -0.601527035 -124.012733459 0.007171794 0.999600708 -0.027329311 -11.375100136 0.601892829 0.017509645 0.798384726 129.624526978
0.808682382 -0.019649444 -0.587917149 -124.530426025 0.006380353 0.999676168 -0.024635104 -11.406671524 0.588210821 0.016170856 0.808545828 130.327163696
0.818384409 -0.018855078 -0.574361742 -124.999473572 0.007137012 0.999717951 -0.022649392 -11.434488297 0.574626744 0.014436683 0.818288207 130.990371704
0.827254355 -0.016988371 -0.561570644 -125.473953247 0.007333233 0.999784112 -0.019442350 -11.472438812 0.561779678 0.011965640 0.827200353 131.695388794
0.835306644 -0.017062236 -0.549519658 -125.926422119 0.009014220 0.999809027 -0.017341223 -11.499859810 0.549710512 0.009531748 0.835300744 132.394256592
0.842680871 -0.017717775 -0.538121819 -126.376632690 0.010875352 0.999814630 -0.015888670 -11.534896851 0.538303435 0.007536814 0.842717290 133.076538086
0.849381506 -0.016952772 -0.527507007 -126.841720581 0.010342051 0.999826670 -0.015479392 -11.561183929 0.527678013 0.007692403 0.849409640 133.808105469
0.855796933 -0.015865780 -0.517068505 -127.216621399 0.009030429 0.999835432 -0.015732832 -11.578682899 0.517233074 0.008794758 0.855799377 134.459472656
0.862540543 -0.013902265 -0.505796969 -127.657485962 0.007438901 0.999862850 -0.014796454 -11.600624084 0.505933344 0.008999967 0.862525642 135.202453613
0.868778408 -0.012559779 -0.495041788 -128.081848145 0.006387006 0.999879360 -0.014159144 -11.627622604 0.495159984 0.009139324 0.868753731 135.943695068
0.874429345 -0.013560788 -0.484963357 -128.494552612 0.007600400 0.999869466 -0.014254698 -11.651381493 0.485093474 0.008778809 0.874418259 136.704055786
0.879813015 -0.014410603 -0.475101411 -128.912048340 0.008196963 0.999851644 -0.015147647 -11.677228928 0.475249320 0.009432708 0.879800558 137.459747314
0.884273589 -0.015115315 -0.466724485 -129.324966431 0.008952985 0.999840975 -0.015418146 -11.705172539 0.466883391 0.009455281 0.884268343 138.229354858
0.887329936 -0.014206824 -0.460916042 -129.721084595 0.008104869 0.999851346 -0.015215388 -11.716907501 0.461063832 0.009765405 0.887313187 139.014663696
0.891158521 -0.012101540 -0.453530520 -130.170867920 0.007767023 0.999904573 -0.011418711 -11.749028206 0.453625470 0.006653302 0.891167581 139.835052490
0.893960774 -0.008618153 -0.448062330 -130.499603271 0.005938075 0.999955058 -0.007385936 -11.761325836 0.448105901 0.003942109 0.893971801 140.531951904
0.897333086 -0.005542270 -0.441319138 -130.911804199 0.003904626 0.999981701 -0.004618922 -11.776817322 0.441336662 0.002421526 0.897338271 141.350616455
0.900617898 -0.003047620 -0.434601039 -131.320220947 0.002156058 0.999994457 -0.002544445 -11.787085533 0.434606403 0.001354548 0.900619447 142.181304932
0.903839469 -0.001425476 -0.427869380 -131.717010498 0.001556303 0.999998808 -0.000044000 -11.803237915 0.427868962 -0.000626125 0.903840542 143.026794434
0.907195926 -0.000321592 -0.420708477 -132.137649536 0.001439088 0.999996245 0.002338779 -11.799597740 0.420706153 -0.002727167 0.907192886 143.909439087
0.910362899 -0.000008626 -0.413810790 -132.518920898 0.002033673 0.999988019 0.004453137 -11.811971664 0.413805813 -0.004895526 0.910352051 144.773864746
0.913940847 -0.001588805 -0.405844301 -132.877929688 0.004008760 0.999978840 0.005112793 -11.814194679 0.405827552 -0.006299723 0.913927972 145.612518311
0.917682469 -0.001778436 -0.397310764 -133.277282715 0.004157834 0.999978244 0.005127406 -11.816250801 0.397292972 -0.006357282 0.917669773 146.520965576
0.921424091 -0.005063737 -0.388525367 -133.663452148 0.007332963 0.999963582 0.004358057 -11.815292358 0.388489187 -0.006864660 0.921427786 147.447952271
0.925289512 -0.006531987 -0.379204959 -134.043823242 0.008293536 0.999961078 0.003012064 -11.820693016 0.379170507 -0.005931981 0.925307870 148.384307861
0.930007935 -0.007241745 -0.367468029 -134.429016113 0.008193328 0.999965847 0.001029646 -11.824219704 0.367448002 -0.003968365 0.930035651 149.332458496
0.934986770 -0.005998831 -0.354631752 -134.793487549 0.006429869 0.999979377 0.000037039 -11.830407143 0.354624152 -0.002314867 0.935006082 150.300628662
0.940960884 -0.001654483 -0.338511318 -135.134109497 0.002371867 0.999995708 0.001705579 -11.850358009 0.338507056 -0.002407787 0.940960765 151.241897583
0.947463691 0.001637656 -0.319859236 -135.487457275 -0.000212470 0.999989867 0.004490513 -11.853619576 0.319863439 -0.004186638 0.947454393 152.260162354
0.954152882 0.004967568 -0.299278378 -135.830184937 -0.003282548 0.999975860 0.006132735 -11.857353210 0.299301565 -0.004869171 0.954146087 153.285491943
0.960447431 0.007113222 -0.278370529 -136.138107300 -0.005326779 0.999960065 0.007173339 -11.864711761 0.278410494 -0.005406797 0.960446954 154.342864990
0.966440022 0.007827532 -0.256773233 -136.443176270 -0.005838926 0.999946713 0.008506112 -11.862045288 0.256826162 -0.006721367 0.966434181 155.420944214
0.971805096 0.008205390 -0.235642403 -136.677825928 -0.005684509 0.999919176 0.011375249 -11.876267433 0.235716701 -0.009715015 0.971773207 156.426300049
0.976933300 0.010874929 -0.213267773 -136.936492920 -0.007958352 0.999862731 0.014529428 -11.863693237 0.213396519 -0.012497023 0.976885676 157.528717041
0.981520355 0.013478577 -0.190882355 -137.133468628 -0.009982477 0.999764502 0.019265274 -11.872343063 0.191097125 -0.017003775 0.981423855 158.559722900
0.985593617 0.015483062 -0.168420553 -137.335754395 -0.011872320 0.999678075 0.022424778 -11.857746124 0.168713555 -0.020102175 0.985460103 159.691207886
0.989073873 0.017266467 -0.146405637 -137.510192871 -0.014110472 0.999645710 0.022567783 -11.852996826 0.146743476 -0.020255353 0.988967180 160.842926025
0.992111385 0.016498899 -0.124268927 -137.666687012 -0.014094344 0.999696493 0.020204043 -11.835717201 0.124564596 -0.018293172 0.992042840 162.000381470
0.994493484 0.016788602 -0.103444815 -137.792846680 -0.014861627 0.999701917 0.019370768 -11.824464798 0.103739202 -0.017726747 0.994446516 163.182907104
0.996412694 0.015334172 -0.083225273 -137.890747070 -0.013630898 0.999686658 0.020995626 -11.808396339 0.083521172 -0.019785877 0.996309519 164.327056885
0.997880161 0.015246696 -0.063265920 -137.938552856 -0.013839204 0.999648213 0.022626173 -11.802767754 0.063588664 -0.021702662 0.997740149 165.513015747
0.998954117 0.017064825 -0.042420473 -138.035491943 -0.016058682 0.999584198 0.023947081 -11.799701691 0.042811491 -0.023240820 0.998812795 166.682739258
0.999584496 0.018417634 -0.022171201 -138.072418213 -0.017879788 0.999546766 0.024217490 -11.775890350 0.022607181 -0.023811014 0.999460876 167.919296265
0.999821603 0.018810315 -0.001742035 -138.079193115 -0.018760916 0.999511302 0.025003558 -11.762763977 0.002211504 -0.024966413 0.999685764 169.170776367
0.999587774 0.021313999 0.019237846 -138.077056885 -0.021776048 0.999471486 0.024136439 -11.738164902 -0.018713228 -0.024545411 0.999523520 170.415237427
0.998989701 0.021955241 0.039211992 -138.036270142 -0.022869542 0.999473333 0.023022449 -11.725206375 -0.038685866 -0.023895945 0.998965621 171.669937134
0.998063684 0.021797854 0.058255576 -137.956558228 -0.023023212 0.999525845 0.020446353 -11.713862419 -0.057782251 -0.021747991 0.998092294 172.873428345
0.996670008 0.024626611 0.077732958 -137.883712769 -0.026088344 0.999500334 0.017845234 -11.705843925 -0.077254668 -0.019813733 0.996814489 174.224594116
0.994956970 0.024964917 0.097145766 -137.771667480 -0.026619613 0.999521136 0.015774291 -11.690521240 -0.096705437 -0.018280726 0.995145202 175.535018921
0.992903113 0.025298482 0.116203859 -137.628112793 -0.026945364 0.999557197 0.012623122 -11.686477661 -0.115833074 -0.015664693 0.993145168 176.850112915
0.990539968 0.026120031 0.134715527 -137.464721680 -0.027365878 0.999598026 0.007404195 -11.688101768 -0.134467989 -0.011020759 0.990856707 178.119522095
0.987957418 0.027299661 0.152298301 -137.278564453 -0.027729318 0.999615133 0.000697488 -11.697243690 -0.152220652 -0.004912212 0.988334298 179.445373535
0.984842181 0.030875644 0.170682907 -137.078811646 -0.030669294 0.999522150 -0.003846209 -11.717983246 -0.170720115 -0.001446817 0.985318482 180.829299927
0.981767118 0.032222386 0.187336668 -136.818115234 -0.031204836 0.999477863 -0.008378922 -11.729470253 -0.187508836 0.002380340 0.982259989 182.128677368
0.978141844 0.034504469 0.205055520 -136.551422119 -0.032910563 0.999395669 -0.011179524 -11.754160881 -0.205317363 0.004186669 0.978686512 183.484954834
0.974432588 0.033562731 0.222158894 -136.251144409 -0.031916548 0.999430060 -0.010996941 -11.780910492 -0.222401351 0.003625234 0.974948406 184.844970703
0.970322728 0.033088408 0.239539042 -135.937332153 -0.031206056 0.999445021 -0.011647772 -11.818384171 -0.239791527 0.003827029 0.970816970 186.194412231
0.966069221 0.032757647 0.256197512 -135.599884033 -0.029464714 0.999426603 -0.016682094 -11.853335381 -0.256597072 0.008567274 0.966480553 187.514617920
0.961533427 0.033958402 0.272580743 -135.211273193 -0.029294802 0.999346733 -0.021161769 -11.895620346 -0.273121327 0.012362549 0.961900175 188.869247437
0.956586242 0.035979733 0.289220244 -134.814147949 -0.031110309 0.999286413 -0.021417480 -11.936592102 -0.289784491 0.011489937 0.957023025 190.242355347
0.951054931 0.038344715 0.306633681 -134.392379761 -0.033146586 0.999205112 -0.022143723 -11.980089188 -0.307239085 0.010896039 0.951569974 191.602523804
0.944986880 0.042220157 0.324371994 -133.956329346 -0.036031481 0.999036312 -0.025064398 -12.032630920 -0.325117618 0.011997924 0.945597529 192.940078735
0.938889325 0.042864382 0.341539860 -133.475463867 -0.034969017 0.998960495 -0.029243361 -12.075218201 -0.342438400 0.015512965 0.939412236 194.292144775
0.932299376 0.044292238 0.358965605 -132.986175537 -0.035272550 0.998876750 -0.031640682 -12.134971619 -0.359963864 0.016836952 0.932814300 195.687377930
0.925516009 0.044865504 0.376041323 -132.446212769 -0.033456817 0.998761714 -0.036818113 -12.200650215 -0.377227545 0.021494607 0.925871193 197.053375244
0.917332888 0.048015155 0.395215154 -131.889343262 -0.033777714 0.998507917 -0.042908508 -12.271722794 -0.396685690 0.026011918 0.917585850 198.408477783
0.907628000 0.052152768 0.416523099 -131.300354004 -0.035973676 0.998265564 -0.046603866 -12.354280472 -0.418231130 0.027315099 0.907929778 199.757369995
0.896261692 0.054927781 0.440111220 -130.689743042 -0.037798528 0.998151064 -0.047599003 -12.445947647 -0.441912025 0.026025610 0.896680713 201.062042236
