1.000000000 0.000000000 0.000000000 0.000000000 0.000000000 1.000000000 0.000000000 0.000000000 0.000000000 0.000000000 1.000000000 0.000000000
0.999873459 0.001512532 0.015834454 0.010263920 -0.001497585 0.999998450 -0.000955748 -0.001080281 -0.015835876 0.000931913 0.999874175 0.129639879
0.999295235 0.004232080 0.037297145 0.027821340 -0.004207609 0.999990880 -0.000734574 0.000876961 -0.037299912 0.000577125 0.999303937 0.277978063
0.997910857 0.005973213 0.064328872 0.053556710 -0.006033217 0.999981463 0.000738549 -0.001491844 -0.064323299 -0.001125115 0.997928441 0.429854512
0.995104969 0.005549834 0.098667048 0.094799861 -0.005882435 0.999977946 0.003080365 -0.003220105 -0.098647781 -0.003645690 0.995115757 0.604439378
0.990594506 0.002374653 0.136809647 0.156860575 -0.003103165 0.999982119 0.005111977 -0.004218668 -0.136795059 -0.005488440 0.990584195 0.790411413
0.984363794 -0.000465622 0.176146522 0.229828477 -0.000520060 0.999984443 0.005549605 -0.005759777 -0.176146358 -0.005554437 0.984348297 0.983357191
0.975512624 -0.000477009 0.219942689 0.313275665 -0.000956566 0.999979019 0.006411402 0.000795446 -0.219941124 -0.006464794 0.975491703 1.195236921
0.963307321 -0.000280219 0.268400609 0.409595191 -0.002299302 0.999954164 0.009296332 0.004909672 -0.268390834 -0.009572361 0.963262618 1.421452880
0.948920310 -0.003904487 0.315491647 0.523157895 -0.001449371 0.999858916 0.016733481 -0.001941135 -0.315512419 -0.016336005 0.948780835 1.626052856
0.931728184 -0.013299175 0.362912774 0.667063653 0.004728034 0.999688745 0.024495680 -0.002780937 -0.363125592 -0.021107450 0.931501091 1.857389927
0.910376549 -0.018603660 0.413362414 0.830946326 0.007459181 0.999564230 0.028558206 0.001805618 -0.413713604 -0.022915378 0.910118639 2.084441423
0.885363102 -0.019999839 0.464469761 0.984848320 0.005353167 0.999446571 0.032831576 -0.003022186 -0.464869291 -0.026581485 0.884980202 2.276730776
0.856667221 -0.022298234 0.515387177 1.178755999 0.003625049 0.999300897 0.037209272 0.005963504 -0.515856564 -0.030007662 0.856149197 2.516098022
0.824261427 -0.026773892 0.565576017 1.391773343 0.004182874 0.999142110 0.041202486 0.015895091 -0.566193879 -0.031595889 0.823666275 2.734517574
0.788499653 -0.032394860 0.614181519 1.615411043 0.006116888 0.998975515 0.044837743 0.013554767 -0.615004838 -0.031597663 0.787890017 2.939500570
0.750297129 -0.036450207 0.660095155 1.874866247 0.006953302 0.998858690 0.047253143 0.024703383 -0.661064267 -0.030864060 0.749694347 3.157405138
0.710197389 -0.039359130 0.702901483 2.144379616 0.007773541 0.998813450 0.048074562 0.040143743 -0.703959644 -0.028678395 0.709660828 3.365584612
0.668238699 -0.041085642 0.742811561 2.438005686 0.006851870 0.998771369 0.049079046 0.049933702 -0.743915439 -0.027706869 0.667699218 3.570515871
0.625262320 -0.040808052 0.779346943 2.769914389 0.001275118 0.998684049 0.051269930 0.070189103 -0.780413747 -0.031063389 0.624491453 3.797763824
0.583322108 -0.041153830 0.811197639 3.152462006 -0.002099719 0.998635888 0.052172862 0.089386240 -0.812238216 -0.032136872 0.582439959 4.040391445
0.542694747 -0.042323560 0.838863015 3.537608624 -0.004200566 0.998580456 0.053099371 0.108804017 -0.839919567 -0.032340448 0.541746497 4.254262924
0.504364371 -0.044742186 0.862331033 3.937021017 -0.005414477 0.998473227 0.054972798 0.121147126 -0.863473952 -0.032395389 0.503352046 4.449887753
0.466967911 -0.044248495 0.883166373 4.362610340 -0.008504320 0.998476386 0.054522358 0.142298877 -0.884233415 -0.032970920 0.465880036 4.650073528
0.430368662 -0.043744527 0.901592612 4.818397045 -0.009386704 0.998554170 0.052929696 0.161061674 -0.902604461 -0.031242259 0.429335773 4.835796356
0.396754622 -0.041908279 0.916967511 5.295571327 -0.008668503 0.998741686 0.049396310 0.185869813 -0.917883694 -0.027546950 0.395892054 5.018945694
0.368236899 -0.040302664 0.928858042 5.867866993 -0.005950843 0.998937368 0.045702513 0.208078831 -0.929712951 -0.022356840 0.367605716 5.201611042
0.342688352 -0.038372610 0.938665152 6.425240993 -0.004769428 0.999081492 0.042583656 0.234131277 -0.939436913 -0.019069821 0.342190623 5.386610508
0.322591513 -0.037937332 0.945777655 6.985501289 -0.003054729 0.999149501 0.041120123 0.255859733 -0.946533322 -0.016154097 0.322201312 5.560537338
0.308108091 -0.038760617 0.950561404 7.607986450 -0.001913426 0.999142468 0.041361783 0.277816594 -0.951349437 -0.014562731 0.307769686 5.747284889
0.296717554 -0.039980654 0.954127908 8.221548080 -0.001488694 0.999102652 0.042328164 0.303408593 -0.954964161 -0.013979916 0.296391755 5.931391716
0.285588920 -0.041685071 0.957445145 8.862764359 -0.002673730 0.999014974 0.044292450 0.327674270 -0.958348453 -0.015209382 0.285196126 6.123403072
0.274614692 -0.043433797 0.960572839 9.572335243 -0.004755824 0.998905659 0.046526704 0.358300418 -0.961542547 -0.017345233 0.274107635 6.342226028
0.265021473 -0.045400988 0.963173091 10.325373650 -0.004058540 0.998829544 0.048198458 0.387175322 -0.964233935 -0.016682699 0.264527082 6.531224251
0.254665494 -0.047102354 0.965881407 11.056369781 -0.004992574 0.998735666 0.050020881 0.420484602 -0.967016280 -0.017560825 0.254108340 6.724142075
0.244174287 -0.048595924 0.968513012 11.789840698 -0.004806767 0.998670697 0.051320963 0.452884376 -0.969719470 -0.017186675 0.243616089 6.906133652
0.233886972 -0.050068691 0.970973730 12.560150146 -0.005108666 0.998596013 0.052723631 0.481085986 -0.972250283 -0.017291751 0.233302891 7.087584496
0.223975331 -0.052718755 0.973167956 13.330315590 -0.006584561 0.998431325 0.055602774 0.516613364 -0.974572480 -0.018861530 0.223276868 7.252425194
0.212096065 -0.056601431 0.975608408 14.122936249 -0.008355058 0.998179734 0.059727333 0.547245860 -0.977213085 -0.020819196 0.211237133 7.437090874
0.200391278 -0.060140252 0.977868319 14.960386276 -0.009520036 0.997947395 0.063326061 0.587097406 -0.979669631 -0.021999331 0.199407429 7.606943130
0.186987117 -0.062364236 0.980380774 15.770431519 -0.010417400 0.997800767 0.065459259 0.627304733 -0.982307076 -0.022453057 0.185926229 7.762857437
0.173710108 -0.063072674 0.982774973 16.572914124 -0.010504105 0.997771442 0.065891765 0.660728037 -0.984740853 -0.021769237 0.172660470 7.891614914
0.158307388 -0.061842240 0.985451281 17.403633118 -0.012619454 0.997828484 0.064646214 0.704479933 -0.987309337 -0.022669831 0.157183185 8.040260315
0.142103359 -0.061147004 0.987961411 18.195938110 -0.012106148 0.997908115 0.063503914 0.737371981 -0.989777744 -0.020984527 0.141065866 8.141594887
0.121664591 -0.059213229 0.990803480 19.016956329 -0.015635556 0.997980773 0.061562113 0.774644971 -0.992448092 -0.022981696 0.120493107 8.245104790
0.095381521 -0.057955135 0.993752241 19.856105804 -0.020058239 0.997989237 0.060127437 0.811715722 -0.995238662 -0.025667965 0.094027244 8.331789017
0.064443119 -0.057450362 0.996266305 20.690620422 -0.024149751 0.997959256 0.059110101 0.848049641 -0.997629166 -0.027868822 0.062924191 8.391822815
0.032268114 -0.057277828 0.997836649 21.540029526 -0.027063187 0.997940421 0.058158953 0.884132743 -0.999112785 -0.028881321 0.030651540 8.404187202
-0.001782715 -0.057650298 0.998335183 22.368108749 -0.029344438 0.997909963 0.057573330 0.900560856 -0.999567807 -0.029192947 -0.003470704 8.393288612
-0.035880789 -0.055102352 0.997835815 23.225835800 -0.030141972 0.998084188 0.054032203 0.948475778 -0.998901367 -0.028138017 -0.037472934 8.355159760
-0.069148637 -0.053675994 0.996161222 24.099872589 -0.033395145 0.998116314 0.051463209 0.967994094 -0.997047186 -0.029708341 -0.070810907 8.307206154
-0.102042638 -0.050834499 0.993480265 24.950830460 -0.035630930 0.998239398 0.047418278 0.994851589 -0.994141638 -0.030559937 -0.103674285 8.219621658
-0.134078830 -0.046286337 0.989889026 25.785041809 -0.032880094 0.998566329 0.042238519 1.015140772 -0.990425050 -0.026884357 -0.135408521 8.093461990
-0.165986866 -0.040120114 0.985311449 26.620121002 -0.027583590 0.998970032 0.036029495 1.034984708 -0.985742152 -0.021198006 -0.166922554 7.941108227
-0.196246013 -0.033508711 0.979981959 27.424549103 -0.021376098 0.999324560 0.029889436 1.048235178 -0.980321646 -0.015082507 -0.196829781 7.762656212
-0.225101873 -0.028063811 0.973930955 28.244430542 -0.015113806 0.999565363 0.025309257 1.054220676 -0.974217951 -0.009022641 -0.225428239 7.556674480
-0.253119111 -0.022029271 0.967184246 29.069860458 -0.006646459 0.999756753 0.021031735 1.059526443 -0.967412233 -0.001104817 -0.253203988 7.321992397
-0.278696865 -0.011582568 0.960309148 29.876222610 -0.000610757 0.999929190 0.011883180 1.055737615 -0.960378826 0.002725290 -0.278684199 7.063008785
-0.304109454 0.004216595 0.952627718 30.661846161 0.004599724 0.999984980 -0.002957834 1.041347623 -0.952625990 0.003482320 -0.304124296 6.796189308
-0.329437315 0.021519283 0.943932176 31.448738098 0.005890380 0.999767661 -0.020736424 1.019998312 -0.944159031 -0.001271235 -0.329487532 6.528778076
-0.354079217 0.036024485 0.934521317 32.172416687 0.005494140 0.999320686 -0.036440752 0.980293989 -0.935199320 -0.007768521 -0.354036629 6.234929085
-0.378773332 0.046625372 0.924314141 32.947532654 0.009483553 0.998873234 -0.046500120 0.940812469 -0.925440907 -0.008847224 -0.378788739 5.910470963
-0.402464688 0.050675187 0.914031804 33.709934235 0.012402325 0.998676777 -0.049907070 0.888874292 -0.915351510 -0.008749710 -0.402560651 5.566209793
-0.424382538 0.050550170 0.904070735 34.454391479 0.016933538 0.998708844 -0.047892939 0.829722166 -0.905324697 -0.005015808 -0.424690574 5.193914413
-0.444841862 0.045451641 0.894455016 35.170085907 0.018239271 0.998964012 -0.041691273 0.781378627 -0.895423472 -0.002231814 -0.445210069 4.839444160
-0.462776363 0.044366997 0.885363996 35.913249969 0.026532233 0.998992562 -0.036192801 0.730050802 -0.886077940 0.006741513 -0.463487357 4.439621925
-0.476290971 0.045017730 0.878134489 36.630447388 0.029235780 0.998947084 -0.035354033 0.686298609 -0.878801525 0.008834145 -0.477105618 4.040973663
-0.486804396 0.049652502 0.872098684 37.381244659 0.034013472 0.998703480 -0.037874404 0.641563058 -0.872848511 0.011225678 -0.487862110 3.596960068
-0.496781468 0.052041072 0.866313934 38.086662292 0.034511458 0.998595595 -0.040197130 0.597063541 -0.867189229 0.009928567 -0.497879803 3.190856934
-0.507764876 0.051203694 0.859972775 38.783843994 0.028396305 0.998684406 -0.042696349 0.546526790 -0.861027598 0.002740338 -0.508550942 2.790927887
-0.518647671 0.049641300 0.853545725 39.471263885 0.027878568 0.998764157 -0.041146941 0.496916771 -0.854533434 0.002454865 -0.519390643 2.368745804
-0.527407289 0.050826941 0.848090827 40.156089783 0.029363897 0.998703122 -0.041592579 0.453147173 -0.849105000 0.002967027 -0.528215766 1.940256119
-0.534205914 0.054118510 0.843620300 40.825439453 0.032508720 0.998525679 -0.043470237 0.408613086 -0.844728947 0.004202955 -0.535177708 1.501003265
-0.537932634 0.056849808 0.841068625 41.526763916 0.033590809 0.998376489 -0.045998536 0.367801189 -0.842318237 0.003508058 -0.538968980 1.049612045
-0.537523210 0.058951415 0.841185749 42.205894470 0.033608187 0.998258471 -0.048483431 0.316706300 -0.842578948 0.002209755 -0.538568377 0.625516891
-0.534579515 0.059246309 0.843038917 42.958526611 0.035243217 0.998234808 -0.047804940 0.269992948 -0.844382942 0.004155861 -0.535723865 0.143877029
-0.529043019 0.057819374 0.846622884 43.700378418 0.033101015 0.998322785 -0.047495224 0.216210127 -0.847949147 0.002897057 -0.530069709 -0.295484543
-0.521354079 0.056764044 0.851450324 44.537971497 0.031629376 0.998384893 -0.047192726 0.157480478 -0.852754116 0.002326720 -0.522307396 -0.811275482
-0.514107823 0.056292765 0.855876327 45.327926636 0.029848494 0.998413801 -0.047738366 0.108233333 -0.857206106 0.001003954 -0.514972627 -1.279918671
-0.507418871 0.054794788 0.859955549 46.132167816 0.026990633 0.998497188 -0.047696520 0.054834247 -0.861276746 -0.000991372 -0.508135259 -1.755804062
-0.503409564 0.052164435 0.862471759 46.947921753 0.022371987 0.998628139 -0.047341380 -0.001666427 -0.863758266 -0.004536902 -0.503886104 -2.218486786
-0.502037883 0.049537733 0.863425732 47.764991760 0.018104549 0.998741329 -0.046774399 -0.054789186 -0.864656210 -0.007850583 -0.502302766 -2.684370041
-0.502654254 0.046945512 0.863211989 48.607467651 0.015310380 0.998851180 -0.045406882 -0.112666368 -0.864352047 -0.009607858 -0.502795577 -3.162151337
-0.503248811 0.045963153 0.862918377 49.462326050 0.014074455 0.998887956 -0.044997409 -0.161701918 -0.864027023 -0.010499788 -0.503336072 -3.666797638
-0.503367901 0.045216512 0.862888277 50.334484100 0.014661147 0.998933077 -0.043792821 -0.219267249 -0.863947690 -0.009392972 -0.503493845 -4.182071686
-0.503704906 0.044615582 0.862722933 51.224422455 0.014494389 0.998961389 -0.043198511 -0.274010539 -0.863754094 -0.009254660 -0.503828466 -4.696832657
-0.503652096 0.043953061 0.862787783 52.123008728 0.015299841 0.999002039 -0.041960955 -0.328505635 -0.863771141 -0.007933208 -0.503821969 -5.222457886
-0.503899157 0.043640573 0.862659335 52.985370636 0.014763680 0.999012172 -0.041914634 -0.387838483 -0.863636374 -0.008384722 -0.504045546 -5.720716476
-0.503531754 0.042304885 0.862940371 53.891372681 0.013656622 0.999065518 -0.041009560 -0.445477366 -0.863868833 -0.008864766 -0.503638864 -6.258260727
-0.503878653 0.041121557 0.862795055 54.790023804 0.012280681 0.999106348 -0.040446255 -0.507104278 -0.863687158 -0.009784295 -0.503933370 -6.772809982
-0.503556311 0.040514424 0.863012016 55.688957214 0.012305601 0.999134898 -0.039724611 -0.570026159 -0.863874793 -0.009383695 -0.503619194 -7.283708572
-0.501994908 0.039245479 0.863979638 56.626377106 0.010681815 0.999175072 -0.039180193 -0.629675746 -0.864804506 -0.010439389 -0.502000093 -7.816476822
-0.499985069 0.037277047 0.865231395 57.531425476 0.010556109 0.999261200 -0.036951531 -0.684032798 -0.865969658 -0.009341735 -0.500009239 -8.335428238
-0.497190177 0.035952002 0.866896391 58.423492432 0.011492183 0.999326289 -0.034853060 -0.741410851 -0.867565513 -0.007366066 -0.497268438 -8.852174759
-0.495553702 0.035661813 0.867844880 59.320346832 0.012312167 0.999344826 -0.034035008 -0.799032927 -0.868489981 -0.006181123 -0.495668113 -9.350505829
-0.492873609 0.035836067 0.869362533 60.219833374 0.012044604 0.999336660 -0.034365214 -0.852783561 -0.870017469 -0.006466583 -0.492978334 -9.865674973
-0.491737902 0.036649629 0.869971573 61.137042999 0.012524160 0.999308169 -0.035019156 -0.903248191 -0.870653212 -0.006324582 -0.491856664 -10.387954712
-0.493006945 0.037269488 0.869226694 61.974964142 0.010560681 0.999264836 -0.036855284 -0.967463374 -0.869961202 -0.008990288 -0.493038177 -10.849529266
-0.495948493 0.039757218 0.867441237 62.877323151 0.011103517 0.999160051 -0.039445955 -1.023179531 -0.868280888 -0.009931521 -0.495973408 -11.351068497
-0.500454247 0.040066015 0.864835501 63.760623932 0.008588961 0.999109209 -0.041316468 -1.082726955 -0.865720391 -0.013248960 -0.500352621 -11.845031738
-0.506447196 0.038705911 0.861401737 64.640914917 0.009744748 0.999185205 -0.039167751 -1.137330890 -0.862215936 -0.011442257 -0.506411731 -12.352369308
-0.511555493 0.036027770 0.858494639 65.502182007 0.011098884 0.999314249 -0.035323896 -1.199841142 -0.859178483 -0.008541800 -0.511604548 -12.870237350
-0.517189145 0.033956949 0.855197251 66.389053345 0.008878721 0.999371767 -0.034312122 -1.251354933 -0.855825126 -0.010152802 -0.517165661 -13.387981415
-0.521739483 0.037153609 0.852295458 67.243377686 0.011082657 0.999262154 -0.036775906 -1.311140180 -0.853032887 -0.009741746 -0.521766305 -13.920045853
-0.526470363 0.039377034 0.849281073 68.098022461 0.012240770 0.999174416 -0.038738795 -1.361434937 -0.850105226 -0.009998975 -0.526517749 -14.447914124
-0.531762064 0.039015226 0.845994592 68.916412354 0.008504133 0.999134004 -0.040732242 -1.420790195 -0.846851110 -0.014465410 -0.531633258 -14.952100754
-0.534574866 0.040722992 0.844139397 69.744537354 0.010602898 0.999082983 -0.041483197 -1.475771070 -0.845054686 -0.013225553 -0.534516454 -15.497367859
-0.539152980 0.037316673 0.841380715 70.512214661 0.005180080 0.999145925 -0.040994465 -1.517581224 -0.842191815 -0.017743869 -0.538885891 -15.944574356
-0.541477621 0.030549746 0.840159953 71.346740723 0.006073862 0.999455690 -0.032427464 -1.567931890 -0.840693116 -0.012455732 -0.541368484 -16.483665466
-0.543416023 0.022284694 0.839167655 72.165390015 0.006256480 0.999727249 -0.022496991 -1.618492842 -0.839440167 -0.006974991 -0.543407381 -17.012495041
-0.544749618 0.021011246 0.838335454 72.980148315 0.007770558 0.999769568 -0.020007979 -1.660626531 -0.838562727 -0.004385005 -0.544787467 -17.548231125
-0.546056509 0.024735007 0.837383032 73.778480530 0.006358986 0.999657631 -0.025381655 -1.698691607 -0.837724149 -0.008534915 -0.546026886 -18.062231064
-0.547433734 0.031271458 0.836264491 74.565895081 0.008942642 0.999463141 -0.031520117 -1.747844696 -0.836801231 -0.009776765 -0.547419488 -18.567386627
-0.547528803 0.035604108 0.836028993 75.397354126 0.014502786 0.999348104 -0.033061299 -1.787215114 -0.836661100 -0.005977266 -0.547688365 -19.133270264
-0.546930730 0.036714818 0.836372375 76.170059204 0.017505700 0.999320984 -0.032420345 -1.830997705 -0.836994827 -0.003090401 -0.547202170 -19.663442612
-0.546959698 0.032919176 0.836511433 76.959693909 0.015040883 0.999451637 -0.029496748 -1.870637059 -0.837023914 -0.003551662 -0.547154963 -20.154514313
-0.546514452 0.028206896 0.836974561 77.747879028 0.013267910 0.999598801 -0.025024030 -1.904931545 -0.837344468 -0.002571090 -0.546669543 -20.662899017
-0.546481967 0.019906454 0.837234259 78.618934631 0.007513535 0.999793768 -0.018867286 -1.939920545 -0.837437153 -0.004020044 -0.546518862 -21.195709229
-0.545991421 0.014362814 0.837667644 79.423423767 -0.000924074 0.999842167 -0.017745800 -1.974177599 -0.837790310 -0.010463124 -0.545891941 -21.700515747
-0.544296145 0.009048246 0.838844419 80.232200623 -0.008444833 0.999832034 -0.016264303 -2.005644321 -0.838850558 -0.015936496 -0.544128299 -22.211963654
-0.542469740 0.009679034 0.840019703 81.034423828 -0.005764961 0.999867201 -0.015243771 -2.036505461 -0.840055645 -0.013111965 -0.542341888 -22.725761414
-0.539618969 0.013464782 0.841801643 81.829986572 -0.000176192 0.999870300 -0.016106067 -2.076686859 -0.841909289 -0.008839461 -0.539546728 -23.236949921
-0.533809304 0.016440723 0.845445037 82.614555359 0.001749035 0.999830246 -0.018338606 -2.110026836 -0.845603168 -0.008310605 -0.533747494 -23.741577148
-0.525605083 0.018814212 0.850520611 83.405868530 0.007063321 0.999817491 -0.017751787 -2.141857386 -0.850699306 -0.003322931 -0.525642097 -24.240688324
-0.517689466 0.022046737 0.855284512 84.200973511 0.013653256 0.999753535 -0.017506640 -2.172143936 -0.855459690 0.002614415 -0.517862916 -24.733709335
-0.506178379 0.020865489 0.862176359 85.015686035 0.011300921 0.999781847 -0.017560972 -2.207028389 -0.862354696 0.000854400 -0.506303906 -25.239971161
-0.497674048 0.020194698 0.867129087 85.835510254 0.010255540 0.999796152 -0.017398404 -2.209914207 -0.867303491 0.000234141 -0.497779787 -25.642095566
-0.486715376 0.016710259 0.873400688 86.662246704 0.010378643 0.999857128 -0.013346018 -2.242907524 -0.873498976 0.002569002 -0.486819267 -26.090768814
-0.475072891 0.016074356 0.879799664 87.486152649 0.010114763 0.999866843 -0.012806285 -2.274212837 -0.879888296 0.002815045 -0.475172281 -26.537414551
-0.462501854 0.015723046 0.886478782 88.319633484 0.011673613 0.999864101 -0.011643640 -2.298448801 -0.886541486 0.004963207 -0.462622523 -26.980773926
-0.450258404 0.017195422 0.892732680 89.148223877 0.013480479 0.999831557 -0.012459302 -2.324460745 -0.892796636 0.006424558 -0.450414360 -27.399419785
-0.438828379 0.020210009 0.898343503 89.963569641 0.012434673 0.999787927 -0.016418032 -2.361943007 -0.898484826 0.003965907 -0.438986659 -27.787616730
-0.427720994 0.029259237 0.903437078 90.784454346 0.013658192 0.999571025 -0.025906388 -2.394462109 -0.903807640 0.001258611 -0.427937150 -28.161407471
-0.415182829 0.031954352 0.909176588 91.566787720 0.007687974 0.999470413 -0.031617086 -2.416045904 -0.909705639 -0.006137144 -0.415208548 -28.519962311
-0.403894186 0.028351337 0.914366305 92.423400879 0.005435918 0.999576390 -0.028592249 -2.454100847 -0.914789617 -0.006577823 -0.403877199 -28.886955261
-0.392517924 0.024669036 0.919413447 93.254776001 0.004316699 0.999678612 -0.024979761 -2.499031305 -0.919734240 -0.005836172 -0.392498225 -29.230983734
-0.382370830 0.025042124 0.923669577 94.116065979 0.000447117 0.999637544 -0.026916645 -2.538785696 -0.924008787 -0.009879150 -0.382243425 -29.586610794
-0.374961346 0.029518723 0.926570356 94.977386475 -0.002909102 0.999450564 -0.033017792 -2.588043213 -0.927035868 -0.015075885 -0.374669433 -29.931295395
-0.369549453 0.034799658 0.928559244 95.822967529 -0.007530574 0.999153435 -0.040442355 -2.634284019 -0.929180562 -0.021938035 -0.368974596 -30.265928268
-0.366717994 0.036793016 0.929604292 96.657394409 -0.012703290 0.998926461 -0.044548031 -2.673522711 -0.930245459 -0.028145598 -0.365856946 -30.577060699
-0.363613963 0.035192315 0.930884659 97.512504578 -0.019744866 0.998770416 -0.045471318 -2.709239006 -0.931340456 -0.034914196 -0.362471998 -30.878776550
-0.358785421 0.035119932 0.932759106 98.376861572 -0.021446804 0.998717844 -0.045852892 -2.759644985 -0.933173656 -0.036456056 -0.357572198 -31.202114105
-0.352645725 0.030727850 0.935252309 99.252288818 -0.022616135 0.998888910 -0.041346271 -2.823101282 -0.935483575 -0.035732374 -0.351558954 -31.534492493
-0.347951531 0.026986262 0.937124014 100.045463562 -0.024380982 0.998987198 -0.037820313 -2.866587162 -0.937195420 -0.036007646 -0.346941113 -31.809295654
-0.342306733 0.024182133 0.939276993 100.899040222 -0.026837807 0.999009192 -0.035500638 -2.915346146 -0.939204812 -0.037360236 -0.341318548 -32.108345032
-0.336834043 0.021946803 0.941308260 101.801948547 -0.034702018 0.998759687 -0.035703927 -2.968416929 -0.940924346 -0.044691592 -0.335654646 -32.403625488
-0.330690354 0.021759609 0.943488359 102.663009644 -0.044260535 0.998276412 -0.038536396 -3.013277054 -0.942700803 -0.054502912 -0.329157352 -32.675312042
-0.323251039 0.026731819 0.945935547 103.427299500 -0.038277376 0.998413503 -0.041295204 -3.066496611 -0.945538759 -0.049556658 -0.321714938 -32.956912994
-0.316564530 0.030293563 0.948087096 104.275817871 -0.037156597 0.998326838 -0.044305354 -3.109310627 -0.947842956 -0.049253188 -0.314909220 -33.231575012
-0.310124636 0.028161572 0.950278699 105.136756897 -0.038034048 0.998393416 -0.041999914 -3.163432360 -0.949934840 -0.049168151 -0.308555305 -33.501796722
-0.303228915 0.023615381 0.952625096 105.992805481 -0.038103051 0.998592854 -0.036883451 -3.208665371 -0.952155709 -0.047482047 -0.301902413 -33.769920349
-0.295767576 0.020768493 0.955034196 106.869224548 -0.039501082 0.998642623 -0.033950035 -3.265150547 -0.954442978 -0.047766201 -0.294545710 -34.038040161
-0.289380014 0.025471769 0.956875324 107.735382080 -0.039414234 0.998480976 -0.038499031 -3.291483402 -0.956402540 -0.048855364 -0.287936538 -34.291786194
-0.282709152 0.027119191 0.958822310 108.572509766 -0.040212374 0.998386323 -0.040094864 -3.360254765 -0.958362460 -0.049891703 -0.281162530 -34.530067444
-0.275829792 0.027203215 0.960821509 109.469047546 -0.043327913 0.998231530 -0.040700834 -3.412909031 -0.960229456 -0.052856892 -0.274163306 -34.785427094
-0.269140601 0.026741425 0.962729633 110.344215393 -0.043899179 0.998234928 -0.040000096 -3.459911346 -0.962099850 -0.053028684 -0.267491579 -35.018478394
-0.260933787 0.026253069 0.964999676 111.202339172 -0.039962210 0.998479545 -0.037969589 -3.513020515 -0.964529216 -0.048471067 -0.259487897 -35.252956390
-0.252825737 0.027520102 0.967120290 112.061874390 -0.036594961 0.998608053 -0.037982803 -3.563696623 -0.966819525 -0.044994757 -0.251466632 -35.487030029
-0.246563539 0.027771598 0.968728602 112.924697876 -0.037761211 0.998555005 -0.038237739 -3.601252794 -0.968390644 -0.046008404 -0.245158538 -35.698387146
-0.238847762 0.026647793 0.970691383 113.795806885 -0.041437957 0.998433173 -0.037605569 -3.668028355 -0.970172465 -0.049205471 -0.237369254 -35.922107697
-0.234027654 0.024566509 0.971919537 114.727478027 -0.048433412 0.998144865 -0.036891632 -3.707137585 -0.971022785 -0.055707045 -0.232403666 -36.108798981
-0.229314700 0.024772096 0.973037064 115.604980469 -0.045670021 0.998301208 -0.036178298 -3.751665115 -0.972280324 -0.052734841 -0.227793813 -36.312808990
-0.224934444 0.024714444 0.974060476 116.480796814 -0.043851908 0.998408496 -0.035458706 -3.803114891 -0.973386645 -0.050690290 -0.223492727 -36.501567841
-0.219659463 0.026706118 0.975210965 117.362281799 -0.042099435 0.998434544 -0.036824699 -3.847201347 -0.974667847 -0.049144726 -0.218191281 -36.709430695
-0.213642880 0.025254074 0.976585329 118.223472595 -0.037063301 0.998736560 -0.033935051 -3.893695354 -0.976208508 -0.043445460 -0.212436929 -36.904388428
-0.208484799 0.023606855 0.977740645 119.100395203 -0.029536204 0.999100685 -0.030420622 -3.941173792 -0.977579534 -0.035220981 -0.207600027 -37.091812134
-0.203293547 0.023158997 0.978843868 119.974792480 -0.028233984 0.999165833 -0.029503651 -3.980400562 -0.978710592 -0.033634573 -0.202470079 -37.283744812
-0.199575245 0.024560969 0.979574621 120.854888916 -0.029801944 0.999071240 -0.031121554 -4.028481007 -0.979429245 -0.035404321 -0.198657915 -37.448268890
-0.195899561 0.026643133 0.980261981 121.697769165 -0.031054121 0.998960912 -0.033357345 -4.068198204 -0.980132163 -0.036975853 -0.194868624 -37.602928162
-0.194314092 0.026253318 0.980588019 122.575347900 -0.033215404 0.998892426 -0.033325374 -4.110131264 -0.980376840 -0.039046217 -0.193226874 -37.765209198
-0.193208814 0.024648592 0.980848074 123.452537537 -0.033630364 0.998930573 -0.031727560 -4.157593727 -0.980581105 -0.039116312 -0.192173213 -37.930667877
-0.192235112 0.020932326 0.981125712 124.346778870 -0.031742267 0.999116719 -0.027535530 -4.190055370 -0.980835378 -0.036436446 -0.191400856 -38.108684540
-0.191507950 0.015726566 0.981364965 125.223915100 -0.033381723 0.999188721 -0.022526450 -4.229066849 -0.980923235 -0.037073649 -0.190827608 -38.269233704
-0.190147266 0.013300741 0.981665492 126.071121216 -0.031585000 0.999307692 -0.019657748 -4.275270462 -0.981247425 -0.034743767 -0.189595520 -38.433197021
-0.188767031 0.018453438 0.981848478 126.910240173 -0.031934429 0.999179244 -0.024918772 -4.306614876 -0.981502593 -0.036058608 -0.188022777 -38.598320007
-0.188552201 0.022568965 0.981803775 127.779190063 -0.031063603 0.999098539 -0.028932182 -4.338452339 -0.981571794 -0.035953589 -0.187681153 -38.764587402
-0.190130606 0.020360325 0.981547654 128.746917725 -0.037969142 0.998884439 -0.028074753 -4.392790794 -0.981024325 -0.042606391 -0.189145446 -38.916778564
-0.189587921 0.019398019 0.981672108 129.608306885 -0.039772663 0.998832583 -0.027418308 -4.433387280 -0.981057882 -0.044241894 -0.188595057 -39.075210571
-0.188595131 0.020223076 0.981846690 130.454391479 -0.035132505 0.999009013 -0.027324893 -4.475284576 -0.981426358 -0.039648071 -0.187697738 -39.242370605
-0.187752545 0.022426534 0.981960297 131.283370972 -0.037160367 0.998861372 -0.029917657 -4.511021137 -0.981513202 -0.042107116 -0.186705381 -39.397346497
-0.188274354 0.023726629 0.981829822 132.116683960 -0.045044482 0.998447478 -0.032765873 -4.552795410 -0.981083035 -0.050394986 -0.186913282 -39.534343719
-0.187501460 0.024591044 0.981956482 132.964126587 -0.050062865 0.998148024 -0.034555871 -4.602557182 -0.980987728 -0.055638831 -0.185923114 -39.682094574
-0.186743051 0.029018596 0.981980205 133.798843384 -0.044863176 0.998268843 -0.038031578 -4.649322987 -0.981383860 -0.051156878 -0.185117945 -39.839637756
-0.187520012 0.030304043 0.981793225 134.597671509 -0.046230551 0.998143971 -0.039638642 -4.664844990 -0.981172264 -0.052821878 -0.185771003 -39.971019745
-0.185669318 0.031333700 0.982112586 135.426605225 -0.047052924 0.998061359 -0.040737934 -4.709933281 -0.981485069 -0.053775061 -0.183835030 -40.119743347
-0.184179604 0.030833740 0.982408881 136.260986328 -0.038611904 0.998509347 -0.038577933 -4.753511906 -0.982133925 -0.045037951 -0.182714492 -40.273460388
-0.180186525 0.027874725 0.983237386 137.063186646 -0.034070447 0.998821735 -0.034560237 -4.799523354 -0.983042240 -0.039726634 -0.179024488 -40.433650970
-0.178441837 0.022736723 0.983687758 137.899307251 -0.028845305 0.999182403 -0.028327420 -4.848567009 -0.983527601 -0.033429570 -0.177640080 -40.586902618
-0.174169824 0.022778818 0.984452128 138.736557007 -0.026169326 0.999272227 -0.027751626 -4.885354519 -0.984367847 -0.030595949 -0.173446998 -40.747970581
-0.169490770 0.027568934 0.985146105 139.544708252 -0.025176190 0.999161363 -0.032292612 -4.929656506 -0.985210121 -0.030275526 -0.168654516 -40.880725861
-0.162367851 0.030849922 0.986247957 140.346038818 -0.025140492 0.999057233 -0.035389528 -4.965171814 -0.986410022 -0.030540880 -0.161439225 -41.014831543
-0.154469162 0.031387266 0.987498879 141.149826050 -0.023756508 0.999088228 -0.035471730 -5.005321980 -0.987712026 -0.028938815 -0.153582692 -41.132076263
-0.145830005 0.027470676 0.988928199 141.930694580 -0.024843514 0.999197483 -0.031419430 -5.036681175 -0.988997698 -0.029150348 -0.145030513 -41.229995728
-0.133658737 0.025977395 0.990686834 142.707489014 -0.023358090 0.999296129 -0.029354503 -5.070438385 -0.990752101 -0.027064040 -0.132957831 -41.333244324
-0.120449811 0.028336093 0.992314935 143.520065308 -0.018940939 0.999344945 -0.030835941 -5.107966423 -0.992538691 -0.022509562 -0.119834200 -41.428646088
-0.106184229 0.029724924 0.993902087 144.299880981 -0.019510832 0.999298275 -0.031970765 -5.141862869 -0.994155109 -0.022786647 -0.105529755 -41.504932404
-0.092365570 0.029458176 0.995289266 145.094879150 -0.018063353 0.999348164 -0.031254642 -5.181908607 -0.995561302 -0.020865114 -0.091773257 -41.571060181
-0.078526109 0.030938379 0.996431887 145.902297974 -0.018300530 0.999305129 -0.032469809 -5.221557140 -0.996744156 -0.020784954 -0.077905327 -41.633354187
-0.065595403 0.037119642 0.997155607 146.631347656 -0.021176428 0.999031007 -0.038582493 -5.269247055 -0.997621477 -0.023647036 -0.064745784 -41.657363892
-0.052641053 0.047016349 0.997506082 147.405075073 -0.032471813 0.998282254 -0.048766553 -5.299654484 -0.998085439 -0.034957960 -0.051023919 -41.676235199
-0.038562004 0.054853231 0.997749507 148.187805176 -0.035549268 0.997784853 -0.056229103 -5.346973419 -0.998623669 -0.037637565 -0.036526583 -41.697227478
-0.025765171 0.055462163 0.998128355 148.969268799 -0.036011815 0.997760236 -0.056371305 -5.395590305 -0.999019206 -0.037396833 -0.023710171 -41.705493927
-0.013955653 0.051996183 0.998549759 149.758666992 -0.039967641 0.997819960 -0.052516762 -5.445514679 -0.999103487 -0.040642582 -0.011847060 -41.710086823
-0.004055500 0.049649749 0.998758495 150.496582031 -0.045524340 0.997722030 -0.049783085 -5.498654366 -0.998954952 -0.045669712 -0.001785990 -41.684867859
0.005739262 0.055701520 0.998430908 151.152359009 -0.045950670 0.997407436 -0.055380285 -5.552623749 -0.998927236 -0.045560729 0.008283906 -41.667999268
0.011936142 0.063442104 0.997914076 151.906768799 -0.049323395 0.996807754 -0.062781803 -5.605742455 -0.998711586 -0.048471142 0.015027219 -41.641819000
0.014996778 0.066544749 0.997670710 152.675415039 -0.052380204 0.996465147 -0.065676980 -5.652574539 -0.998514593 -0.051273249 0.018429395 -41.619132996
0.014908912 0.061965670 0.997966886 153.424942017 -0.055208992 0.996606231 -0.061056402 -5.709751129 -0.998363554 -0.054186463 0.018279377 -41.596622467
0.013239786 0.057321064 0.998268068 154.178512573 -0.057143923 0.996767223 -0.056477007 -5.775110245 -0.998278201 -0.056297202 0.016472537 -41.584339142
0.010688312 0.054832019 0.998438358 154.942642212 -0.054736100 0.997030497 -0.054168746 -5.825099945 -0.998443663 -0.054071650 0.013657865 -41.581134796
0.008274654 0.055408914 0.998429418 155.704193115 -0.051560879 0.997159183 -0.054911099 -5.875262737 -0.998635590 -0.051025525 0.011108078 -41.578990936
0.003836795 0.055596128 0.998445988 156.428359985 -0.052562065 0.997084379 -0.055318333 -5.921966076 -0.998610258 -0.052268140 0.006747858 -41.562488556
0.000081499 0.054491669 0.998514235 157.053207397 -0.052864410 0.997118235 -0.054411180 -5.964278698 -0.998601675 -0.052781433 0.002961935 -41.577342987
-0.005595653 0.054886930 0.998476803 157.804656982 -0.054572355 0.996987820 -0.055110905 -6.009159565 -0.998494089 -0.054797620 -0.002583489 -41.572597504
-0.011830813 0.053158466 0.998516083 158.547622681 -0.056068599 0.996979535 -0.053740993 -6.057922363 -0.998356819 -0.056621194 -0.008814557 -41.570350647
-0.017267885 0.050524704 0.998573601 159.288925171 -0.053453047 0.997247458 -0.051381957 -6.113563538 -0.998421073 -0.054264054 -0.014519656 -41.587547302
-0.022459537 0.050628081 0.998465061 160.030487061 -0.053608667 0.997218966 -0.051770784 -6.161261559 -0.998309314 -0.054689124 -0.019682974 -41.600353241
-0.027260078 0.052431587 0.998252332 160.773040771 -0.056101568 0.996969283 -0.053896207 -6.206557274 -0.998052895 -0.057472732 -0.024235966 -41.625576019
-0.032496441 0.053720903 0.998027146 161.480422974 -0.058543243 0.996737599 -0.055557709 -6.264076233 -0.997755766 -0.060233165 -0.029245431 -41.619224548
-0.034464691 0.056038380 0.997833669 162.202758789 -0.056089189 0.996744692 -0.057914522 -6.318472862 -0.997830749 -0.057963677 -0.031209346 -41.645633698
-0.037381776 0.057689574 0.997634470 162.894348145 -0.055375878 0.996678591 -0.059709258 -6.365622044 -0.997765601 -0.057476919 -0.034063008 -41.647659302
-0.035471078 0.055669188 0.997819126 163.529296875 -0.051658597 0.997010350 -0.057460465 -6.419242859 -0.998034656 -0.053584114 -0.032489244 -41.696887970
-0.031862147 0.051953919 0.998141050 164.256042480 -0.049437836 0.997343719 -0.053490549 -6.472787380 -0.998268783 -0.051050261 -0.029209027 -41.715175629
-0.024400096 0.051593147 0.998370051 164.967315674 -0.048306011 0.997439981 -0.052725676 -6.527225494 -0.998534501 -0.049513787 -0.021845371 -41.726692200
-0.012461027 0.052014329 0.998568654 165.680511475 -0.044810064 0.997613728 -0.052523773 -6.580077171 -0.998917818 -0.045400415 -0.010100523 -41.740043640
0.001697790 0.052445211 0.998622358 166.372756958 -0.041826393 0.997753620 -0.052328471 -6.627132416 -0.999123394 -0.041679934 0.003887568 -41.730838776
0.017637722 0.050440997 0.998571336 167.063827515 -0.043979503 0.997799158 -0.049625188 -6.665109634 -0.998876691 -0.043041397 0.019817274 -41.712131500
0.034919325 0.045320839 0.998362005 167.756118774 -0.049030285 0.997846007 -0.043582503 -6.714481831 -0.998186707 -0.047428105 0.037066199 -41.689533234
0.050136842 0.039815966 0.997948349 168.414108276 -0.052669708 0.997920036 -0.037168711 -6.738755703 -0.997352600 -0.050698120 0.052129649 -41.631675720
0.067048401 0.032472730 0.997221112 169.103347778 -0.052554581 0.998197794 -0.028971015 -6.771996498 -0.996364653 -0.050466083 0.068634152 -41.573272705
0.085219346 0.024897503 0.996051013 169.783294678 -0.053279191 0.998371363 -0.020397082 -6.803412437 -0.994936645 -0.051330559 0.086407073 -41.510551453
0.102278419 0.019165961 0.994571209 170.447341919 -0.054688472 0.998410702 -0.013615971 -6.830997944 -0.993251324 -0.052998953 0.103164017 -41.426361084
0.119419396 0.017047606 0.992697537 171.105590820 -0.055811454 0.998386800 -0.010431314 -6.854267120 -0.991273880 -0.054158192 0.120178208 -41.327209473
0.137714282 0.015621804 0.990348816 171.752243042 -0.054435894 0.998483777 -0.008180466 -6.873334885 -0.988974988 -0.052783959 0.138355851 -41.230304718
0.154635355 0.015896451 0.987843752 172.406494141 -0.056591772 0.998371363 -0.007207081 -6.881638050 -0.986349463 -0.054789349 0.155283123 -41.107486725
0.170905903 0.013484822 0.985194981 172.996551514 -0.058251053 0.998295546 -0.003559083 -6.912210941 -0.983563900 -0.056780376 0.171400130 -41.000846863
0.185384214 0.009867343 0.982616484 173.636093140 -0.060321808 0.998178065 0.001356933 -6.924317837 -0.980812907 -0.059524763 0.185641646 -40.865684509
0.197794914 0.006159538 0.980224013 174.267486572 -0.057075113 0.998356164 0.005243449 -6.933235168 -0.978580356 -0.056983527 0.197821334 -40.736133575
0.208926082 0.004893810 0.977919161 174.885925293 -0.054775275 0.998476207 0.006705697 -6.943400383 -0.976396203 -0.054966789 0.208875746 -40.601596832
0.218864590 0.008434983 0.975718856 175.513549805 -0.058962084 0.998249650 0.004596094 -6.957884789 -0.973972142 -0.058536332 0.218978822 -40.447742462
0.227948174 0.015834749 0.973544478 176.108566284 -0.063836016 0.997959554 -0.001285136 -6.975166798 -0.971578360 -0.061854254 0.228493899 -40.296085358
0.235849947 0.026160963 0.971437275 176.693496704 -0.064906746 0.997829437 -0.011113353 -6.975358009 -0.969619393 -0.060431760 0.237036049 -40.123462677
0.244415820 0.031304285 0.969165087 177.271896362 -0.059441064 0.998082817 -0.017247766 -7.005679131 -0.967846811 -0.053392582 0.245807976 -39.983489990
0.251106083 0.029583685 0.967507303 177.885665894 -0.057232853 0.998237908 -0.015669167 -7.008251190 -0.966266036 -0.051438589 0.252356738 -39.831104279
0.256727040 0.021980623 0.966233969 178.618240356 -0.058509741 0.998261273 -0.007163241 -7.017077446 -0.964711249 -0.054695111 0.257566661 -39.614566803
0.261046946 0.011468781 0.965258062 179.234497070 -0.062714346 0.998018503 0.005102609 -7.029600620 -0.963286757 -0.061867550 0.261248916 -39.435195923
0.263095200 0.003342547 0.964764059 179.849548340 -0.062770322 0.997934520 0.013660263 -7.042236805 -0.962725699 -0.064152509 0.262761623 -39.263347626
0.264304668 0.002580665 0.964435697 180.465789795 -0.058913108 0.998172224 0.013474271 -7.048779488 -0.962638080 -0.060379222 0.263973624 -39.098628998
0.265007794 0.004560700 0.964235485 181.069381714 -0.055612616 0.998396516 0.010562140 -7.051268101 -0.962641180 -0.056422699 0.264836490 -38.926105499
0.266883343 0.004631385 0.963717639 181.679702759 -0.053078040 0.998541355 0.009900224 -7.043683529 -0.962265968 -0.053794462 0.266739935 -38.758903503
0.269030839 0.002490124 0.963128269 182.314193726 -0.055626359 0.998367608 0.012956895 -7.043372154 -0.961523771 -0.057061121 0.268730223 -38.585678101
0.271980792 -0.002415698 0.962299585 182.947525024 -0.054617520 0.998346210 0.017943081 -7.059870720 -0.960751414 -0.057438597 0.271398991 -38.409545898
0.275034994 -0.007068103 0.961408257 183.554809570 -0.053297024 0.998323321 0.022586454 -7.050313473 -0.959955752 -0.057452269 0.274197102 -38.240089417
0.279452294 -0.010025283 0.960107207 184.195770264 -0.050992373 0.998379469 0.025266943 -7.043904305 -0.958804548 -0.056019049 0.278488219 -38.050987244
0.285575122 -0.011434969 0.958288074 184.873474121 -0.051096879 0.998324811 0.027139867 -7.032485008 -0.956993103 -0.056716003 0.284512460 -37.835647583
0.293277591 -0.014324167 0.955920041 185.500473022 -0.049551971 0.998315990 0.030162074 -7.020206928 -0.954742253 -0.056213591 0.292073935 -37.637039185
0.303035796 -0.016120115 0.952842772 186.129943848 -0.046960216 0.998389661 0.031825587 -7.011595726 -0.951821446 -0.054390002 0.301790774 -37.433628082
0.314429730 -0.014218543 0.949174285 186.753326416 -0.048093662 0.998365104 0.030887241 -7.008732319 -0.948061645 -0.055361126 0.313231826 -37.223609924
0.325562984 -0.010740572 0.945459306 187.375350952 -0.049137525 0.998392045 0.028262096 -6.999887466 -0.944242716 -0.055658620 0.324511707 -36.992294312
0.337160498 -0.007671967 0.941415846 187.983261108 -0.050411817 0.998385012 0.026190814 -6.993145943 -0.940096557 -0.056288995 0.336229146 -36.762916565
0.349013776 -0.007240705 0.937089622 188.609588623 -0.049183808 0.998450339 0.026033061 -6.975605011 -0.935826004 -0.055175532 0.348116785 -36.526355743
0.359534085 -0.010657949 0.933071017 189.217575073 -0.047571607 0.998425126 0.029734902 -6.973729134 -0.931918621 -0.055078402 0.358460814 -36.279644012
